Lon,Lat,C_LonLatElev,B_LonLatElev,U_LonLatElev
-112.5000000000,78.5000000000,0.0466164554,0.3665903666,0.5867931780
-111.5000000000,78.5000000000,0.0515785973,0.3791657245,0.5692556782
-110.5000000000,78.5000000000,0.0577642261,0.3867690351,0.5554667388
-109.5000000000,78.5000000000,0.0633951770,0.3938337298,0.5427710933
-104.5000000000,78.5000000000,0.1012738792,0.4250360019,0.4736901189
-103.5000000000,78.5000000000,0.1106078934,0.4303218921,0.4590702145
-102.5000000000,78.5000000000,0.1192879573,0.4330634609,0.4476485819
-101.5000000000,78.5000000000,0.1270874893,0.4358311465,0.4370813641
-100.5000000000,78.5000000000,0.1321640668,0.4402486846,0.4275872487
-97.5000000000,78.5000000000,0.1501211461,0.4522726514,0.3976062026
-96.5000000000,78.5000000000,0.1510299784,0.4563413916,0.3926286300
-95.5000000000,78.5000000000,0.1559322091,0.4542090597,0.3898587312
-92.5000000000,78.5000000000,0.1628499685,0.4467260546,0.3904239769
-91.5000000000,78.5000000000,0.1875911176,0.4156506744,0.3967582080
-90.5000000000,78.5000000000,0.1937240866,0.4056884105,0.4005875029
-89.5000000000,78.5000000000,0.1772243807,0.4185493162,0.4042263030
-86.5000000000,78.5000000000,0.1562492665,0.4168692531,0.4268814804
-85.5000000000,78.5000000000,0.1550360218,0.4080991314,0.4368648469
-84.5000000000,78.5000000000,0.1517710995,0.4010756942,0.4471532064
-83.5000000000,78.5000000000,0.1505332022,0.3879331952,0.4615336026
-82.5000000000,78.5000000000,0.1322169770,0.3961068854,0.4716761376
-81.5000000000,78.5000000000,0.1339417863,0.3788757507,0.4871824630
-80.5000000000,78.5000000000,0.1428466614,0.3518133373,0.5053400013
-79.5000000000,78.5000000000,0.1525613775,0.3235155206,0.5239231018
-78.5000000000,78.5000000000,0.1227228855,0.3423837320,0.5348933825
-77.5000000000,78.5000000000,0.1067617343,0.3396882172,0.5535500486
-116.5000000000,77.5000000000,0.0419807293,0.2913653458,0.6666539248
-112.5000000000,77.5000000000,0.0474658836,0.3651888950,0.5873452214
-111.5000000000,77.5000000000,0.0523978532,0.3780243683,0.5695777785
-110.5000000000,77.5000000000,0.0579790657,0.3872954713,0.5547254630
-105.5000000000,77.5000000000,0.0951425281,0.4170763322,0.4877811397
-95.5000000000,77.5000000000,0.1562830792,0.4546762096,0.3890407112
-94.5000000000,77.5000000000,0.1603441499,0.4517449877,0.3879108624
-93.5000000000,77.5000000000,0.1621475409,0.4493232058,0.3885292533
-90.5000000000,77.5000000000,0.1642467266,0.4411132994,0.3946399740
-87.5000000000,77.5000000000,0.1512225601,0.4332629146,0.4155145253
-86.5000000000,77.5000000000,0.1567396665,0.4171951622,0.4260651714
-82.5000000000,77.5000000000,0.1373398147,0.3902026020,0.4724575833
-81.5000000000,77.5000000000,0.1230923021,0.3947919064,0.4821157915
-80.5000000000,77.5000000000,0.1369492155,0.3602580614,0.5027927231
-79.5000000000,77.5000000000,0.1250772351,0.3589514732,0.5159712917
-78.5000000000,77.5000000000,0.1107373295,0.3603580971,0.5289045734
-120.5000000000,76.5000000000,0.0405871628,0.2229073023,0.7365055349
-119.5000000000,76.5000000000,0.0418379892,0.2298329916,0.7283290191
-117.5000000000,76.5000000000,0.0441038118,0.2673969080,0.6884992801
-109.5000000000,76.5000000000,0.0651784402,0.3918722392,0.5429493205
-104.5000000000,76.5000000000,0.1034629670,0.4234644726,0.4730725604
-103.5000000000,76.5000000000,0.1129532341,0.4286795141,0.4583672517
-100.5000000000,76.5000000000,0.1371975792,0.4352173670,0.4275850539
-99.5000000000,76.5000000000,0.1429823585,0.4380284912,0.4189891503
-98.5000000000,76.5000000000,0.1506321702,0.4434677439,0.4059000859
-95.5000000000,76.5000000000,0.1621927240,0.4481309889,0.3896762871
-94.5000000000,76.5000000000,0.1705768867,0.4400295452,0.3893935680
-93.5000000000,76.5000000000,0.1644537169,0.4473648876,0.3881813955
-92.5000000000,76.5000000000,0.1714579380,0.4379982899,0.3905437721
-90.5000000000,76.5000000000,0.1646170945,0.4415690965,0.3938138090
-88.5000000000,76.5000000000,0.1567864119,0.4360106751,0.4072029129
-86.5000000000,76.5000000000,0.1540456222,0.4215236922,0.4244306855
-85.5000000000,76.5000000000,0.1612011220,0.4023757532,0.4364231248
-84.5000000000,76.5000000000,0.1494056646,0.4059772745,0.4446170609
-83.5000000000,76.5000000000,0.1496730014,0.3909259689,0.4594010297
-82.5000000000,76.5000000000,0.1571959568,0.3661861407,0.4766179025
-81.5000000000,76.5000000000,0.1325732314,0.3826608465,0.4847659221
-80.5000000000,76.5000000000,0.1249363501,0.3773200292,0.4977436207
-79.5000000000,76.5000000000,0.1339589339,0.3481409585,0.5179001076
-78.5000000000,76.5000000000,0.1146518830,0.3556339844,0.5297141326
-115.5000000000,75.5000000000,0.0446890677,0.3055397432,0.6497711890
-114.5000000000,75.5000000000,0.0480045899,0.3194639323,0.6325314778
-113.5000000000,75.5000000000,0.0500581720,0.3352315064,0.6147103215
-112.5000000000,75.5000000000,0.0525082461,0.3534869661,0.5940047878
-111.5000000000,75.5000000000,0.0543521705,0.3750098700,0.5706379595
-110.5000000000,75.5000000000,0.0601599160,0.3841068127,0.5557332712
-109.5000000000,75.5000000000,0.0660805189,0.3909015410,0.5430179402
-108.5000000000,75.5000000000,0.0736091521,0.3980695251,0.5283213228
-107.5000000000,75.5000000000,0.0837529611,0.4016424874,0.5146045515
-106.5000000000,75.5000000000,0.0915253937,0.4090629096,0.4994116967
-99.5000000000,75.5000000000,0.1429239492,0.4390527167,0.4180233341
-98.5000000000,75.5000000000,0.1499142300,0.4453321513,0.4047536187
-95.5000000000,75.5000000000,0.1602856259,0.4514312865,0.3882830876
-94.5000000000,75.5000000000,0.1688587198,0.4430216294,0.3881196508
-91.5000000000,75.5000000000,0.1727613198,0.4356774757,0.3915612045
-90.5000000000,75.5000000000,0.1772726668,0.4272170664,0.3955102668
-89.5000000000,75.5000000000,0.1726287047,0.4267192577,0.4006520376
-88.5000000000,75.5000000000,0.1647447246,0.4270396117,0.4082156637
-85.5000000000,75.5000000000,0.1600546778,0.4047160708,0.4352292514
-84.5000000000,75.5000000000,0.1581958185,0.3959435400,0.4458606415
-83.5000000000,75.5000000000,0.1734786462,0.3634929111,0.4630284427
-82.5000000000,75.5000000000,0.1736021102,0.3482206564,0.4781772333
-81.5000000000,75.5000000000,0.1446143882,0.3679716935,0.4874139183
-80.5000000000,75.5000000000,0.1334070523,0.3668276417,0.4997653059
-121.5000000000,74.5000000000,0.0444367555,0.2421948967,0.7133683478
-113.5000000000,74.5000000000,0.0477562882,0.3425641928,0.6096795190
-112.5000000000,74.5000000000,0.0515068503,0.3571773354,0.5913158143
-97.5000000000,74.5000000000,0.1562169090,0.4481113012,0.3956717898
-88.5000000000,74.5000000000,0.1596351827,0.4342838305,0.4060809868
-87.5000000000,74.5000000000,0.1688286178,0.4141980489,0.4169733332
-86.5000000000,74.5000000000,0.1594386618,0.4166496009,0.4239117373
-123.5000000000,73.5000000000,0.0488801772,0.3329114861,0.6182083366
-122.5000000000,73.5000000000,0.0487827443,0.2793447828,0.6718724729
-121.5000000000,73.5000000000,0.0454489247,0.2405711127,0.7139799627
-120.5000000000,73.5000000000,0.0430569759,0.2192593314,0.7376836927
-119.5000000000,73.5000000000,0.0436684700,0.2278453375,0.7284861925
-118.5000000000,73.5000000000,0.0462819530,0.2442945417,0.7094235053
-117.5000000000,73.5000000000,0.0466328257,0.2636393040,0.6897278703
-116.5000000000,73.5000000000,0.0457981299,0.2846116217,0.6695902484
-115.5000000000,73.5000000000,0.0452374366,0.3060125003,0.6487500631
-106.5000000000,73.5000000000,0.0944154544,0.4060843194,0.4995002262
-105.5000000000,73.5000000000,0.1026399135,0.4086223621,0.4887377244
-104.5000000000,73.5000000000,0.1078419111,0.4194654079,0.4726926810
-101.5000000000,73.5000000000,0.1326187217,0.4328714009,0.4345098775
-100.5000000000,73.5000000000,0.1431200144,0.4301145149,0.4267654707
-99.5000000000,73.5000000000,0.1457355527,0.4372157065,0.4170487408
-98.5000000000,73.5000000000,0.1555580209,0.4399321860,0.4045097931
-95.5000000000,73.5000000000,0.1698102496,0.4414793718,0.3887103785
-94.5000000000,73.5000000000,0.1781903323,0.4336360130,0.3881736547
-93.5000000000,73.5000000000,0.1817550752,0.4292960240,0.3889489008
-92.5000000000,73.5000000000,0.1827377591,0.4273550588,0.3899071821
-91.5000000000,73.5000000000,0.1802491248,0.4286109249,0.3911399502
-87.5000000000,73.5000000000,0.1668189514,0.4175415705,0.4156394781
-86.5000000000,73.5000000000,0.1666741140,0.4087563204,0.4245695656
-83.5000000000,73.5000000000,0.1509588899,0.3921777180,0.4568633921
-82.5000000000,73.5000000000,0.1449731793,0.3841533722,0.4708734484
-81.5000000000,73.5000000000,0.1339350085,0.3837644488,0.4823005427
-80.5000000000,73.5000000000,0.1423773855,0.3572171789,0.5004054356
-79.5000000000,73.5000000000,0.1372731738,0.3468027072,0.5159241190
-78.5000000000,73.5000000000,0.1173269228,0.3547829293,0.5278901479
-77.5000000000,73.5000000000,0.1131686303,0.3353216193,0.5515097504
-124.5000000000,72.5000000000,0.0511493112,0.3989238579,0.5499268309
-123.5000000000,72.5000000000,0.0509724893,0.3445615178,0.6044659929
-122.5000000000,72.5000000000,0.0507716921,0.2966439985,0.6525843094
-121.5000000000,72.5000000000,0.0487641650,0.2607619806,0.6904738544
-120.5000000000,72.5000000000,0.0476461894,0.2431316062,0.7092222044
-119.5000000000,72.5000000000,0.0473454888,0.2494392820,0.7032152291
-117.5000000000,72.5000000000,0.0481327630,0.2761894389,0.6756777980
-116.5000000000,72.5000000000,0.0481777696,0.2907338597,0.6610883707
-115.5000000000,72.5000000000,0.0471844483,0.3090087739,0.6438067778
-114.5000000000,72.5000000000,0.0467511400,0.3304992635,0.6227495966
-113.5000000000,72.5000000000,0.0496662158,0.3445300547,0.6058037295
-112.5000000000,72.5000000000,0.0537165044,0.3571160728,0.5891674228
-111.5000000000,72.5000000000,0.0570247298,0.3770383614,0.5659369089
-109.5000000000,72.5000000000,0.0745026029,0.3848626012,0.5406347959
-107.5000000000,72.5000000000,0.0883657391,0.3984583137,0.5131759473
-106.5000000000,72.5000000000,0.0975269285,0.4030375714,0.4994355001
-105.5000000000,72.5000000000,0.1041141229,0.4114328409,0.4844530363
-101.5000000000,72.5000000000,0.1375335853,0.4313278148,0.4311385999
-100.5000000000,72.5000000000,0.1438209957,0.4338971958,0.4222818084
-99.5000000000,72.5000000000,0.1487737110,0.4348746154,0.4163516736
-98.5000000000,72.5000000000,0.1556163996,0.4403820501,0.4040015503
-97.5000000000,72.5000000000,0.1609727365,0.4427299325,0.3962973311
-96.5000000000,72.5000000000,0.1675845198,0.4392596257,0.3931558546
-94.5000000000,72.5000000000,0.1792592771,0.4319381004,0.3888026225
-93.5000000000,72.5000000000,0.1733549931,0.4402601267,0.3863848802
-89.5000000000,72.5000000000,0.1723445474,0.4300783783,0.3975770743
-88.5000000000,72.5000000000,0.1682803346,0.4245666142,0.4071530511
-87.5000000000,72.5000000000,0.1695542258,0.4147676633,0.4156781109
-86.5000000000,72.5000000000,0.1634651641,0.4145760798,0.4219587561
-85.5000000000,72.5000000000,0.1554698383,0.4131172521,0.4314129096
-84.5000000000,72.5000000000,0.1576140967,0.3986585897,0.4437273136
-83.5000000000,72.5000000000,0.1524633733,0.3900599516,0.4574766751
-82.5000000000,72.5000000000,0.1527286962,0.3749089173,0.4723623865
-81.5000000000,72.5000000000,0.1422852680,0.3734645422,0.4842501898
-80.5000000000,72.5000000000,0.1265091359,0.3786938063,0.4947970578
-78.5000000000,72.5000000000,0.1130560282,0.3602981413,0.5266458305
-77.5000000000,72.5000000000,0.1158658323,0.3334487698,0.5506853979
-76.5000000000,72.5000000000,0.1135741766,0.3151957856,0.5712300377
-75.5000000000,72.5000000000,0.0971432310,0.3164239886,0.5864327804
-123.5000000000,71.5000000000,0.0570161386,0.3598313650,0.5831524964
-122.5000000000,71.5000000000,0.0573963354,0.3144748795,0.6281287851
-121.5000000000,71.5000000000,0.0532231129,0.2897291957,0.6570476914
-117.5000000000,71.5000000000,0.0511163066,0.2916603730,0.6572233204
-116.5000000000,71.5000000000,0.0512284424,0.3037237521,0.6450478056
-114.5000000000,71.5000000000,0.0516503751,0.3309801395,0.6173694854
-113.5000000000,71.5000000000,0.0559332015,0.3412242646,0.6028425339
-112.5000000000,71.5000000000,0.0574073689,0.3599401033,0.5826525278
-111.5000000000,71.5000000000,0.0637352209,0.3737546724,0.5625101067
-110.5000000000,71.5000000000,0.0717003470,0.3820631201,0.5462365329
-109.5000000000,71.5000000000,0.0776291674,0.3885566121,0.5338142205
-108.5000000000,71.5000000000,0.0824049228,0.3973568640,0.5202382132
-107.5000000000,71.5000000000,0.0908169794,0.4024113516,0.5067716690
-106.5000000000,71.5000000000,0.1003666077,0.4085122320,0.4911211603
-105.5000000000,71.5000000000,0.1099464098,0.4122788151,0.4777747751
-104.5000000000,71.5000000000,0.1163230907,0.4188192728,0.4648576365
-98.5000000000,71.5000000000,0.1595686213,0.4389557415,0.4014756371
-95.5000000000,71.5000000000,0.1766646621,0.4352955744,0.3880397635
-94.5000000000,71.5000000000,0.1792974090,0.4329870312,0.3877155598
-93.5000000000,71.5000000000,0.1769015356,0.4384502469,0.3846482175
-89.5000000000,71.5000000000,0.1759572577,0.4274811018,0.3965616405
-88.5000000000,71.5000000000,0.1741321360,0.4209619187,0.4049059452
-87.5000000000,71.5000000000,0.1672942976,0.4187480601,0.4139576423
-86.5000000000,71.5000000000,0.1657005323,0.4124720269,0.4218274408
-85.5000000000,71.5000000000,0.1550906308,0.4155874650,0.4293219042
-84.5000000000,71.5000000000,0.1515178922,0.4067366485,0.4417454593
-83.5000000000,71.5000000000,0.1480783633,0.3963559800,0.4555656567
-82.5000000000,71.5000000000,0.1465126387,0.3849586424,0.4685287189
-81.5000000000,71.5000000000,0.1404288164,0.3762813853,0.4832897984
-80.5000000000,71.5000000000,0.1349748444,0.3667855175,0.4982396381
-79.5000000000,71.5000000000,0.1362025683,0.3483799688,0.5154174630
-78.5000000000,71.5000000000,0.1277671685,0.3408852609,0.5313475706
-77.5000000000,71.5000000000,0.1242721640,0.3257616599,0.5499661762
-76.5000000000,71.5000000000,0.1160846623,0.3174205628,0.5664947748
-75.5000000000,71.5000000000,0.1046206224,0.3119175209,0.5834618567
-74.5000000000,71.5000000000,0.1074409877,0.2868572277,0.6057017846
-72.5000000000,71.5000000000,0.0836032265,0.2799791094,0.6364176641
-158.5000000000,70.5000000000,0.0238794821,0.2585896804,0.7175308376
-157.5000000000,70.5000000000,0.0240086080,0.2774951891,0.6984962028
-156.5000000000,70.5000000000,0.0239391879,0.3122212713,0.6638395408
-155.5000000000,70.5000000000,0.0237142053,0.3520835852,0.6242022095
-154.5000000000,70.5000000000,0.0235899664,0.3891836156,0.5872264179
-153.5000000000,70.5000000000,0.0233024044,0.4164277906,0.5602698050
-152.5000000000,70.5000000000,0.0231716834,0.4373220837,0.5395062328
-149.5000000000,70.5000000000,0.0227453573,0.4486489255,0.5286057172
-111.5000000000,70.5000000000,0.0662479572,0.3808426192,0.5529094236
-110.5000000000,70.5000000000,0.0749693655,0.3853727754,0.5396578591
-109.5000000000,70.5000000000,0.0809927382,0.3928343195,0.5261729423
-108.5000000000,70.5000000000,0.0900349642,0.3953547575,0.5146102783
-107.5000000000,70.5000000000,0.0984840431,0.4029821934,0.4985337635
-106.5000000000,70.5000000000,0.1086423940,0.4074780389,0.4838795671
-105.5000000000,70.5000000000,0.1165912531,0.4145587764,0.4688499705
-104.5000000000,70.5000000000,0.1238882757,0.4186961407,0.4574155835
-103.5000000000,70.5000000000,0.1315852071,0.4219071685,0.4465076244
-95.5000000000,70.5000000000,0.1834579511,0.4300763219,0.3864657270
-94.5000000000,70.5000000000,0.1896601563,0.4254144848,0.3849253590
-93.5000000000,70.5000000000,0.1962158872,0.4178151108,0.3859690020
-92.5000000000,70.5000000000,0.1836277727,0.4309626801,0.3854095473
-88.5000000000,70.5000000000,0.1729076220,0.4236995163,0.4033928617
-87.5000000000,70.5000000000,0.1689925936,0.4167611333,0.4142462731
-86.5000000000,70.5000000000,0.1689570167,0.4094793768,0.4215636065
-85.5000000000,70.5000000000,0.1670144992,0.4048020677,0.4281834331
-84.5000000000,70.5000000000,0.1582491442,0.4025353720,0.4392154839
-83.5000000000,70.5000000000,0.1524236141,0.3947344884,0.4528418975
-82.5000000000,70.5000000000,0.1462992534,0.3877421261,0.4659586205
-81.5000000000,70.5000000000,0.1368837817,0.3829110714,0.4802051469
-80.5000000000,70.5000000000,0.1307057990,0.3739966344,0.4952975666
-79.5000000000,70.5000000000,0.1220784197,0.3687823328,0.5091392475
-78.5000000000,70.5000000000,0.1214281211,0.3521097828,0.5264620962
-77.5000000000,70.5000000000,0.1189285118,0.3366006229,0.5444708652
-76.5000000000,70.5000000000,0.1149195072,0.3251061598,0.5599743330
-75.5000000000,70.5000000000,0.1108270802,0.3116587885,0.5775141312
-74.5000000000,70.5000000000,0.1064226104,0.2956954544,0.5978819352
-73.5000000000,70.5000000000,0.0979368629,0.2844697961,0.6175933410
-72.5000000000,70.5000000000,0.0927196631,0.2700564898,0.6372238471
-71.5000000000,70.5000000000,0.0990541595,0.2394012146,0.6615446259
-70.5000000000,70.5000000000,0.0766549502,0.2523089373,0.6710361125
-69.5000000000,70.5000000000,0.0702343251,0.2430214403,0.6867442347
-68.5000000000,70.5000000000,0.0640402633,0.2355714922,0.7003882446
-162.5000000000,69.5000000000,0.0240093683,0.2242764872,0.7517141445
-161.5000000000,69.5000000000,0.0251267160,0.2376802699,0.7371930142
-160.5000000000,69.5000000000,0.0262888792,0.2512848570,0.7224262638
-159.5000000000,69.5000000000,0.0259044263,0.2693218868,0.7047736869
-158.5000000000,69.5000000000,0.0260580082,0.2881197931,0.6858221987
-157.5000000000,69.5000000000,0.0261745662,0.3167661529,0.6570592810
-156.5000000000,69.5000000000,0.0256108098,0.3536058301,0.6207833602
-155.5000000000,69.5000000000,0.0253933811,0.3928717741,0.5817348449
-154.5000000000,69.5000000000,0.0248500883,0.4304263712,0.5447235405
-153.5000000000,69.5000000000,0.0248732748,0.4572879170,0.5178388082
-152.5000000000,69.5000000000,0.0253468602,0.4767214918,0.4979316480
-151.5000000000,69.5000000000,0.0246098016,0.4843404724,0.4910497260
-150.5000000000,69.5000000000,0.0244136822,0.4834274078,0.4921589100
-149.5000000000,69.5000000000,0.0250414564,0.4765496994,0.4984088443
-148.5000000000,69.5000000000,0.0264511234,0.4882009646,0.4853479119
-147.5000000000,69.5000000000,0.0296060226,0.4951140356,0.4752799417
-146.5000000000,69.5000000000,0.0335910432,0.4964702838,0.4699386730
-145.5000000000,69.5000000000,0.0414771791,0.4880371443,0.4704856766
-144.5000000000,69.5000000000,0.0375741125,0.5041230207,0.4583028668
-143.5000000000,69.5000000000,0.0352717391,0.5037457315,0.4609825294
-142.5000000000,69.5000000000,0.0350854022,0.4921703546,0.4727442431
-141.5000000000,69.5000000000,0.0315676125,0.4986642210,0.4697681665
-140.5000000000,69.5000000000,0.0306312350,0.5076700851,0.4616986799
-139.5000000000,69.5000000000,0.0295548245,0.5384188330,0.4320263425
-132.5000000000,69.5000000000,0.0383763613,0.7405481998,0.2210754388
-131.5000000000,69.5000000000,0.0385518055,0.7357463559,0.2257018387
-130.5000000000,69.5000000000,0.0394483037,0.7184689330,0.2420827633
-129.5000000000,69.5000000000,0.0406314284,0.6920010453,0.2673675263
-128.5000000000,69.5000000000,0.0416497986,0.6595843915,0.2987658099
-127.5000000000,69.5000000000,0.0452198214,0.6162743948,0.3385057838
-126.5000000000,69.5000000000,0.0506178686,0.5671012702,0.3822808612
-125.5000000000,69.5000000000,0.0521696724,0.5272031367,0.4206271909
-124.5000000000,69.5000000000,0.0563401447,0.4778624910,0.4657973643
-122.5000000000,69.5000000000,0.0676572914,0.3825337925,0.5498089161
-121.5000000000,69.5000000000,0.0697735275,0.3504487621,0.5797777105
-116.5000000000,69.5000000000,0.0617204894,0.3428938688,0.5953856418
-115.5000000000,69.5000000000,0.0624479553,0.3460995015,0.5914525432
-114.5000000000,69.5000000000,0.0634869256,0.3525497762,0.5839632982
-113.5000000000,69.5000000000,0.0659597056,0.3589143967,0.5751258978
-112.5000000000,69.5000000000,0.0703703857,0.3667829534,0.5628466609
-111.5000000000,69.5000000000,0.0752038941,0.3802705788,0.5445255270
-110.5000000000,69.5000000000,0.0816202222,0.3875392545,0.5308405234
-109.5000000000,69.5000000000,0.0887198612,0.3922466759,0.5190334629
-108.5000000000,69.5000000000,0.0968985326,0.3975274556,0.5055740118
-107.5000000000,69.5000000000,0.1053766728,0.4050942675,0.4895290597
-106.5000000000,69.5000000000,0.1135036471,0.4143640096,0.4721323433
-105.5000000000,69.5000000000,0.1231919769,0.4169240950,0.4598839281
-104.5000000000,69.5000000000,0.1304492407,0.4206459899,0.4489047693
-103.5000000000,69.5000000000,0.1396569993,0.4225465769,0.4377964238
-97.5000000000,69.5000000000,0.1762200216,0.4357332806,0.3880466978
-96.5000000000,69.5000000000,0.1793670710,0.4357162759,0.3849166532
-95.5000000000,69.5000000000,0.1825039689,0.4356522689,0.3818437621
-92.5000000000,69.5000000000,0.1903152639,0.4284462086,0.3812385274
-91.5000000000,69.5000000000,0.1846700493,0.4312493182,0.3840806326
-90.5000000000,69.5000000000,0.1818760331,0.4293419030,0.3887820639
-85.5000000000,69.5000000000,0.1611997346,0.4129411529,0.4258591125
-84.5000000000,69.5000000000,0.1659564065,0.3940400324,0.4400035611
-83.5000000000,69.5000000000,0.1550461684,0.3944571145,0.4504967171
-82.5000000000,69.5000000000,0.1432046272,0.3931223421,0.4636730307
-76.5000000000,69.5000000000,0.1073257887,0.3407591905,0.5519150208
-75.5000000000,69.5000000000,0.1036309174,0.3291935516,0.5671755311
-74.5000000000,69.5000000000,0.1031779722,0.3067682089,0.5900538189
-73.5000000000,69.5000000000,0.0981980217,0.2926484557,0.6091535226
-72.5000000000,69.5000000000,0.0901294004,0.2801282613,0.6297423383
-71.5000000000,69.5000000000,0.0856604168,0.2632282589,0.6511113243
-70.5000000000,69.5000000000,0.0751111673,0.2585155437,0.6663732890
-69.5000000000,69.5000000000,0.0774683602,0.2325515198,0.6899801199
-68.5000000000,69.5000000000,0.0735283991,0.2208080681,0.7056635328
-165.5000000000,68.5000000000,0.0219038617,0.1880264105,0.7900697278
-164.5000000000,68.5000000000,0.0226898384,0.1990949856,0.7782151760
-163.5000000000,68.5000000000,0.0256914625,0.2062398996,0.7680686379
-162.5000000000,68.5000000000,0.0279100822,0.2171998969,0.7548900209
-161.5000000000,68.5000000000,0.0284204483,0.2394685699,0.7321109818
-160.5000000000,68.5000000000,0.0314541125,0.2541708686,0.7143750189
-159.5000000000,68.5000000000,0.0304866738,0.2830930719,0.6864202543
-158.5000000000,68.5000000000,0.0315535690,0.3105758898,0.6578705412
-157.5000000000,68.5000000000,0.0321279120,0.3477293172,0.6201427709
-156.5000000000,68.5000000000,0.0290295936,0.3978304853,0.5731399211
-155.5000000000,68.5000000000,0.0288884503,0.4299493704,0.5411621793
-154.5000000000,68.5000000000,0.0288039636,0.4646841026,0.5065119338
-153.5000000000,68.5000000000,0.0295949159,0.4938425607,0.4765625234
-152.5000000000,68.5000000000,0.0306929904,0.5121960807,0.4571109289
-151.5000000000,68.5000000000,0.0315343731,0.5149763008,0.4534893262
-150.5000000000,68.5000000000,0.0316430080,0.5072106031,0.4611463889
-149.5000000000,68.5000000000,0.0304245639,0.5045129517,0.4650624844
-148.5000000000,68.5000000000,0.0377476068,0.5051011645,0.4571512287
-147.5000000000,68.5000000000,0.0444750035,0.5080090883,0.4475159082
-146.5000000000,68.5000000000,0.0440558012,0.5223743367,0.4335698620
-145.5000000000,68.5000000000,0.0479305431,0.5316554287,0.4204140282
-144.5000000000,68.5000000000,0.0482494675,0.5246898213,0.4270607112
-143.5000000000,68.5000000000,0.0458746834,0.5105937816,0.4435315350
-142.5000000000,68.5000000000,0.0387487585,0.5111120623,0.4501391792
-141.5000000000,68.5000000000,0.0356635241,0.5025967142,0.4617397617
-140.5000000000,68.5000000000,0.0332098357,0.5075000550,0.4592901093
-139.5000000000,68.5000000000,0.0347633258,0.5300634802,0.4351731940
-138.5000000000,68.5000000000,0.0378600420,0.5555297674,0.4066101907
-137.5000000000,68.5000000000,0.0374101325,0.6022032676,0.3603865999
-136.5000000000,68.5000000000,0.0362230206,0.6459039855,0.3178729939
-135.5000000000,68.5000000000,0.0349561456,0.6854982826,0.2795455717
-134.5000000000,68.5000000000,0.0352706358,0.7094279542,0.2553014099
-133.5000000000,68.5000000000,0.0361895040,0.7248631816,0.2389473144
-132.5000000000,68.5000000000,0.0376240495,0.7362694353,0.2261065152
-131.5000000000,68.5000000000,0.0387998837,0.7327682492,0.2284318672
-130.5000000000,68.5000000000,0.0383738252,0.7227103006,0.2389158742
-129.5000000000,68.5000000000,0.0391564683,0.7005991054,0.2602444263
-128.5000000000,68.5000000000,0.0405191841,0.6699653237,0.2895154922
-127.5000000000,68.5000000000,0.0439271653,0.6325979844,0.3234748503
-126.5000000000,68.5000000000,0.0482551308,0.5921639775,0.3595808918
-125.5000000000,68.5000000000,0.0548143422,0.5464668412,0.3987188166
-124.5000000000,68.5000000000,0.0615175277,0.5022802143,0.4362022581
-123.5000000000,68.5000000000,0.0684007714,0.4560803522,0.4755188764
-122.5000000000,68.5000000000,0.0736950067,0.4205868048,0.5057181885
-121.5000000000,68.5000000000,0.0811147265,0.3856394278,0.5332458457
-120.5000000000,68.5000000000,0.0819195088,0.3691123631,0.5489681281
-119.5000000000,68.5000000000,0.0812538977,0.3592859421,0.5594601602
-118.5000000000,68.5000000000,0.0761124675,0.3615085458,0.5623789866
-117.5000000000,68.5000000000,0.0735617578,0.3603268359,0.5661114063
-116.5000000000,68.5000000000,0.0719696079,0.3608835065,0.5671468856
-115.5000000000,68.5000000000,0.0705205087,0.3655432828,0.5639362085
-114.5000000000,68.5000000000,0.0710634826,0.3693986280,0.5595378894
-112.5000000000,68.5000000000,0.0755165327,0.3801980142,0.5442854530
-107.5000000000,68.5000000000,0.1138471001,0.4038998727,0.4822530273
-105.5000000000,68.5000000000,0.1330921243,0.4153605688,0.4515473070
-104.5000000000,68.5000000000,0.1406858867,0.4192824879,0.4400316254
-97.5000000000,68.5000000000,0.1837257002,0.4333516015,0.3829226983
-96.5000000000,68.5000000000,0.1872799664,0.4322029784,0.3805170552
-93.5000000000,68.5000000000,0.1903722880,0.4352782197,0.3743494923
-92.5000000000,68.5000000000,0.1944042027,0.4281591424,0.3774366548
-91.5000000000,68.5000000000,0.1974699866,0.4206451403,0.3818848731
-89.5000000000,68.5000000000,0.1842058316,0.4215618563,0.3942323121
-88.5000000000,68.5000000000,0.1833544141,0.4154084341,0.4012371517
-85.5000000000,68.5000000000,0.1720167754,0.4014702545,0.4265129701
-84.5000000000,68.5000000000,0.1692416803,0.3933734142,0.4373849055
-83.5000000000,68.5000000000,0.1605357174,0.3910515133,0.4484127693
-73.5000000000,68.5000000000,0.0927817081,0.3052998907,0.6019184012
-72.5000000000,68.5000000000,0.0888240379,0.2854999819,0.6256759802
-71.5000000000,68.5000000000,0.0836680497,0.2693100454,0.6470219049
-70.5000000000,68.5000000000,0.0798422908,0.2539588554,0.6661988537
-69.5000000000,68.5000000000,0.0753016665,0.2387524764,0.6859458571
-68.5000000000,68.5000000000,0.0641942119,0.2359053078,0.6999004802
-163.5000000000,67.5000000000,0.0233449129,0.2185130032,0.7581420839
-162.5000000000,67.5000000000,0.0239395292,0.2401231787,0.7359372921
-161.5000000000,67.5000000000,0.0278718173,0.2517450677,0.7203831150
-160.5000000000,67.5000000000,0.0287327046,0.2819047246,0.6893625708
-159.5000000000,67.5000000000,0.0295925317,0.3138670446,0.6565404237
-158.5000000000,67.5000000000,0.0312567653,0.3536635543,0.6150796804
-157.5000000000,67.5000000000,0.0325085654,0.3955242434,0.5719671912
-156.5000000000,67.5000000000,0.0337979804,0.4264555255,0.5397464941
-155.5000000000,67.5000000000,0.0347727458,0.4517785117,0.5134487425
-154.5000000000,67.5000000000,0.0360313243,0.4859731428,0.4779955329
-153.5000000000,67.5000000000,0.0337597380,0.5362767411,0.4299635209
-152.5000000000,67.5000000000,0.0366987446,0.5552891956,0.4080120599
-151.5000000000,67.5000000000,0.0356618235,0.5673771916,0.3969609849
-150.5000000000,67.5000000000,0.0340044084,0.5704740485,0.3955215431
-149.5000000000,67.5000000000,0.0347299263,0.5719077674,0.3933623063
-148.5000000000,67.5000000000,0.0360884682,0.5962712446,0.3676402872
-147.5000000000,67.5000000000,0.0423869596,0.6042923115,0.3533207289
-146.5000000000,67.5000000000,0.0437030401,0.6113539657,0.3449429942
-145.5000000000,67.5000000000,0.0464245534,0.6044666769,0.3491087697
-144.5000000000,67.5000000000,0.0447250015,0.5883910911,0.3668839074
-143.5000000000,67.5000000000,0.0418340647,0.5658854208,0.3922805146
-142.5000000000,67.5000000000,0.0385166346,0.5529767494,0.4085066160
-141.5000000000,67.5000000000,0.0364320732,0.5372318805,0.4263360463
-140.5000000000,67.5000000000,0.0357395023,0.5349335861,0.4293269115
-139.5000000000,67.5000000000,0.0356116412,0.5569154415,0.4074729174
-138.5000000000,67.5000000000,0.0369859577,0.5836694523,0.3793445900
-137.5000000000,67.5000000000,0.0399427547,0.6116390314,0.3484182139
-136.5000000000,67.5000000000,0.0441354344,0.6315208452,0.3243437204
-135.5000000000,67.5000000000,0.0384848062,0.6804009127,0.2811142811
-134.5000000000,67.5000000000,0.0350567824,0.7118328899,0.2531103276
-133.5000000000,67.5000000000,0.0356830438,0.7271931466,0.2371238095
-132.5000000000,67.5000000000,0.0373274609,0.7349202517,0.2277522874
-131.5000000000,67.5000000000,0.0354986444,0.7393556239,0.2251457318
-130.5000000000,67.5000000000,0.0366127841,0.7265923428,0.2367948731
-129.5000000000,67.5000000000,0.0365802095,0.7102533950,0.2531663956
-128.5000000000,67.5000000000,0.0390776370,0.6791942818,0.2817280812
-127.5000000000,67.5000000000,0.0427231754,0.6467659708,0.3105108537
-126.5000000000,67.5000000000,0.0488315584,0.6116411311,0.3395273105
-125.5000000000,67.5000000000,0.0556199886,0.5736265617,0.3707534497
-124.5000000000,67.5000000000,0.0637766242,0.5345957839,0.4016275919
-123.5000000000,67.5000000000,0.0712242000,0.4966593216,0.4321164784
-122.5000000000,67.5000000000,0.0783257643,0.4630461494,0.4586280863
-121.5000000000,67.5000000000,0.0853772042,0.4355555527,0.4790672431
-120.5000000000,67.5000000000,0.0873414398,0.4184723965,0.4941861637
-119.5000000000,67.5000000000,0.0882112900,0.4034985223,0.5082901878
-118.5000000000,67.5000000000,0.0884708243,0.3909945572,0.5205346185
-117.5000000000,67.5000000000,0.0845818195,0.3870658553,0.5283523251
-116.5000000000,67.5000000000,0.0840597354,0.3820547122,0.5338855524
-115.5000000000,67.5000000000,0.0825989787,0.3793303421,0.5380706792
-114.5000000000,67.5000000000,0.0856168887,0.3743106516,0.5400724597
-113.5000000000,67.5000000000,0.0873888302,0.3734760878,0.5391350821
-112.5000000000,67.5000000000,0.0914300427,0.3753441076,0.5332258497
-111.5000000000,67.5000000000,0.0961999448,0.3823786273,0.5214214279
-110.5000000000,67.5000000000,0.1031778645,0.3868669428,0.5099551927
-109.5000000000,67.5000000000,0.1100836722,0.3908029955,0.4991133323
-107.5000000000,67.5000000000,0.1269865059,0.4024826760,0.4705308182
-106.5000000000,67.5000000000,0.1385511581,0.4064992871,0.4549495548
-105.5000000000,67.5000000000,0.1462959980,0.4096775985,0.4440264035
-104.5000000000,67.5000000000,0.1531601819,0.4144635201,0.4323762980
-103.5000000000,67.5000000000,0.1611680818,0.4173841772,0.4214477409
-102.5000000000,67.5000000000,0.1677129077,0.4196309792,0.4126561131
-101.5000000000,67.5000000000,0.1729075976,0.4214518391,0.4056405633
-100.5000000000,67.5000000000,0.1799435622,0.4235651504,0.3964912874
-99.5000000000,67.5000000000,0.1866315193,0.4262766901,0.3870917907
-98.5000000000,67.5000000000,0.1904824604,0.4292341959,0.3802833436
-97.5000000000,67.5000000000,0.1953143731,0.4289583224,0.3757273046
-96.5000000000,67.5000000000,0.1959376248,0.4320405004,0.3720218748
-94.5000000000,67.5000000000,0.2073546485,0.4239874675,0.3686578840
-93.5000000000,67.5000000000,0.2046243412,0.4261380942,0.3692375647
-92.5000000000,67.5000000000,0.2096449288,0.4165588666,0.3737962046
-91.5000000000,67.5000000000,0.2002428361,0.4205678725,0.3791892914
-90.5000000000,67.5000000000,0.2025676095,0.4110081403,0.3864242502
-89.5000000000,67.5000000000,0.1938866305,0.4112865778,0.3948267917
-88.5000000000,67.5000000000,0.1951126541,0.4038025549,0.4010847910
-85.5000000000,67.5000000000,0.1816527791,0.3946251015,0.4237221194
-84.5000000000,67.5000000000,0.1742875191,0.3910485669,0.4346639140
-83.5000000000,67.5000000000,0.1644586866,0.3892947196,0.4462465938
-82.5000000000,67.5000000000,0.1557956523,0.3858771489,0.4583271988
-81.5000000000,67.5000000000,0.1450135666,0.3838955635,0.4710908698
-76.5000000000,67.5000000000,0.1131107655,0.3437011443,0.5431880902
-75.5000000000,67.5000000000,0.1062260299,0.3353979758,0.5583759943
-71.5000000000,67.5000000000,0.0814767977,0.2771872533,0.6413359490
-70.5000000000,67.5000000000,0.0774498792,0.2594399173,0.6631102035
-69.5000000000,67.5000000000,0.0754237772,0.2413713139,0.6832049089
-68.5000000000,67.5000000000,0.0726994044,0.2244040267,0.7028965690
-67.5000000000,67.5000000000,0.0726700976,0.2061080585,0.7212218440
-66.5000000000,67.5000000000,0.0756641467,0.1875455433,0.7367903099
-65.5000000000,67.5000000000,0.0692619085,0.1853979804,0.7453401110
-64.5000000000,67.5000000000,0.0588008641,0.1933331712,0.7478659647
-164.5000000000,66.5000000000,0.0212207922,0.2043402759,0.7744389319
-160.5000000000,66.5000000000,0.0259177586,0.3017035148,0.6723787266
-159.5000000000,66.5000000000,0.0271517017,0.3417341906,0.6311141077
-158.5000000000,66.5000000000,0.0286304782,0.3918481495,0.5795213723
-157.5000000000,66.5000000000,0.0304848867,0.4404361533,0.5290789600
-156.5000000000,66.5000000000,0.0313933706,0.4736324820,0.4949741474
-155.5000000000,66.5000000000,0.0289860944,0.5192181999,0.4517957056
-154.5000000000,66.5000000000,0.0305898874,0.5519507126,0.4174594001
-153.5000000000,66.5000000000,0.0313501574,0.5883675230,0.3802823195
-152.5000000000,66.5000000000,0.0320486304,0.6132595643,0.3546918053
-151.5000000000,66.5000000000,0.0332749450,0.6208745657,0.3458504893
-150.5000000000,66.5000000000,0.0368407082,0.6195114530,0.3436478387
-149.5000000000,66.5000000000,0.0375433373,0.6314774922,0.3309791705
-148.5000000000,66.5000000000,0.0375121482,0.6588957580,0.3035920938
-147.5000000000,66.5000000000,0.0413246203,0.6751877020,0.2834876777
-146.5000000000,66.5000000000,0.0441775269,0.6742900026,0.2815324705
-145.5000000000,66.5000000000,0.0459592762,0.6649773398,0.2890633840
-144.5000000000,66.5000000000,0.0442660234,0.6311804023,0.3245535742
-143.5000000000,66.5000000000,0.0422267190,0.5954623919,0.3623108891
-142.5000000000,66.5000000000,0.0397179544,0.5785397408,0.3817423048
-141.5000000000,66.5000000000,0.0405082865,0.5613638665,0.3981278470
-140.5000000000,66.5000000000,0.0406965232,0.5605607456,0.3987427313
-139.5000000000,66.5000000000,0.0404933878,0.5775619344,0.3819446778
-138.5000000000,66.5000000000,0.0389587209,0.6058153147,0.3552259644
-137.5000000000,66.5000000000,0.0396347927,0.6293522609,0.3310129464
-136.5000000000,66.5000000000,0.0419956950,0.6483442603,0.3096600448
-135.5000000000,66.5000000000,0.0406883216,0.6794891333,0.2798225451
-134.5000000000,66.5000000000,0.0390964202,0.6990342585,0.2618693213
-133.5000000000,66.5000000000,0.0353497590,0.7245996264,0.2400506146
-132.5000000000,66.5000000000,0.0355043081,0.7371585028,0.2273371891
-131.5000000000,66.5000000000,0.0347041351,0.7408796307,0.2244162343
-130.5000000000,66.5000000000,0.0336410099,0.7362514153,0.2301075747
-129.5000000000,66.5000000000,0.0341501414,0.7205205172,0.2453293414
-128.5000000000,66.5000000000,0.0363444349,0.6934494843,0.2702060808
-127.5000000000,66.5000000000,0.0400836258,0.6677092480,0.2922071262
-126.5000000000,66.5000000000,0.0477929645,0.6366979626,0.3155090729
-125.5000000000,66.5000000000,0.0585933469,0.5985786446,0.3428280086
-124.5000000000,66.5000000000,0.0683844467,0.5652989545,0.3663165987
-123.5000000000,66.5000000000,0.0772727260,0.5326831369,0.3900441371
-122.5000000000,66.5000000000,0.0826955016,0.5095204556,0.4077840428
-121.5000000000,66.5000000000,0.0890437497,0.4853860910,0.4255701593
-120.5000000000,66.5000000000,0.0933347318,0.4658852670,0.4407800012
-119.5000000000,66.5000000000,0.0979599281,0.4411392335,0.4609008384
-118.5000000000,66.5000000000,0.0979792486,0.4252969592,0.4767237922
-117.5000000000,66.5000000000,0.0940803427,0.4171732844,0.4887463730
-116.5000000000,66.5000000000,0.0979759938,0.3985520762,0.5034719300
-115.5000000000,66.5000000000,0.1000644605,0.3860670923,0.5138684472
-114.5000000000,66.5000000000,0.0999832737,0.3811282855,0.5188884408
-113.5000000000,66.5000000000,0.1010180876,0.3797552637,0.5192266487
-112.5000000000,66.5000000000,0.1067897900,0.3757008660,0.5175093440
-111.5000000000,66.5000000000,0.1139543903,0.3767786725,0.5092669372
-110.5000000000,66.5000000000,0.1197404163,0.3820124418,0.4982471419
-109.5000000000,66.5000000000,0.1264712730,0.3864849279,0.4870437991
-108.5000000000,66.5000000000,0.1405774693,0.3837207074,0.4757018233
-107.5000000000,66.5000000000,0.1392615559,0.4024305877,0.4583078564
-106.5000000000,66.5000000000,0.1552002032,0.3981719303,0.4466278665
-105.5000000000,66.5000000000,0.1640980558,0.4009525911,0.4349493530
-104.5000000000,66.5000000000,0.1693865203,0.4075703624,0.4230431174
-103.5000000000,66.5000000000,0.1768654713,0.4103943851,0.4127401436
-102.5000000000,66.5000000000,0.1830522755,0.4130040641,0.4039436604
-101.5000000000,66.5000000000,0.1895852290,0.4133163575,0.3970984135
-100.5000000000,66.5000000000,0.1963774208,0.4137220595,0.3899005197
-99.5000000000,66.5000000000,0.2010199179,0.4175089470,0.3814711351
-98.5000000000,66.5000000000,0.2064626109,0.4205855247,0.3729518644
-97.5000000000,66.5000000000,0.2104240265,0.4212578576,0.3683181158
-96.5000000000,66.5000000000,0.2113224635,0.4237209294,0.3649566070
-95.5000000000,66.5000000000,0.2109114707,0.4244439700,0.3646445593
-94.5000000000,66.5000000000,0.2214071388,0.4148009949,0.3637918663
-93.5000000000,66.5000000000,0.2186150508,0.4162659932,0.3651189560
-92.5000000000,66.5000000000,0.2154533267,0.4130409488,0.3715057246
-91.5000000000,66.5000000000,0.2075641552,0.4157527074,0.3766831374
-90.5000000000,66.5000000000,0.2134402838,0.4036441348,0.3829155814
-89.5000000000,66.5000000000,0.2006957806,0.4086495328,0.3906546866
-88.5000000000,66.5000000000,0.2014886161,0.4018810724,0.3966303115
-87.5000000000,66.5000000000,0.1907881875,0.4069182027,0.4022936098
-84.5000000000,66.5000000000,0.1732945811,0.3971249954,0.4295804235
-83.5000000000,66.5000000000,0.1648227357,0.3953348052,0.4398424591
-73.5000000000,66.5000000000,0.0955179699,0.3115908074,0.5928912227
-72.5000000000,66.5000000000,0.0893078557,0.2952212221,0.6154709222
-71.5000000000,66.5000000000,0.0831698745,0.2796263564,0.6372037691
-70.5000000000,66.5000000000,0.0772279426,0.2641580093,0.6586140481
-69.5000000000,66.5000000000,0.0724259459,0.2492667449,0.6783073093
-68.5000000000,66.5000000000,0.0696842376,0.2337041847,0.6966115776
-67.5000000000,66.5000000000,0.0648312405,0.2230074966,0.7121612628
-66.5000000000,66.5000000000,0.0650693610,0.2061220400,0.7288085990
-65.5000000000,66.5000000000,0.0577848901,0.2026025345,0.7396125754
-64.5000000000,66.5000000000,0.0670024906,0.1801880989,0.7528094105
-63.5000000000,66.5000000000,0.0640359971,0.1790802608,0.7568837421
-62.5000000000,66.5000000000,0.0633333589,0.1802121120,0.7564545290
-167.5000000000,65.5000000000,0.0192843357,0.1644954005,0.8162202638
-166.5000000000,65.5000000000,0.0196112557,0.1752730800,0.8051156643
-165.5000000000,65.5000000000,0.0210559696,0.1822135353,0.7967304952
-164.5000000000,65.5000000000,0.0216282820,0.1969318095,0.7814399085
-163.5000000000,65.5000000000,0.0228108662,0.2141587709,0.7630303629
-162.5000000000,65.5000000000,0.0233955206,0.2375417952,0.7390626842
-161.5000000000,65.5000000000,0.0257995217,0.2595597272,0.7146407510
-160.5000000000,65.5000000000,0.0270739220,0.2954045298,0.6775215482
-159.5000000000,65.5000000000,0.0280986208,0.3397579768,0.6321434024
-158.5000000000,65.5000000000,0.0295988300,0.3890742474,0.5813269226
-157.5000000000,65.5000000000,0.0290879935,0.4490081724,0.5219038341
-156.5000000000,65.5000000000,0.0293624905,0.4944285429,0.4762089665
-155.5000000000,65.5000000000,0.0305747007,0.5335162180,0.4359090813
-154.5000000000,65.5000000000,0.0330538980,0.5691956480,0.3977504539
-153.5000000000,65.5000000000,0.0353760479,0.6008411348,0.3637828172
-152.5000000000,65.5000000000,0.0371281271,0.6244178098,0.3384540632
-151.5000000000,65.5000000000,0.0368692412,0.6416674943,0.3214632645
-150.5000000000,65.5000000000,0.0354496734,0.6622976528,0.3022526738
-149.5000000000,65.5000000000,0.0383565384,0.6691241565,0.2925193051
