Lon,Lat,C_LonLatElev,B_LonLatElev,U_LonLatElev
-115.5000000000,75.5000000000,0.0352703664,0.1471751920,0.8175544416
-114.5000000000,75.5000000000,0.0421579070,0.1663000121,0.7915420809
-113.5000000000,75.5000000000,0.0479578468,0.1877609907,0.7642811625
-112.5000000000,75.5000000000,0.0511835361,0.2034261615,0.7453903024
-111.5000000000,75.5000000000,0.0519957293,0.2173828929,0.7306213778
-110.5000000000,75.5000000000,0.0563076602,0.2360138391,0.7076785007
-109.5000000000,75.5000000000,0.0585710501,0.2451373736,0.6962915763
-108.5000000000,75.5000000000,0.0621952253,0.2616646713,0.6761401035
-107.5000000000,75.5000000000,0.0663214245,0.2810463488,0.6526322267
-106.5000000000,75.5000000000,0.0654040199,0.2883093780,0.6462866021
-99.5000000000,75.5000000000,0.0779988506,0.2942123513,0.6277887982
-98.5000000000,75.5000000000,0.0812072199,0.3043923277,0.6144004524
-95.5000000000,75.5000000000,0.0859364733,0.3697875746,0.5442759521
-94.5000000000,75.5000000000,0.0914383532,0.4196270443,0.4889346025
-91.5000000000,75.5000000000,0.0900541718,0.6317457868,0.2782000414
-90.5000000000,75.5000000000,0.0851200487,0.7044844630,0.2103954883
-89.5000000000,75.5000000000,0.0744944938,0.7656095340,0.1598959722
-88.5000000000,75.5000000000,0.0623696087,0.8212140381,0.1164163532
-85.5000000000,75.5000000000,0.0330177378,0.9278072562,0.0391750061
-84.5000000000,75.5000000000,0.0259468949,0.9458442312,0.0282088739
-83.5000000000,75.5000000000,0.0229750074,0.9565735428,0.0204514498
-82.5000000000,75.5000000000,0.0205948441,0.9612650158,0.0181401401
-81.5000000000,75.5000000000,0.0192413252,0.9564597808,0.0242988940
-80.5000000000,75.5000000000,0.0208732945,0.9434162890,0.0357104164
-121.5000000000,74.5000000000,0.0410913854,0.4330062933,0.5259023213
-113.5000000000,74.5000000000,0.0478334419,0.1897415681,0.7624249900
-112.5000000000,74.5000000000,0.0523919114,0.2069113742,0.7406967144
-97.5000000000,74.5000000000,0.0837337004,0.3138260850,0.6024402147
-88.5000000000,74.5000000000,0.0634179522,0.8131305143,0.1234515335
-87.5000000000,74.5000000000,0.0563920116,0.8589795123,0.0846284761
-86.5000000000,74.5000000000,0.0443039402,0.8936735434,0.0620225164
-123.5000000000,73.5000000000,0.0492683230,0.8281630131,0.1225686639
-122.5000000000,73.5000000000,0.0509723350,0.7258151841,0.2232124808
-121.5000000000,73.5000000000,0.0482358360,0.5007235080,0.4510406560
-120.5000000000,73.5000000000,0.0368650653,0.2683466023,0.6947883324
-119.5000000000,73.5000000000,0.0344708061,0.1968751867,0.7686540072
-118.5000000000,73.5000000000,0.0359805820,0.1689176444,0.7951017736
-117.5000000000,73.5000000000,0.0375003339,0.1584406469,0.8040590193
-116.5000000000,73.5000000000,0.0403580064,0.1619726626,0.7976693310
-115.5000000000,73.5000000000,0.0446162600,0.1722458846,0.7831378554
-106.5000000000,73.5000000000,0.0705783799,0.2869462248,0.6424753953
-105.5000000000,73.5000000000,0.0702298979,0.2876391893,0.6421309128
-104.5000000000,73.5000000000,0.0693684569,0.2862597216,0.6443718215
-101.5000000000,73.5000000000,0.0744910847,0.2750801892,0.6504287261
-100.5000000000,73.5000000000,0.0789504266,0.2754480065,0.6456015669
-99.5000000000,73.5000000000,0.0809080687,0.2823963657,0.6366955656
-98.5000000000,73.5000000000,0.0856388564,0.2944467717,0.6199143718
-95.5000000000,73.5000000000,0.0936267303,0.3533312741,0.5530419956
-94.5000000000,73.5000000000,0.1000143382,0.4058647106,0.4941209512
-93.5000000000,73.5000000000,0.1047651169,0.4710082219,0.4242266612
-92.5000000000,73.5000000000,0.1054979200,0.5435707982,0.3509312818
-91.5000000000,73.5000000000,0.1007805031,0.6149578348,0.2842616621
-87.5000000000,73.5000000000,0.0609154402,0.8442640577,0.0948205021
-86.5000000000,73.5000000000,0.0511261205,0.8794058689,0.0694680105
-83.5000000000,73.5000000000,0.0287740614,0.9345653420,0.0366605967
-82.5000000000,73.5000000000,0.0262674898,0.9383645007,0.0353680095
-81.5000000000,73.5000000000,0.0254008531,0.9338190094,0.0407801376
-80.5000000000,73.5000000000,0.0290182339,0.9207614836,0.0502202825
-79.5000000000,73.5000000000,0.0321358315,0.8980312748,0.0698328937
-78.5000000000,73.5000000000,0.0327344543,0.8632377266,0.1040278190
-77.5000000000,73.5000000000,0.0363327229,0.8163976048,0.1472696722
-124.5000000000,72.5000000000,0.0555989594,0.8777904026,0.0666106379
-123.5000000000,72.5000000000,0.0515835027,0.8662789731,0.0821375242
-122.5000000000,72.5000000000,0.0538017253,0.8122317476,0.1339665270
-121.5000000000,72.5000000000,0.0589764237,0.6248277492,0.3161958271
-120.5000000000,72.5000000000,0.0539675333,0.3791034975,0.5669289692
-119.5000000000,72.5000000000,0.0509519371,0.2706688438,0.6783792191
-117.5000000000,72.5000000000,0.0507122114,0.1983667343,0.7509210543
-116.5000000000,72.5000000000,0.0539766502,0.1948331825,0.7511901672
-115.5000000000,72.5000000000,0.0564168594,0.1999820603,0.7436010803
-114.5000000000,72.5000000000,0.0586093298,0.2081642834,0.7332263868
-113.5000000000,72.5000000000,0.0625168006,0.2222303714,0.7152528280
-112.5000000000,72.5000000000,0.0670515413,0.2414842463,0.6914642124
-111.5000000000,72.5000000000,0.0660826812,0.2497364303,0.6841808886
-109.5000000000,72.5000000000,0.0729855363,0.2764446728,0.6505697909
-107.5000000000,72.5000000000,0.0732308816,0.2910823817,0.6356867367
-106.5000000000,72.5000000000,0.0741448025,0.2942128083,0.6316423891
-105.5000000000,72.5000000000,0.0734645894,0.2958464103,0.6306890003
-101.5000000000,72.5000000000,0.0784003571,0.2713100208,0.6502896221
-100.5000000000,72.5000000000,0.0807354163,0.2701435109,0.6491210729
-99.5000000000,72.5000000000,0.0848797765,0.2796889431,0.6354312804
-98.5000000000,72.5000000000,0.0871426675,0.2864153805,0.6264419521
-97.5000000000,72.5000000000,0.0900260691,0.3008748570,0.6090990739
-96.5000000000,72.5000000000,0.0952000738,0.3240053082,0.5807946180
-94.5000000000,72.5000000000,0.1046468778,0.4021010447,0.4932520776
-93.5000000000,72.5000000000,0.1039525142,0.4600939113,0.4359535745
-89.5000000000,72.5000000000,0.0886590865,0.7231848089,0.1881561046
-88.5000000000,72.5000000000,0.0790486633,0.7765572294,0.1443941073
-87.5000000000,72.5000000000,0.0694802065,0.8216465442,0.1088732494
-86.5000000000,72.5000000000,0.0579592152,0.8568669265,0.0851738583
-85.5000000000,72.5000000000,0.0478785828,0.8843351511,0.0677862661
-84.5000000000,72.5000000000,0.0417596588,0.9030151381,0.0552252030
-83.5000000000,72.5000000000,0.0368299937,0.9128349687,0.0503350377
-82.5000000000,72.5000000000,0.0350059572,0.9158715972,0.0491224456
-81.5000000000,72.5000000000,0.0333140029,0.9112721654,0.0554138316
-80.5000000000,72.5000000000,0.0320311990,0.8977076644,0.0702611366
-78.5000000000,72.5000000000,0.0362427235,0.8377471985,0.1260100780
-77.5000000000,72.5000000000,0.0409369740,0.7899572103,0.1691058157
-76.5000000000,72.5000000000,0.0435734989,0.7265042028,0.2299222984
-75.5000000000,72.5000000000,0.0402956014,0.6404569359,0.3192474627
-123.5000000000,71.5000000000,0.0607280822,0.8786145335,0.0606573843
-122.5000000000,71.5000000000,0.0600089137,0.8614631444,0.0785279419
-121.5000000000,71.5000000000,0.0700287420,0.7111877309,0.2187835270
-117.5000000000,71.5000000000,0.0716159339,0.2463795691,0.6820044970
-116.5000000000,71.5000000000,0.0736104399,0.2350554493,0.6913341108
-114.5000000000,71.5000000000,0.0789497823,0.2444465131,0.6766037046
-113.5000000000,71.5000000000,0.0826397119,0.2567388741,0.6606214140
-112.5000000000,71.5000000000,0.0813693725,0.2678401610,0.6507904666
-111.5000000000,71.5000000000,0.0819477580,0.2775338435,0.6405183986
-110.5000000000,71.5000000000,0.0823214866,0.2881839149,0.6294945985
-109.5000000000,71.5000000000,0.0799540479,0.2922336694,0.6278122827
-108.5000000000,71.5000000000,0.0771748082,0.2971111113,0.6257140804
-107.5000000000,71.5000000000,0.0770142340,0.3011207879,0.6218649781
-106.5000000000,71.5000000000,0.0783982462,0.3060203509,0.6155814029
-105.5000000000,71.5000000000,0.0804952770,0.3075829532,0.6119217698
-104.5000000000,71.5000000000,0.0792138898,0.3003948922,0.6203912180
-98.5000000000,71.5000000000,0.0929940438,0.2833490604,0.6236568959
-95.5000000000,71.5000000000,0.1062700876,0.3529274868,0.5408024256
-94.5000000000,71.5000000000,0.1111997933,0.3971299761,0.4916702305
-93.5000000000,71.5000000000,0.1118204714,0.4496031817,0.4385763469
-89.5000000000,71.5000000000,0.0993797645,0.6939207201,0.2066995154
-88.5000000000,71.5000000000,0.0913081795,0.7457400206,0.1629517999
-87.5000000000,71.5000000000,0.0793527830,0.7907482947,0.1298989223
-86.5000000000,71.5000000000,0.0686497545,0.8265547950,0.1047954504
-85.5000000000,71.5000000000,0.0577150449,0.8547058264,0.0875791287
-84.5000000000,71.5000000000,0.0502473553,0.8746650339,0.0750876108
-83.5000000000,71.5000000000,0.0451786443,0.8846116847,0.0702096710
-82.5000000000,71.5000000000,0.0430238672,0.8871369911,0.0698391417
-81.5000000000,71.5000000000,0.0415970356,0.8805824927,0.0778204717
-80.5000000000,71.5000000000,0.0417108624,0.8670803460,0.0912087916
-79.5000000000,71.5000000000,0.0444727534,0.8444638233,0.1110634233
-78.5000000000,71.5000000000,0.0459546905,0.8096037056,0.1444416039
-77.5000000000,71.5000000000,0.0479727342,0.7601194873,0.1919077785
-76.5000000000,71.5000000000,0.0475032116,0.6957245805,0.2567722078
-75.5000000000,71.5000000000,0.0447126342,0.6177556237,0.3375317421
-74.5000000000,71.5000000000,0.0461539901,0.5407795335,0.4130664764
-72.5000000000,71.5000000000,0.0326485509,0.3618614319,0.6054900172
-158.5000000000,70.5000000000,0.0299481687,0.1661973747,0.8038544566
-157.5000000000,70.5000000000,0.0323376601,0.1850501089,0.7826122310
-156.5000000000,70.5000000000,0.0393566660,0.2459489198,0.7146944141
-155.5000000000,70.5000000000,0.0461609079,0.3072743500,0.6465647421
-154.5000000000,70.5000000000,0.0515823455,0.3594807449,0.5889369097
-153.5000000000,70.5000000000,0.0537104591,0.3853272056,0.5609623352
-152.5000000000,70.5000000000,0.0547201353,0.3903771173,0.5549027474
-149.5000000000,70.5000000000,0.0565658899,0.3442838744,0.5991502356
-111.5000000000,70.5000000000,0.0966862490,0.3078247441,0.5954890069
-110.5000000000,70.5000000000,0.0954849070,0.3110734019,0.5934416911
-109.5000000000,70.5000000000,0.0885435516,0.3089297748,0.6025266736
-108.5000000000,70.5000000000,0.0877305925,0.3151867813,0.5970826262
-107.5000000000,70.5000000000,0.0860643870,0.3174774250,0.5964581880
-106.5000000000,70.5000000000,0.0860372106,0.3177043628,0.5962584266
-105.5000000000,70.5000000000,0.0855808395,0.3179136975,0.5965054630
-104.5000000000,70.5000000000,0.0859636467,0.3080438731,0.6059924802
-103.5000000000,70.5000000000,0.0860639961,0.2940452845,0.6198907195
-95.5000000000,70.5000000000,0.1194947423,0.3533292658,0.5271759919
-94.5000000000,70.5000000000,0.1268494324,0.3948340291,0.4783165385
-93.5000000000,70.5000000000,0.1326074545,0.4436289960,0.4237635495
-92.5000000000,70.5000000000,0.1262302327,0.4949102206,0.3788595467
-88.5000000000,70.5000000000,0.1027743399,0.7103422541,0.1868834060
-87.5000000000,70.5000000000,0.0931579678,0.7540478261,0.1527942061
-86.5000000000,70.5000000000,0.0835631274,0.7890267282,0.1274101444
-85.5000000000,70.5000000000,0.0738032655,0.8175775031,0.1086192314
-84.5000000000,70.5000000000,0.0640660666,0.8353103529,0.1006235805
-83.5000000000,70.5000000000,0.0577443957,0.8465669805,0.0956886237
-82.5000000000,70.5000000000,0.0538933392,0.8503256102,0.0957810506
-81.5000000000,70.5000000000,0.0508732657,0.8435297053,0.1055970290
-80.5000000000,70.5000000000,0.0494627414,0.8288459645,0.1216912941
-79.5000000000,70.5000000000,0.0477014799,0.8014177803,0.1508807398
-78.5000000000,70.5000000000,0.0495288311,0.7650874529,0.1853837160
-77.5000000000,70.5000000000,0.0506526975,0.7185315806,0.2308157219
-76.5000000000,70.5000000000,0.0511195819,0.6560435256,0.2928368925
-75.5000000000,70.5000000000,0.0500757047,0.5884920736,0.3614322217
-74.5000000000,70.5000000000,0.0475225444,0.5132018259,0.4392756297
-73.5000000000,70.5000000000,0.0413205105,0.4314351699,0.5272443196
-72.5000000000,70.5000000000,0.0374658479,0.3559112673,0.6066228848
-71.5000000000,70.5000000000,0.0382905392,0.2994261819,0.6622832789
-70.5000000000,70.5000000000,0.0260200095,0.2252618942,0.7487180963
-69.5000000000,70.5000000000,0.0217922122,0.1817915548,0.7964162330
-68.5000000000,70.5000000000,0.0187962113,0.1518478265,0.8293559622
-162.5000000000,69.5000000000,0.0288625749,0.1608721551,0.8102652700
-161.5000000000,69.5000000000,0.0311632110,0.1722321281,0.7966046609
-160.5000000000,69.5000000000,0.0340424305,0.1879513834,0.7780061861
-159.5000000000,69.5000000000,0.0362066295,0.2060898642,0.7577035064
-158.5000000000,69.5000000000,0.0392199910,0.2313989500,0.7293810590
-157.5000000000,69.5000000000,0.0442325709,0.2719063158,0.6838611133
-156.5000000000,69.5000000000,0.0515529778,0.3449673540,0.6034796682
-155.5000000000,69.5000000000,0.0593749544,0.4147333472,0.5258916984
-154.5000000000,69.5000000000,0.0644033197,0.4663668470,0.4692298333
-153.5000000000,69.5000000000,0.0672539432,0.4910653910,0.4416806658
-152.5000000000,69.5000000000,0.0685951344,0.4922472974,0.4391575682
-151.5000000000,69.5000000000,0.0661803591,0.4674498582,0.4663697827
-150.5000000000,69.5000000000,0.0656485306,0.4313398831,0.5030115863
-149.5000000000,69.5000000000,0.0685039902,0.4018705674,0.5296254425
-148.5000000000,69.5000000000,0.0776998551,0.4024768455,0.5198232993
-147.5000000000,69.5000000000,0.0938884832,0.4182833831,0.4878281337
-146.5000000000,69.5000000000,0.1133045518,0.4317181650,0.4549772833
-145.5000000000,69.5000000000,0.1447760886,0.4575414098,0.3976825017
-144.5000000000,69.5000000000,0.1467933703,0.4747043712,0.3785022585
-143.5000000000,69.5000000000,0.1461976296,0.4847966432,0.3690057272
-142.5000000000,69.5000000000,0.1473939355,0.4844342924,0.3681717720
-141.5000000000,69.5000000000,0.1311394653,0.4607830662,0.4080774684
-140.5000000000,69.5000000000,0.1201334182,0.4409128778,0.4389537039
-139.5000000000,69.5000000000,0.1068086259,0.4295397603,0.4636516138
-132.5000000000,69.5000000000,0.1811118127,0.6010378221,0.2178503652
-131.5000000000,69.5000000000,0.1857088170,0.6210225958,0.1932685873
-130.5000000000,69.5000000000,0.1819164858,0.6482686445,0.1698148697
-129.5000000000,69.5000000000,0.1760586876,0.6787036471,0.1452376653
-128.5000000000,69.5000000000,0.1670822605,0.7072171525,0.1257005870
-127.5000000000,69.5000000000,0.1581812835,0.7333846259,0.1084340906
-126.5000000000,69.5000000000,0.1482669088,0.7616138016,0.0901192896
-125.5000000000,69.5000000000,0.1303220877,0.7849624274,0.0847154849
-124.5000000000,69.5000000000,0.1201959015,0.7925570472,0.0872470513
-122.5000000000,69.5000000000,0.1253290567,0.7239912608,0.1506796825
-121.5000000000,69.5000000000,0.1328818069,0.6027375581,0.2643806349
-116.5000000000,69.5000000000,0.1433188821,0.3283768455,0.5283042723
-115.5000000000,69.5000000000,0.1463294585,0.3235262913,0.5301442502
-114.5000000000,69.5000000000,0.1432767199,0.3215096027,0.5352136775
-113.5000000000,69.5000000000,0.1383600604,0.3248138337,0.5368261059
-112.5000000000,69.5000000000,0.1318754052,0.3316359998,0.5364885951
-111.5000000000,69.5000000000,0.1205358422,0.3356260267,0.5438381311
-110.5000000000,69.5000000000,0.1125053397,0.3366138555,0.5508808048
-109.5000000000,69.5000000000,0.1040009652,0.3340483040,0.5619507308
-108.5000000000,69.5000000000,0.0985863871,0.3348365889,0.5665770240
-107.5000000000,69.5000000000,0.0944189295,0.3362076865,0.5693733840
-106.5000000000,69.5000000000,0.0911160462,0.3306565724,0.5782273814
-105.5000000000,69.5000000000,0.0922754259,0.3294895173,0.5782350568
-104.5000000000,69.5000000000,0.0925470217,0.3151963518,0.5922566265
-103.5000000000,69.5000000000,0.0920183520,0.2955758586,0.6124057894
-97.5000000000,69.5000000000,0.1184594443,0.2935968215,0.5879437342
-96.5000000000,69.5000000000,0.1238904991,0.3188763666,0.5572331343
-95.5000000000,69.5000000000,0.1296400864,0.3484693157,0.5218905978
-92.5000000000,69.5000000000,0.1428286925,0.4818685409,0.3753027667
-91.5000000000,69.5000000000,0.1399551384,0.5274227334,0.3326221282
-90.5000000000,69.5000000000,0.1348682757,0.5768640150,0.2882677093
-85.5000000000,69.5000000000,0.0863976081,0.7736120474,0.1399903446
-84.5000000000,69.5000000000,0.0822851008,0.7913486773,0.1263662219
-83.5000000000,69.5000000000,0.0724436421,0.8035045957,0.1240517622
-82.5000000000,69.5000000000,0.0647515333,0.8053368308,0.1299116359
-76.5000000000,69.5000000000,0.0512562240,0.6091480584,0.3395957177
-75.5000000000,69.5000000000,0.0494011022,0.5483163724,0.4022825254
-74.5000000000,69.5000000000,0.0485978167,0.4849799078,0.4664222755
-73.5000000000,69.5000000000,0.0432488535,0.4125715159,0.5441796306
-72.5000000000,69.5000000000,0.0376654037,0.3421133861,0.6202212102
-71.5000000000,69.5000000000,0.0328399177,0.2797839796,0.6873761028
-70.5000000000,69.5000000000,0.0259610247,0.2212057407,0.7528332346
-69.5000000000,69.5000000000,0.0259219325,0.1922698623,0.7818082052
-68.5000000000,69.5000000000,0.0244999635,0.1695868899,0.8059131467
-165.5000000000,68.5000000000,0.0265703731,0.1459569052,0.8274727217
-164.5000000000,68.5000000000,0.0281733709,0.1564530959,0.8153735331
-163.5000000000,68.5000000000,0.0328125083,0.1734031320,0.7937843596
-162.5000000000,68.5000000000,0.0374449899,0.1915426511,0.7710123590
-161.5000000000,68.5000000000,0.0388243733,0.2102324250,0.7509432018
-160.5000000000,68.5000000000,0.0452433551,0.2384790764,0.7162775685
-159.5000000000,68.5000000000,0.0481371436,0.2688065241,0.6830563322
-158.5000000000,68.5000000000,0.0550600374,0.3200311686,0.6249087940
-157.5000000000,68.5000000000,0.0640010390,0.3908939755,0.5451049855
-156.5000000000,68.5000000000,0.0679207469,0.4764572532,0.4556219999
-155.5000000000,68.5000000000,0.0761918385,0.5365884033,0.3872197583
-154.5000000000,68.5000000000,0.0828606499,0.5829435531,0.3341957970
-153.5000000000,68.5000000000,0.0877786556,0.6054747230,0.3067466214
-152.5000000000,68.5000000000,0.0894623433,0.6046212429,0.3059164139
-151.5000000000,68.5000000000,0.0904301290,0.5774267330,0.3321431381
-150.5000000000,68.5000000000,0.0905606468,0.5297422877,0.3796970655
-149.5000000000,68.5000000000,0.0899422075,0.4792813868,0.4307764057
-148.5000000000,68.5000000000,0.1195759882,0.4976248322,0.3827991796
-147.5000000000,68.5000000000,0.1486764213,0.5076577219,0.3436658567
-146.5000000000,68.5000000000,0.1553181494,0.4963070436,0.3483748070
-145.5000000000,68.5000000000,0.1783714137,0.5124100861,0.3092185002
-144.5000000000,68.5000000000,0.1922481513,0.5279532765,0.2797985723
-143.5000000000,68.5000000000,0.1966507235,0.5356207502,0.2677285262
-142.5000000000,68.5000000000,0.1776552444,0.5335695377,0.2887752179
-141.5000000000,68.5000000000,0.1625621350,0.5024189980,0.3350188670
-140.5000000000,68.5000000000,0.1441458238,0.4625653247,0.3932888514
-139.5000000000,68.5000000000,0.1334596687,0.4530969173,0.4134434140
-138.5000000000,68.5000000000,0.1300134250,0.4562033482,0.4137832267
-137.5000000000,68.5000000000,0.1335009833,0.4816241655,0.3848748512
-136.5000000000,68.5000000000,0.1396698071,0.5123620926,0.3479681003
-135.5000000000,68.5000000000,0.1498757445,0.5399485061,0.3101757494
-134.5000000000,68.5000000000,0.1716602500,0.5605055081,0.2678342418
-133.5000000000,68.5000000000,0.1964924569,0.5693060783,0.2342014648
-132.5000000000,68.5000000000,0.2168232793,0.5782048108,0.2049719099
-131.5000000000,68.5000000000,0.2258500023,0.5878269945,0.1863230032
-130.5000000000,68.5000000000,0.2193817629,0.6063695974,0.1742486397
-129.5000000000,68.5000000000,0.2130321391,0.6302503328,0.1567175280
-128.5000000000,68.5000000000,0.2081451087,0.6496917378,0.1421631535
-127.5000000000,68.5000000000,0.2011301770,0.6740072013,0.1248626218
-126.5000000000,68.5000000000,0.1907211284,0.6993752252,0.1099036464
-125.5000000000,68.5000000000,0.1826539073,0.7155111787,0.1018349140
-124.5000000000,68.5000000000,0.1745400440,0.7206224746,0.1048374814
-123.5000000000,68.5000000000,0.1727813534,0.7039989370,0.1232197095
-122.5000000000,68.5000000000,0.1756868649,0.6545563236,0.1697568114
-121.5000000000,68.5000000000,0.1890541017,0.5722399716,0.2387059267
-120.5000000000,68.5000000000,0.1954304144,0.5036396500,0.3009299355
-119.5000000000,68.5000000000,0.2010337202,0.4473337787,0.3516325012
-118.5000000000,68.5000000000,0.2007867895,0.4062897717,0.3929234388
-117.5000000000,68.5000000000,0.2051744843,0.3797508150,0.4150747007
-116.5000000000,68.5000000000,0.2069084006,0.3669716370,0.4261199625
-115.5000000000,68.5000000000,0.2053144286,0.3619314440,0.4327541274
-114.5000000000,68.5000000000,0.1940025219,0.3585739596,0.4474235186
-112.5000000000,68.5000000000,0.1617029730,0.3615680419,0.4767289851
-107.5000000000,68.5000000000,0.1030750423,0.3535647267,0.5433602310
-105.5000000000,68.5000000000,0.0986153772,0.3360642712,0.5653203516
-104.5000000000,68.5000000000,0.0992044822,0.3207312022,0.5800643156
-97.5000000000,68.5000000000,0.1344608760,0.2902178027,0.5753213213
-96.5000000000,68.5000000000,0.1401930393,0.3126016134,0.5472053473
-93.5000000000,68.5000000000,0.1568611396,0.4167041582,0.4264347022
-92.5000000000,68.5000000000,0.1614910309,0.4643377077,0.3741712614
-91.5000000000,68.5000000000,0.1646211374,0.5048914428,0.3304874198
-89.5000000000,68.5000000000,0.1467101171,0.5919178391,0.2613720439
-88.5000000000,68.5000000000,0.1382780216,0.6333632324,0.2283587460
-85.5000000000,68.5000000000,0.1082110670,0.7266803667,0.1651085664
-84.5000000000,68.5000000000,0.1003330717,0.7424065183,0.1572604100
-83.5000000000,68.5000000000,0.0903429622,0.7528757898,0.1567812480
-73.5000000000,68.5000000000,0.0426197645,0.3937784613,0.5636017742
-72.5000000000,68.5000000000,0.0379946527,0.3317544785,0.6302508688
-71.5000000000,68.5000000000,0.0338874980,0.2785545979,0.6875579041
-70.5000000000,68.5000000000,0.0298667331,0.2322053103,0.7379279566
-69.5000000000,68.5000000000,0.0275119051,0.2009952858,0.7714928091
-68.5000000000,68.5000000000,0.0232772746,0.1753673432,0.8013553822
-163.5000000000,67.5000000000,0.0316324901,0.1872340104,0.7811334995
-162.5000000000,67.5000000000,0.0335257689,0.2039208521,0.7625533790
-161.5000000000,67.5000000000,0.0413557999,0.2390721419,0.7195720581
-160.5000000000,67.5000000000,0.0460016092,0.2790907369,0.6749076539
-159.5000000000,67.5000000000,0.0533664523,0.3303816734,0.6162518743
-158.5000000000,67.5000000000,0.0614604834,0.3961707752,0.5423687414
-157.5000000000,67.5000000000,0.0723725276,0.4782517654,0.4493757070
-156.5000000000,67.5000000000,0.0866243889,0.5667937509,0.3465818602
-155.5000000000,67.5000000000,0.0975009140,0.6264108885,0.2760881975
-154.5000000000,67.5000000000,0.1084247067,0.6655892720,0.2259860213
-153.5000000000,67.5000000000,0.1060742944,0.6823060845,0.2116196211
-152.5000000000,67.5000000000,0.1119964858,0.6827534643,0.2052500500
-151.5000000000,67.5000000000,0.1098405528,0.6610460111,0.2291134361
-150.5000000000,67.5000000000,0.1081915658,0.6284914410,0.2633169932
-149.5000000000,67.5000000000,0.1154846369,0.6004225312,0.2840928319
-148.5000000000,67.5000000000,0.1335160823,0.5966416595,0.2698422581
-147.5000000000,67.5000000000,0.1667320778,0.5944814360,0.2387864863
-146.5000000000,67.5000000000,0.1726154160,0.5794048977,0.2479796864
-145.5000000000,67.5000000000,0.1868770525,0.5750263763,0.2380965712
-144.5000000000,67.5000000000,0.1974563658,0.5777323754,0.2248112588
-143.5000000000,67.5000000000,0.2023024358,0.5813537105,0.2163438537
-142.5000000000,67.5000000000,0.1944130116,0.5815779736,0.2240090148
-141.5000000000,67.5000000000,0.1807780659,0.5464886372,0.2727332969
-140.5000000000,67.5000000000,0.1675890911,0.5093912383,0.3230196706
-139.5000000000,67.5000000000,0.1523389960,0.4884294508,0.3592315532
-138.5000000000,67.5000000000,0.1481864844,0.4880225221,0.3637909935
-137.5000000000,67.5000000000,0.1576479998,0.5083527932,0.3339992070
-136.5000000000,67.5000000000,0.1759453691,0.5298436222,0.2942110087
-135.5000000000,67.5000000000,0.1748324696,0.5502819157,0.2748856147
-134.5000000000,67.5000000000,0.1901642995,0.5575329330,0.2523027676
-133.5000000000,67.5000000000,0.2249307866,0.5538776308,0.2211915825
-132.5000000000,67.5000000000,0.2561839774,0.5475011273,0.1963148954
-131.5000000000,67.5000000000,0.2544968834,0.5516022198,0.1939008968
-130.5000000000,67.5000000000,0.2564290083,0.5617432462,0.1818277455
-129.5000000000,67.5000000000,0.2488950921,0.5754752786,0.1756296293
-128.5000000000,67.5000000000,0.2499154909,0.5881163353,0.1619681739
-127.5000000000,67.5000000000,0.2494560769,0.6074778823,0.1430660408
-126.5000000000,67.5000000000,0.2466717862,0.6257171721,0.1276110417
-125.5000000000,67.5000000000,0.2374532093,0.6429987131,0.1195480776
-124.5000000000,67.5000000000,0.2298801046,0.6478944255,0.1222254699
-123.5000000000,67.5000000000,0.2255435540,0.6349012408,0.1395552052
-122.5000000000,67.5000000000,0.2285408165,0.5988775998,0.1725815837
-121.5000000000,67.5000000000,0.2401354444,0.5465603102,0.2133042454
-120.5000000000,67.5000000000,0.2497767340,0.4985220740,0.2517011920
-119.5000000000,67.5000000000,0.2620563839,0.4580971413,0.2798464748
-118.5000000000,67.5000000000,0.2783245201,0.4246476662,0.2970278137
-117.5000000000,67.5000000000,0.2841951841,0.4005381432,0.3152666727
-116.5000000000,67.5000000000,0.2891788202,0.3886743479,0.3221468319
-115.5000000000,67.5000000000,0.2835040661,0.3840405041,0.3324554298
-114.5000000000,67.5000000000,0.2732867562,0.3823496614,0.3443635824
-113.5000000000,67.5000000000,0.2472135684,0.3835460438,0.3692403878
-112.5000000000,67.5000000000,0.2159658681,0.3863515228,0.3976826091
-111.5000000000,67.5000000000,0.1839144660,0.3886518857,0.4274336483
-110.5000000000,67.5000000000,0.1598036740,0.3867593576,0.4534369685
-109.5000000000,67.5000000000,0.1401488593,0.3840011826,0.4758499581
-107.5000000000,67.5000000000,0.1162113268,0.3686357242,0.5151529490
-106.5000000000,67.5000000000,0.1114886415,0.3545132261,0.5339981324
-105.5000000000,67.5000000000,0.1081150171,0.3411188631,0.5507661198
-104.5000000000,67.5000000000,0.1071146933,0.3219072108,0.5709780960
-103.5000000000,67.5000000000,0.1088064693,0.2924546806,0.5987388501
-102.5000000000,67.5000000000,0.1109841747,0.2644834686,0.6245323566
-101.5000000000,67.5000000000,0.1145955648,0.2467120659,0.6386923694
-100.5000000000,67.5000000000,0.1234344647,0.2420171782,0.6345483571
-99.5000000000,67.5000000000,0.1352184755,0.2489297613,0.6158517632
-98.5000000000,67.5000000000,0.1459280275,0.2645482741,0.5895236984
-97.5000000000,67.5000000000,0.1569306661,0.2862266860,0.5568426480
-96.5000000000,67.5000000000,0.1631899409,0.3085641836,0.5282458755
-94.5000000000,67.5000000000,0.1816482338,0.3670609177,0.4512908485
-93.5000000000,67.5000000000,0.1855886858,0.4023577570,0.4120535572
-92.5000000000,67.5000000000,0.1925999581,0.4436186500,0.3637813919
-91.5000000000,67.5000000000,0.1865730824,0.4841852716,0.3292416459
-90.5000000000,67.5000000000,0.1841960217,0.5207104117,0.2950935666
-89.5000000000,67.5000000000,0.1724797679,0.5589189471,0.2686012850
-88.5000000000,67.5000000000,0.1634621228,0.5947929114,0.2417449658
-85.5000000000,67.5000000000,0.1284775188,0.6789780780,0.1925444032
-84.5000000000,67.5000000000,0.1188675508,0.6939414165,0.1871910328
-83.5000000000,67.5000000000,0.1082885392,0.7029537169,0.1887577440
-82.5000000000,67.5000000000,0.0998665236,0.7031994201,0.1969340563
-81.5000000000,67.5000000000,0.0899576029,0.6966154826,0.2134269145
-76.5000000000,67.5000000000,0.0611571523,0.5349519223,0.4038909255
-75.5000000000,67.5000000000,0.0566677039,0.4886564509,0.4546758452
-71.5000000000,67.5000000000,0.0353405109,0.2827188847,0.6819406045
-70.5000000000,67.5000000000,0.0320464160,0.2450775850,0.7228759990
-69.5000000000,67.5000000000,0.0310392571,0.2194866374,0.7494741055
-68.5000000000,67.5000000000,0.0306654825,0.2030248265,0.7663096910
-67.5000000000,67.5000000000,0.0341156920,0.2023430789,0.7635412291
-66.5000000000,67.5000000000,0.0415421527,0.2130261164,0.7454317309
-65.5000000000,67.5000000000,0.0431324890,0.2178324424,0.7390350687
-64.5000000000,67.5000000000,0.0408604926,0.2179987434,0.7411407640
-164.5000000000,66.5000000000,0.0299815321,0.1811846845,0.7888337834
-160.5000000000,66.5000000000,0.0449937812,0.3107189588,0.6442872600
-159.5000000000,66.5000000000,0.0528949446,0.3738393992,0.5732656562
-158.5000000000,66.5000000000,0.0613247791,0.4467300555,0.4919451655
-157.5000000000,66.5000000000,0.0744572927,0.5326859243,0.3928567830
-156.5000000000,66.5000000000,0.0912064582,0.6207531268,0.2880404150
-155.5000000000,66.5000000000,0.0956837366,0.6688629508,0.2354533127
-154.5000000000,66.5000000000,0.1051883279,0.6988110530,0.1960006191
-153.5000000000,66.5000000000,0.1108917508,0.7096235785,0.1794846707
-152.5000000000,66.5000000000,0.1148099736,0.7100408685,0.1751491580
-151.5000000000,66.5000000000,0.1189332686,0.6984097385,0.1826569928
-150.5000000000,66.5000000000,0.1245762217,0.6870419989,0.1883817795
-149.5000000000,66.5000000000,0.1301277130,0.6774711966,0.1924010904
-148.5000000000,66.5000000000,0.1433160854,0.6693910036,0.1872929111
-147.5000000000,66.5000000000,0.1682582267,0.6639627316,0.1677790417
-146.5000000000,66.5000000000,0.1810423736,0.6384786784,0.1804789479
-145.5000000000,66.5000000000,0.1915547237,0.6218054205,0.1866398558
-144.5000000000,66.5000000000,0.2093859462,0.6076192371,0.1829948167
-143.5000000000,66.5000000000,0.2215920582,0.5966828271,0.1817251147
-142.5000000000,66.5000000000,0.2153097514,0.5883776394,0.1963126093
-141.5000000000,66.5000000000,0.2117164594,0.5618522019,0.2264313387
-140.5000000000,66.5000000000,0.2014837272,0.5377555747,0.2607606980
-139.5000000000,66.5000000000,0.1886883128,0.5201295824,0.2911821048
-138.5000000000,66.5000000000,0.1774041598,0.5184695134,0.3041263268
-137.5000000000,66.5000000000,0.1792923384,0.5306937344,0.2900139273
-136.5000000000,66.5000000000,0.1910979367,0.5413934910,0.2675085723
-135.5000000000,66.5000000000,0.2000928792,0.5557977288,0.2441093920
-134.5000000000,66.5000000000,0.2229510796,0.5515364731,0.2255124474
-133.5000000000,66.5000000000,0.2435440832,0.5378588811,0.2185970357
-132.5000000000,66.5000000000,0.2700618450,0.5254142890,0.2045238660
-131.5000000000,66.5000000000,0.2777540988,0.5203111221,0.2019347791
-130.5000000000,66.5000000000,0.2754007517,0.5230725969,0.2015266514
-129.5000000000,66.5000000000,0.2742662497,0.5275607688,0.1981729814
-128.5000000000,66.5000000000,0.2786457387,0.5339456233,0.1874086379
-127.5000000000,66.5000000000,0.2853934972,0.5425277264,0.1720787764
-126.5000000000,66.5000000000,0.2974520878,0.5568304883,0.1457174239
-125.5000000000,66.5000000000,0.2972329399,0.5703692764,0.1323977837
-124.5000000000,66.5000000000,0.2889347164,0.5775156246,0.1335496590
-123.5000000000,66.5000000000,0.2841160759,0.5693324112,0.1465515130
-122.5000000000,66.5000000000,0.2846899704,0.5470816890,0.1682283407
-121.5000000000,66.5000000000,0.2939118878,0.5166843020,0.1894038102
-120.5000000000,66.5000000000,0.3075067028,0.4849394825,0.2075538147
-119.5000000000,66.5000000000,0.3359842002,0.4502147120,0.2138010879
-118.5000000000,66.5000000000,0.3539924713,0.4264476535,0.2195598752
-117.5000000000,66.5000000000,0.3636583145,0.4074542928,0.2288873927
-116.5000000000,66.5000000000,0.3810512900,0.3910377839,0.2279109261
-115.5000000000,66.5000000000,0.3815059218,0.3821978618,0.2362962165
-114.5000000000,66.5000000000,0.3578036287,0.3868406750,0.2553556963
-113.5000000000,66.5000000000,0.3168968895,0.3958716725,0.2872314380
-112.5000000000,66.5000000000,0.2731585975,0.4031190604,0.3237223421
-111.5000000000,66.5000000000,0.2301466184,0.4065551112,0.3632982704
-110.5000000000,66.5000000000,0.1917143428,0.4078837944,0.4004018628
-109.5000000000,66.5000000000,0.1641817716,0.4035017364,0.4323164920
-108.5000000000,66.5000000000,0.1513615788,0.3922307999,0.4564076213
-107.5000000000,66.5000000000,0.1276648847,0.3741341842,0.4982009311
-106.5000000000,66.5000000000,0.1252772839,0.3615803548,0.5131423612
-105.5000000000,66.5000000000,0.1199800671,0.3422640230,0.5377559100
-104.5000000000,66.5000000000,0.1186284078,0.3210004847,0.5603711075
-103.5000000000,66.5000000000,0.1198473458,0.2830467611,0.5971058931
-102.5000000000,66.5000000000,0.1228762817,0.2511816726,0.6259420457
-101.5000000000,66.5000000000,0.1301401784,0.2321793573,0.6376804643
-100.5000000000,66.5000000000,0.1414139155,0.2280637734,0.6305223111
-99.5000000000,66.5000000000,0.1540545902,0.2368086345,0.6091367753
-98.5000000000,66.5000000000,0.1699914586,0.2539180680,0.5760904734
-97.5000000000,66.5000000000,0.1833553399,0.2765700674,0.5400745927
-96.5000000000,66.5000000000,0.1932126003,0.3002860514,0.5065013483
-95.5000000000,66.5000000000,0.2016836046,0.3251929668,0.4731234286
-94.5000000000,66.5000000000,0.2135255193,0.3551029118,0.4313715689
-93.5000000000,66.5000000000,0.2184481484,0.3893473475,0.3922045041
-92.5000000000,66.5000000000,0.2191408588,0.4206889690,0.3601701722
-91.5000000000,66.5000000000,0.2120136357,0.4519447068,0.3360416575
-90.5000000000,66.5000000000,0.2117325730,0.4879095063,0.3003579207
-89.5000000000,66.5000000000,0.1976734479,0.5248404458,0.2774861062
-88.5000000000,66.5000000000,0.1883890575,0.5575564611,0.2540544814
-87.5000000000,66.5000000000,0.1696125617,0.5861222665,0.2442651717
-84.5000000000,66.5000000000,0.1373205740,0.6450299645,0.2176494614
-83.5000000000,66.5000000000,0.1258938524,0.6532305925,0.2208755551
-73.5000000000,66.5000000000,0.0502573087,0.3817928346,0.5679498566
-72.5000000000,66.5000000000,0.0458545930,0.3414163531,0.6127290539
-71.5000000000,66.5000000000,0.0401638016,0.2986405737,0.6611956248
-70.5000000000,66.5000000000,0.0360284026,0.2650197274,0.6989518700
-69.5000000000,66.5000000000,0.0336146842,0.2413254493,0.7250598664
-68.5000000000,66.5000000000,0.0338121188,0.2279735437,0.7382143376
-67.5000000000,66.5000000000,0.0342025527,0.2229874488,0.7428099985
-66.5000000000,66.5000000000,0.0392366375,0.2314456697,0.7293176929
-65.5000000000,66.5000000000,0.0400653609,0.2345421687,0.7253924704
-64.5000000000,66.5000000000,0.0544800772,0.2579086185,0.6876113044
-63.5000000000,66.5000000000,0.0605906847,0.2753982557,0.6640110596
-62.5000000000,66.5000000000,0.0676965241,0.2955993453,0.6367041307
-167.5000000000,65.5000000000,0.0265397668,0.1403866568,0.8330735764
-166.5000000000,65.5000000000,0.0280935012,0.1553484520,0.8165580468
-165.5000000000,65.5000000000,0.0314835675,0.1780783987,0.7904380338
-164.5000000000,65.5000000000,0.0334623436,0.1969830924,0.7695545640
-163.5000000000,65.5000000000,0.0365984375,0.2242421408,0.7391594217
-162.5000000000,65.5000000000,0.0388983080,0.2543390448,0.7067626472
-161.5000000000,65.5000000000,0.0451831547,0.2962247435,0.6585921018
-160.5000000000,65.5000000000,0.0500298747,0.3438409325,0.6061291928
-159.5000000000,65.5000000000,0.0582298704,0.4125839004,0.5291862291
-158.5000000000,65.5000000000,0.0681848410,0.4865724143,0.4452427447
-157.5000000000,65.5000000000,0.0764836224,0.5585043293,0.3650120483
-156.5000000000,65.5000000000,0.0896476176,0.6305990008,0.2797533816
-155.5000000000,65.5000000000,0.1036827403,0.6795878069,0.2167294528
-154.5000000000,65.5000000000,0.1171482978,0.7062131320,0.1766385702
-153.5000000000,65.5000000000,0.1290983326,0.7156032400,0.1552984273
-152.5000000000,65.5000000000,0.1371230379,0.7188856242,0.1439913378
-151.5000000000,65.5000000000,0.1342763971,0.7188620425,0.1468615605
-150.5000000000,65.5000000000,0.1230181499,0.7218323010,0.1551495491
-149.5000000000,65.5000000000,0.1284384275,0.7148582196,0.1567033529
-148.5000000000,65.5000000000,0.1456261193,0.6982307750,0.1561431056
-147.5000000000,65.5000000000,0.1783914127,0.6764260194,0.1451825679
-146.5000000000,65.5000000000,0.2225833987,0.6389973334,0.1384192679
-145.5000000000,65.5000000000,0.2441161344,0.6131442898,0.1427395758
-144.5000000000,65.5000000000,0.2350642843,0.6075007258,0.1574349898
-143.5000000000,65.5000000000,0.2566524223,0.5865047056,0.1568428720
-142.5000000000,65.5000000000,0.2526006474,0.5709655226,0.1764338300
-141.5000000000,65.5000000000,0.2440512105,0.5506239094,0.2053248800
-140.5000000000,65.5000000000,0.2453798272,0.5326592884,0.2219608845
-139.5000000000,65.5000000000,0.2415531609,0.5214290214,0.2370178177
-138.5000000000,65.5000000000,0.2217042436,0.5271327675,0.2511629888
-137.5000000000,65.5000000000,0.2303265589,0.5321937281,0.2374797130
-136.5000000000,65.5000000000,0.2309368623,0.5330568600,0.2360062776
-135.5000000000,65.5000000000,0.2302531658,0.5351711034,0.2345757308
-134.5000000000,65.5000000000,0.2707401356,0.5228123608,0.2064475037
-133.5000000000,65.5000000000,0.2855120206,0.5115556432,0.2029323362
-132.5000000000,65.5000000000,0.3266950768,0.4895189883,0.1837859349
-131.5000000000,65.5000000000,0.3248479867,0.4840433214,0.1911086920
-130.5000000000,65.5000000000,0.3134076680,0.4815080101,0.2050843218
-129.5000000000,65.5000000000,0.2975076705,0.4835509684,0.2189413612
-128.5000000000,65.5000000000,0.2910417076,0.4847307558,0.2242275365
-127.5000000000,65.5000000000,0.3138989087,0.4819393386,0.2041617526
-126.5000000000,65.5000000000,0.3434300556,0.4960642643,0.1605056801
-125.5000000000,65.5000000000,0.3415916054,0.5103279268,0.1480804679
-124.5000000000,65.5000000000,0.3326918812,0.5207664172,0.1465417016
-123.5000000000,65.5000000000,0.3345386892,0.5134990306,0.1519622802
-122.5000000000,65.5000000000,0.3414600386,0.4991756168,0.1593643446
-121.5000000000,65.5000000000,0.3565968071,0.4796415657,0.1637616271
-120.5000000000,65.5000000000,0.3887126830,0.4519610908,0.1593262262
-119.5000000000,65.5000000000,0.4086444950,0.4294571780,0.1618983270
-118.5000000000,65.5000000000,0.4259424696,0.4123994238,0.1616581067
-117.5000000000,65.5000000000,0.4498463200,0.3910756836,0.1590779964
-116.5000000000,65.5000000000,0.4608680734,0.3787644826,0.1603674441
-115.5000000000,65.5000000000,0.4604407976,0.3720415558,0.1675176467
-114.5000000000,65.5000000000,0.4351469532,0.3787455996,0.1861074472
-113.5000000000,65.5000000000,0.3871450533,0.3927317566,0.2201231901
-112.5000000000,65.5000000000,0.3238501359,0.4100893944,0.2660604697
-111.5000000000,65.5000000000,0.2673242774,0.4166329691,0.3160427535
-110.5000000000,65.5000000000,0.2166587927,0.4181016846,0.3652395227
-109.5000000000,65.5000000000,0.1872069977,0.4123172785,0.4004757237
-108.5000000000,65.5000000000,0.1677739984,0.3956969170,0.4365290845
-107.5000000000,65.5000000000,0.1511377348,0.3777136231,0.4711486421
-106.5000000000,65.5000000000,0.1420792696,0.3605945935,0.4973261369
-105.5000000000,65.5000000000,0.1357808253,0.3362658990,0.5279532757
-104.5000000000,65.5000000000,0.1335905039,0.3053408771,0.5610686191
-103.5000000000,65.5000000000,0.1328861175,0.2666074470,0.6005064355
-102.5000000000,65.5000000000,0.1358091318,0.2315405781,0.6326502901
-101.5000000000,65.5000000000,0.1442101630,0.2134928578,0.6422969792
-100.5000000000,65.5000000000,0.1597255824,0.2118801593,0.6283942583
-99.5000000000,65.5000000000,0.1799357877,0.2241589720,0.5959052403
-98.5000000000,65.5000000000,0.1983640479,0.2448346400,0.5568013121
-97.5000000000,65.5000000000,0.2177572726,0.2702748423,0.5119678850
-96.5000000000,65.5000000000,0.2293176107,0.2926119119,0.4780704775
-95.5000000000,65.5000000000,0.2360901009,0.3169545378,0.4469553613
-94.5000000000,65.5000000000,0.2447574181,0.3435814604,0.4116611215
-93.5000000000,65.5000000000,0.2429688034,0.3704499456,0.3865812509
-92.5000000000,65.5000000000,0.2468331873,0.3968692005,0.3562976122
-91.5000000000,65.5000000000,0.2447161257,0.4265625351,0.3287213393
-90.5000000000,65.5000000000,0.2343217030,0.4588374517,0.3068408453
-89.5000000000,65.5000000000,0.2257017019,0.4888209134,0.2854773847
-87.5000000000,65.5000000000,0.1951165705,0.5450248721,0.2598585574
-85.5000000000,65.5000000000,0.1679341532,0.5840399779,0.2480258689
-73.5000000000,65.5000000000,0.0558027552,0.3811723403,0.5630249045
-72.5000000000,65.5000000000,0.0519480046,0.3494166665,0.5986353289
-71.5000000000,65.5000000000,0.0464086761,0.3177387686,0.6358525554
-70.5000000000,65.5000000000,0.0444866489,0.2961899533,0.6593233978
