Lon,Lat,C_LonLatElev,B_LonLatElev,U_LonLatElev
-112.5000000000,78.5000000000,0.0500093826,0.2618444734,0.6881461440
-111.5000000000,78.5000000000,0.0487447436,0.2750954369,0.6761598195
-110.5000000000,78.5000000000,0.0480502006,0.2906854776,0.6612643217
-109.5000000000,78.5000000000,0.0467577877,0.3060848206,0.6471573917
-104.5000000000,78.5000000000,0.0430635255,0.3696598604,0.5872766141
-103.5000000000,78.5000000000,0.0436843313,0.3790437223,0.5772719464
-102.5000000000,78.5000000000,0.0446263148,0.3902522052,0.5651214800
-101.5000000000,78.5000000000,0.0457876426,0.4005378013,0.5536745561
-100.5000000000,78.5000000000,0.0458353237,0.4078255691,0.5463391071
-97.5000000000,78.5000000000,0.0475302084,0.4216998285,0.5307699631
-96.5000000000,78.5000000000,0.0473423619,0.4231462015,0.5295114365
-95.5000000000,78.5000000000,0.0507289107,0.4257675293,0.5235035600
-92.5000000000,78.5000000000,0.0590278191,0.4054352549,0.5355369260
-91.5000000000,78.5000000000,0.0818423174,0.3936563759,0.5245013068
-90.5000000000,78.5000000000,0.0945807107,0.3862378380,0.5191814512
-89.5000000000,78.5000000000,0.0914859773,0.3788966487,0.5296173740
-86.5000000000,78.5000000000,0.0944866675,0.3473012373,0.5582120952
-85.5000000000,78.5000000000,0.0985543657,0.3390241034,0.5624215309
-84.5000000000,78.5000000000,0.1001750407,0.3293503735,0.5704745859
-83.5000000000,78.5000000000,0.1057525400,0.3168759179,0.5773715420
-82.5000000000,78.5000000000,0.0877820266,0.3040035081,0.6082144653
-81.5000000000,78.5000000000,0.0923942004,0.2927322195,0.6148735801
-80.5000000000,78.5000000000,0.1036578270,0.2812945716,0.6150476015
-79.5000000000,78.5000000000,0.1188205847,0.2708663412,0.6103130741
-78.5000000000,78.5000000000,0.0837003910,0.2633252264,0.6529743825
-77.5000000000,78.5000000000,0.0682767661,0.2522372213,0.6794860126
-116.5000000000,77.5000000000,0.0594327886,0.2295240359,0.7110431755
-112.5000000000,77.5000000000,0.0508564871,0.2615637987,0.6875797141
-111.5000000000,77.5000000000,0.0493880233,0.2747900429,0.6758219338
-110.5000000000,77.5000000000,0.0477416976,0.2902711087,0.6619871938
-105.5000000000,77.5000000000,0.0433476090,0.3582084721,0.5984439189
-95.5000000000,77.5000000000,0.0503544247,0.4253129503,0.5243326250
-94.5000000000,77.5000000000,0.0522289712,0.4199068357,0.5278641931
-93.5000000000,77.5000000000,0.0545670861,0.4121857583,0.5332471555
-90.5000000000,77.5000000000,0.0706703643,0.3892486328,0.5400810029
-87.5000000000,77.5000000000,0.0843384046,0.3601672872,0.5554943082
-86.5000000000,77.5000000000,0.0939261870,0.3469767025,0.5590971105
-82.5000000000,77.5000000000,0.0924211106,0.3031374572,0.6044414322
-81.5000000000,77.5000000000,0.0793302237,0.2934583489,0.6272114274
-80.5000000000,77.5000000000,0.0954054603,0.2818531669,0.6227413727
-79.5000000000,77.5000000000,0.0837624111,0.2742943344,0.6419432545
-78.5000000000,77.5000000000,0.0693983663,0.2635116236,0.6670900101
-120.5000000000,76.5000000000,0.0548159802,0.1980057156,0.7471783042
-119.5000000000,76.5000000000,0.0557855565,0.1994524873,0.7447619561
-117.5000000000,76.5000000000,0.0627084666,0.2201945432,0.7170969903
-109.5000000000,76.5000000000,0.0477297848,0.3054030892,0.6468671260
-104.5000000000,76.5000000000,0.0435695383,0.3688593082,0.5875711536
-103.5000000000,76.5000000000,0.0441835881,0.3782280294,0.5775883824
-100.5000000000,76.5000000000,0.0476968317,0.4070518697,0.5452512986
-99.5000000000,76.5000000000,0.0488456611,0.4132433039,0.5379110350
-98.5000000000,76.5000000000,0.0499704226,0.4178162032,0.5322133743
-95.5000000000,76.5000000000,0.0530234262,0.4248683320,0.5221082419
-94.5000000000,76.5000000000,0.0573859848,0.4193554671,0.5232585481
-93.5000000000,76.5000000000,0.0552691311,0.4117301248,0.5330007440
-92.5000000000,76.5000000000,0.0630050337,0.4043405271,0.5326544392
-90.5000000000,76.5000000000,0.0701544188,0.3888649178,0.5409806635
-88.5000000000,76.5000000000,0.0818272092,0.3706353449,0.5475374459
-86.5000000000,76.5000000000,0.0902577304,0.3470912334,0.5626510362
-85.5000000000,76.5000000000,0.1028140482,0.3375457989,0.5596401529
-84.5000000000,76.5000000000,0.0954312281,0.3292372037,0.5753315682
-83.5000000000,76.5000000000,0.1024077032,0.3165956837,0.5809966131
-82.5000000000,76.5000000000,0.1144427386,0.2997904005,0.5857668609
-81.5000000000,76.5000000000,0.0887218322,0.2923392375,0.6189389303
-80.5000000000,76.5000000000,0.0807743544,0.2827110166,0.6365146290
-79.5000000000,76.5000000000,0.0929808585,0.2731988221,0.6338203194
-78.5000000000,76.5000000000,0.0727229190,0.2630933699,0.6641837111
-115.5000000000,75.5000000000,0.0641181715,0.2397589985,0.6961228300
-114.5000000000,75.5000000000,0.0662915938,0.2459524346,0.6877559716
-113.5000000000,75.5000000000,0.0643097113,0.2535346838,0.6821556049
-112.5000000000,75.5000000000,0.0584974232,0.2613288777,0.6801736991
-111.5000000000,75.5000000000,0.0511276950,0.2742092950,0.6746630100
-110.5000000000,75.5000000000,0.0494600137,0.2896801429,0.6608598433
-109.5000000000,75.5000000000,0.0482148171,0.3050594948,0.6467256881
-108.5000000000,75.5000000000,0.0481880809,0.3226633432,0.6291485759
-107.5000000000,75.5000000000,0.0491645169,0.3383690492,0.6124664339
-106.5000000000,75.5000000000,0.0468211810,0.3494112716,0.6037675473
-99.5000000000,75.5000000000,0.0482569189,0.4127716776,0.5389714035
-98.5000000000,75.5000000000,0.0490093620,0.4173405262,0.5336501118
-95.5000000000,75.5000000000,0.0513911072,0.4244231750,0.5241857179
-94.5000000000,75.5000000000,0.0557735144,0.4189640277,0.5252624579
-91.5000000000,75.5000000000,0.0687584623,0.3939346891,0.5373068486
-90.5000000000,75.5000000000,0.0786366163,0.3874834461,0.5338799377
-89.5000000000,75.5000000000,0.0846833041,0.3786937586,0.5366229373
-88.5000000000,75.5000000000,0.0878646795,0.3693793992,0.5427559213
-85.5000000000,75.5000000000,0.1004760054,0.3375191063,0.5620048883
-84.5000000000,75.5000000000,0.1037488876,0.3276133477,0.5686377647
-83.5000000000,75.5000000000,0.1294661173,0.3116009665,0.5589329162
-82.5000000000,75.5000000000,0.1336492739,0.2961251723,0.5702255538
-81.5000000000,75.5000000000,0.1014345980,0.2905875002,0.6079779018
-80.5000000000,75.5000000000,0.0891420828,0.2817126157,0.6291453016
-121.5000000000,74.5000000000,0.0677854369,0.2199716263,0.7122429368
-113.5000000000,74.5000000000,0.0587619269,0.2530391048,0.6881989683
-112.5000000000,74.5000000000,0.0559618977,0.2608536775,0.6831844248
-97.5000000000,74.5000000000,0.0485971869,0.4199437590,0.5314590542
-88.5000000000,74.5000000000,0.0824599980,0.3697105832,0.5478294188
-87.5000000000,74.5000000000,0.0979197261,0.3569043638,0.5451759100
-86.5000000000,74.5000000000,0.0934478493,0.3458238793,0.5607282714
-123.5000000000,73.5000000000,0.1077997797,0.3019326054,0.5902676148
-122.5000000000,73.5000000000,0.0889064474,0.2552581411,0.6558354115
-121.5000000000,73.5000000000,0.0695087627,0.2196667142,0.7108245230
-120.5000000000,73.5000000000,0.0583122424,0.1973363590,0.7443513985
-119.5000000000,73.5000000000,0.0576655854,0.1986800477,0.7436543668
-118.5000000000,73.5000000000,0.0636631948,0.2080760844,0.7282607208
-117.5000000000,73.5000000000,0.0662292662,0.2193248572,0.7144458765
-116.5000000000,73.5000000000,0.0652511868,0.2283920697,0.7063567435
-115.5000000000,73.5000000000,0.0637411716,0.2390808150,0.6971780134
-106.5000000000,73.5000000000,0.0481200144,0.3486869488,0.6031930368
-105.5000000000,73.5000000000,0.0468681797,0.3568955397,0.5962362806
-104.5000000000,73.5000000000,0.0450451851,0.3677342662,0.5872205487
-101.5000000000,73.5000000000,0.0464146954,0.3983667660,0.5552185386
-100.5000000000,73.5000000000,0.0494909300,0.4057975110,0.5447115590
-99.5000000000,73.5000000000,0.0487454361,0.4118978417,0.5393567222
-98.5000000000,73.5000000000,0.0510097815,0.4164923341,0.5324978844
-95.5000000000,73.5000000000,0.0554466686,0.4234759164,0.5210774151
-94.5000000000,73.5000000000,0.0598183265,0.4179013123,0.5222803612
-93.5000000000,73.5000000000,0.0634471448,0.4100177188,0.5265351365
-92.5000000000,73.5000000000,0.0679729974,0.4026277127,0.5293992899
-91.5000000000,73.5000000000,0.0723000453,0.3927185931,0.5349813616
-87.5000000000,73.5000000000,0.0949304640,0.3569800278,0.5480895083
-86.5000000000,73.5000000000,0.0995004521,0.3444901650,0.5560093829
-83.5000000000,73.5000000000,0.1003976420,0.3157137994,0.5838885586
-82.5000000000,73.5000000000,0.0965738841,0.3011340089,0.6022921070
-81.5000000000,73.5000000000,0.0871316804,0.2913547721,0.6215135475
-80.5000000000,73.5000000000,0.0971874747,0.2802015253,0.6226110000
-79.5000000000,73.5000000000,0.0935110584,0.2720689853,0.6344199564
-78.5000000000,73.5000000000,0.0729004275,0.2620232490,0.6650763235
-77.5000000000,73.5000000000,0.0708936588,0.2504870279,0.6786193133
-124.5000000000,72.5000000000,0.1468542170,0.3590776620,0.4940681210
-123.5000000000,72.5000000000,0.1215390450,0.3149321718,0.5635287831
-122.5000000000,72.5000000000,0.1007578446,0.2719050457,0.6273371098
-121.5000000000,72.5000000000,0.0825188982,0.2386245036,0.6788565982
-120.5000000000,72.5000000000,0.0712672062,0.2154037322,0.7133290616
-119.5000000000,72.5000000000,0.0695354588,0.2172310798,0.7132334614
-117.5000000000,72.5000000000,0.0726695671,0.2332345773,0.6940958557
-116.5000000000,72.5000000000,0.0745276981,0.2416754570,0.6837968449
-115.5000000000,72.5000000000,0.0707578591,0.2492214920,0.6800206489
-114.5000000000,72.5000000000,0.0645065058,0.2557429230,0.6797505712
-113.5000000000,72.5000000000,0.0629493256,0.2600157535,0.6770349209
-112.5000000000,72.5000000000,0.0608435150,0.2683341586,0.6708223264
-111.5000000000,72.5000000000,0.0548381694,0.2799688661,0.6651929644
-109.5000000000,72.5000000000,0.0557911488,0.3087414480,0.6354674032
-107.5000000000,72.5000000000,0.0508484177,0.3391113821,0.6100402002
-106.5000000000,72.5000000000,0.0498548095,0.3535125610,0.5966326295
-105.5000000000,72.5000000000,0.0474349265,0.3627678621,0.5897972114
-101.5000000000,72.5000000000,0.0497087402,0.4006504198,0.5496408400
-100.5000000000,72.5000000000,0.0495897774,0.4083544519,0.5420557707
-99.5000000000,72.5000000000,0.0503057543,0.4123386268,0.5373556189
-98.5000000000,72.5000000000,0.0508790841,0.4156239284,0.5334969874
-97.5000000000,72.5000000000,0.0505583121,0.4171925837,0.5322491041
-96.5000000000,72.5000000000,0.0528154056,0.4190737006,0.5281108938
-94.5000000000,72.5000000000,0.0599947193,0.4155224907,0.5244827900
-93.5000000000,72.5000000000,0.0588886308,0.4119632857,0.5291480835
-89.5000000000,72.5000000000,0.0837474394,0.3783482845,0.5379042761
-88.5000000000,72.5000000000,0.0893863318,0.3675308694,0.5430827988
-87.5000000000,72.5000000000,0.0973950777,0.3566103418,0.5459945805
-86.5000000000,72.5000000000,0.0964541949,0.3463247083,0.5572210968
-85.5000000000,72.5000000000,0.0951154534,0.3374246782,0.5674598683
-84.5000000000,72.5000000000,0.1036743394,0.3262706548,0.5700550058
-83.5000000000,72.5000000000,0.1022561562,0.3148658081,0.5828780358
-82.5000000000,72.5000000000,0.1058149752,0.3013617188,0.5928233061
-81.5000000000,72.5000000000,0.0956985112,0.2906546255,0.6136468632
-80.5000000000,72.5000000000,0.0791776954,0.2835745273,0.6372477773
-78.5000000000,72.5000000000,0.0689737577,0.2644296950,0.6665965474
-77.5000000000,72.5000000000,0.0730490538,0.2520605363,0.6748904099
-76.5000000000,72.5000000000,0.0695812554,0.2381671586,0.6922515860
-75.5000000000,72.5000000000,0.0525409837,0.2238418303,0.7236171860
-123.5000000000,71.5000000000,0.1572313563,0.3361105318,0.5066581119
-122.5000000000,71.5000000000,0.1358821064,0.2989259972,0.5651918964
-121.5000000000,71.5000000000,0.1051530386,0.2712723456,0.6235746158
-117.5000000000,71.5000000000,0.0890891266,0.2594819477,0.6514289257
-116.5000000000,71.5000000000,0.0896689404,0.2671293470,0.6432017125
-114.5000000000,71.5000000000,0.0810056258,0.2740409714,0.6449534028
-113.5000000000,71.5000000000,0.0792161947,0.2764910041,0.6442928012
-112.5000000000,71.5000000000,0.0705359470,0.2858934213,0.6435706317
-111.5000000000,71.5000000000,0.0668486678,0.2976926394,0.6354586928
-110.5000000000,71.5000000000,0.0645845518,0.3101176481,0.6252978002
-109.5000000000,71.5000000000,0.0602898009,0.3204846447,0.6192255544
-108.5000000000,71.5000000000,0.0542988697,0.3354001754,0.6103009549
-107.5000000000,71.5000000000,0.0522164432,0.3488569807,0.5989265762
-106.5000000000,71.5000000000,0.0510146797,0.3603442657,0.5886410546
-105.5000000000,71.5000000000,0.0509910320,0.3708555024,0.5781534655
-104.5000000000,71.5000000000,0.0490322919,0.3772920538,0.5736756544
-98.5000000000,71.5000000000,0.0534981508,0.4158873898,0.5306144594
-95.5000000000,71.5000000000,0.0562118569,0.4120488370,0.5317393061
-94.5000000000,71.5000000000,0.0600002575,0.4127619994,0.5272377431
-93.5000000000,71.5000000000,0.0620740896,0.4093597577,0.5285661527
-89.5000000000,71.5000000000,0.0898354303,0.3762734439,0.5338911258
-88.5000000000,71.5000000000,0.0970019955,0.3652924633,0.5377055412
-87.5000000000,71.5000000000,0.0973000791,0.3543408825,0.5483590384
-86.5000000000,71.5000000000,0.1013113590,0.3458358896,0.5528527514
-85.5000000000,71.5000000000,0.0969472508,0.3390464141,0.5640063351
-84.5000000000,71.5000000000,0.0986036546,0.3267358416,0.5746605038
-83.5000000000,71.5000000000,0.0986273842,0.3146463318,0.5867262840
-82.5000000000,71.5000000000,0.0999663188,0.3041087302,0.5959249510
-81.5000000000,71.5000000000,0.0941733006,0.2933421906,0.6124845087
-80.5000000000,71.5000000000,0.0902134543,0.2843563576,0.6254301881
-79.5000000000,71.5000000000,0.0926201847,0.2721614894,0.6352183259
-78.5000000000,71.5000000000,0.0850629103,0.2624661491,0.6524709406
-77.5000000000,71.5000000000,0.0806220286,0.2517211494,0.6676568220
-76.5000000000,71.5000000000,0.0710799393,0.2384737812,0.6904462795
-75.5000000000,71.5000000000,0.0575719873,0.2247618125,0.7176662001
-74.5000000000,71.5000000000,0.0588288485,0.2112308912,0.7299402603
-72.5000000000,71.5000000000,0.0351600553,0.1845934174,0.7802465274
-158.5000000000,70.5000000000,0.0221545904,0.2265523104,0.7512930992
-157.5000000000,70.5000000000,0.0210358015,0.2070743483,0.7718898501
-156.5000000000,70.5000000000,0.0214511019,0.2111941522,0.7673547459
-155.5000000000,70.5000000000,0.0226580594,0.2260432222,0.7512987184
-154.5000000000,70.5000000000,0.0265421598,0.2610763758,0.7123814644
-153.5000000000,70.5000000000,0.0315131198,0.3010586279,0.6674282522
-152.5000000000,70.5000000000,0.0366163341,0.3330330018,0.6303506641
-149.5000000000,70.5000000000,0.0499135865,0.3739943385,0.5760920750
-111.5000000000,70.5000000000,0.0736205278,0.3195016998,0.6068777725
-110.5000000000,70.5000000000,0.0708717145,0.3286431802,0.6004851053
-109.5000000000,70.5000000000,0.0637284714,0.3365751508,0.5996963778
-108.5000000000,70.5000000000,0.0611816846,0.3491144343,0.5897038811
-107.5000000000,70.5000000000,0.0577645233,0.3605817006,0.5816537762
-106.5000000000,70.5000000000,0.0566217554,0.3682441621,0.5751340825
-105.5000000000,70.5000000000,0.0545101920,0.3776288909,0.5678609171
-104.5000000000,70.5000000000,0.0533406186,0.3874133893,0.5592459921
-103.5000000000,70.5000000000,0.0535144883,0.3974732570,0.5490122548
-95.5000000000,70.5000000000,0.0608321886,0.4068237395,0.5323440720
-94.5000000000,70.5000000000,0.0676317545,0.4078555376,0.5245127080
-93.5000000000,70.5000000000,0.0780833618,0.4060085444,0.5159080938
-92.5000000000,70.5000000000,0.0763862398,0.4021683287,0.5214454315
-88.5000000000,70.5000000000,0.1015895000,0.3662060085,0.5322044915
-87.5000000000,70.5000000000,0.1062982403,0.3560995359,0.5376022238
-86.5000000000,70.5000000000,0.1108930264,0.3458256528,0.5432813209
-85.5000000000,70.5000000000,0.1130191300,0.3354448260,0.5515360440
-84.5000000000,70.5000000000,0.1078539701,0.3233197873,0.5688262426
-83.5000000000,70.5000000000,0.1057595586,0.3148208362,0.5794196052
-82.5000000000,70.5000000000,0.1018974544,0.3062914705,0.5918110751
-81.5000000000,70.5000000000,0.0946365461,0.2978044280,0.6075590260
-80.5000000000,70.5000000000,0.0884111605,0.2887209799,0.6228678596
-79.5000000000,70.5000000000,0.0775975305,0.2760463961,0.6463560735
-78.5000000000,70.5000000000,0.0773738528,0.2650020765,0.6576240707
-77.5000000000,70.5000000000,0.0738504642,0.2523102004,0.6738393354
-76.5000000000,70.5000000000,0.0686969326,0.2389039714,0.6923990960
-75.5000000000,70.5000000000,0.0617164825,0.2245763094,0.7137072080
-74.5000000000,70.5000000000,0.0557767727,0.2098073481,0.7344158793
-73.5000000000,70.5000000000,0.0466253024,0.1961460599,0.7572286377
-72.5000000000,70.5000000000,0.0421146598,0.1848064590,0.7730788812
-71.5000000000,70.5000000000,0.0467898644,0.1743818485,0.7788282871
-70.5000000000,70.5000000000,0.0284961650,0.1600494044,0.8114544306
-69.5000000000,70.5000000000,0.0242592254,0.1481204483,0.8276203263
-68.5000000000,70.5000000000,0.0205624524,0.1375351958,0.8419023519
-162.5000000000,69.5000000000,0.0273941936,0.3334185188,0.6391872876
-161.5000000000,69.5000000000,0.0289582055,0.3373474007,0.6336943937
-160.5000000000,69.5000000000,0.0300821125,0.3308893266,0.6390285608
-159.5000000000,69.5000000000,0.0286473787,0.3157710956,0.6555815257
-158.5000000000,69.5000000000,0.0283600216,0.2991195546,0.6725204238
-157.5000000000,69.5000000000,0.0284751596,0.2870487362,0.6844761042
-156.5000000000,69.5000000000,0.0285205510,0.2863609785,0.6851184705
-155.5000000000,69.5000000000,0.0298391868,0.2928980899,0.6772627233
-154.5000000000,69.5000000000,0.0354535753,0.3405133263,0.6240330984
-153.5000000000,69.5000000000,0.0424975338,0.3873665658,0.5701359004
-152.5000000000,69.5000000000,0.0495690920,0.4170918960,0.5333390120
-151.5000000000,69.5000000000,0.0523182563,0.4287500058,0.5189317379
-150.5000000000,69.5000000000,0.0554201346,0.4262223894,0.5183574760
-149.5000000000,69.5000000000,0.0616071469,0.4247639944,0.5136288588
-148.5000000000,69.5000000000,0.0726628988,0.4386811115,0.4886559898
-147.5000000000,69.5000000000,0.0925367860,0.4557292755,0.4517339385
-146.5000000000,69.5000000000,0.1166077399,0.4606095750,0.4227826851
-145.5000000000,69.5000000000,0.1548298904,0.4508927174,0.3942773923
-144.5000000000,69.5000000000,0.1389344482,0.4565317476,0.4045338042
-143.5000000000,69.5000000000,0.1283488180,0.4523503778,0.4193008042
-142.5000000000,69.5000000000,0.1259103056,0.4371498739,0.4369398204
-141.5000000000,69.5000000000,0.1023884214,0.4211984448,0.4764131338
-140.5000000000,69.5000000000,0.0924293048,0.4122366238,0.4953340713
-139.5000000000,69.5000000000,0.0840302715,0.4208622724,0.4951074562
-132.5000000000,69.5000000000,0.2168006822,0.5691234312,0.2140758867
-131.5000000000,69.5000000000,0.2299697271,0.5625207531,0.2075095198
-130.5000000000,69.5000000000,0.2448641596,0.5450971575,0.2100386829
-129.5000000000,69.5000000000,0.2561394975,0.5248495543,0.2190109481
-128.5000000000,69.5000000000,0.2620199768,0.5063845732,0.2315954500
-127.5000000000,69.5000000000,0.2739271217,0.4811482076,0.2449246707
-126.5000000000,69.5000000000,0.2811767831,0.4555476712,0.2632755457
-125.5000000000,69.5000000000,0.2517430740,0.4465872303,0.3016696958
-124.5000000000,69.5000000000,0.2354773987,0.4243697452,0.3401528560
-122.5000000000,69.5000000000,0.2213129410,0.3676480165,0.4110390425
-121.5000000000,69.5000000000,0.2059734990,0.3482303657,0.4457961353
-116.5000000000,69.5000000000,0.1547634022,0.3390342765,0.5062023213
-115.5000000000,69.5000000000,0.1488703825,0.3417111556,0.5094184619
-114.5000000000,69.5000000000,0.1366085596,0.3412538317,0.5221376087
-113.5000000000,69.5000000000,0.1212878225,0.3416543024,0.5370578751
-112.5000000000,69.5000000000,0.1091578931,0.3439621035,0.5468800034
-111.5000000000,69.5000000000,0.0938963213,0.3473876356,0.5587160431
-110.5000000000,69.5000000000,0.0821762897,0.3514397084,0.5663840020
-109.5000000000,69.5000000000,0.0730227290,0.3573412067,0.5696360643
-108.5000000000,69.5000000000,0.0668574789,0.3680606499,0.5650818712
-107.5000000000,69.5000000000,0.0624765617,0.3747657438,0.5627576944
-106.5000000000,69.5000000000,0.0586903697,0.3792467002,0.5620629301
-105.5000000000,69.5000000000,0.0575644159,0.3866296317,0.5558059524
-104.5000000000,69.5000000000,0.0576388694,0.3974445573,0.5449165733
-103.5000000000,69.5000000000,0.0595878210,0.4097931827,0.5306189964
-97.5000000000,69.5000000000,0.0641662462,0.4108946858,0.5249390680
-96.5000000000,69.5000000000,0.0630474499,0.4063585262,0.5305940238
-95.5000000000,69.5000000000,0.0631312300,0.4025270490,0.5343417210
-92.5000000000,69.5000000000,0.0887792063,0.3974457908,0.5137750029
-91.5000000000,69.5000000000,0.0932401074,0.3934138883,0.5133460043
-90.5000000000,69.5000000000,0.1020514042,0.3872770444,0.5106715514
-85.5000000000,69.5000000000,0.1138207846,0.3376050567,0.5485741587
-84.5000000000,69.5000000000,0.1243602803,0.3232299081,0.5524098116
-83.5000000000,69.5000000000,0.1147222710,0.3172633627,0.5680143662
-82.5000000000,69.5000000000,0.1042500162,0.3093992874,0.5863506964
-76.5000000000,69.5000000000,0.0615115345,0.2419254938,0.6965629717
-75.5000000000,69.5000000000,0.0548811638,0.2262367590,0.7188820772
-74.5000000000,69.5000000000,0.0526296141,0.2117528327,0.7356175532
-73.5000000000,69.5000000000,0.0462644672,0.1972291298,0.7565064031
-72.5000000000,69.5000000000,0.0398505497,0.1867781070,0.7733713433
-71.5000000000,69.5000000000,0.0352231742,0.1743993844,0.7903774414
-70.5000000000,69.5000000000,0.0272867011,0.1596848138,0.8130284851
-69.5000000000,69.5000000000,0.0295260524,0.1483408822,0.8221330654
-68.5000000000,69.5000000000,0.0268328525,0.1371067185,0.8360604290
-165.5000000000,68.5000000000,0.0266857944,0.3077552936,0.6655589120
-164.5000000000,68.5000000000,0.0280213175,0.3291778677,0.6428008149
-163.5000000000,68.5000000000,0.0327967239,0.3523072225,0.6148960535
-162.5000000000,68.5000000000,0.0374089890,0.3742438896,0.5883471214
-161.5000000000,68.5000000000,0.0373600173,0.3919975822,0.5706424005
-160.5000000000,68.5000000000,0.0426472311,0.3982345168,0.5591182521
-159.5000000000,68.5000000000,0.0401011824,0.3948130503,0.5650857672
-158.5000000000,68.5000000000,0.0430158853,0.3961360986,0.5608480161
-157.5000000000,68.5000000000,0.0468230140,0.4008081481,0.5523688380
-156.5000000000,68.5000000000,0.0435544743,0.4105152583,0.5459302674
-155.5000000000,68.5000000000,0.0487130522,0.4208413432,0.5304456046
-154.5000000000,68.5000000000,0.0577159159,0.4651714615,0.4771126226
-153.5000000000,68.5000000000,0.0675648211,0.5033319306,0.4291032484
-152.5000000000,68.5000000000,0.0764582851,0.5194733158,0.4040683991
-151.5000000000,68.5000000000,0.0837450194,0.5201237954,0.3961311852
-150.5000000000,68.5000000000,0.0879038923,0.4977022426,0.4143938651
-149.5000000000,68.5000000000,0.0868968215,0.4773330592,0.4357701193
-148.5000000000,68.5000000000,0.1264987571,0.4852360870,0.3882651559
-147.5000000000,68.5000000000,0.1691461254,0.4876616947,0.3431921799
-146.5000000000,68.5000000000,0.1730592523,0.4935758553,0.3333648924
-145.5000000000,68.5000000000,0.1860940323,0.4878753920,0.3260305757
-144.5000000000,68.5000000000,0.1942622771,0.4770308459,0.3287068770
-143.5000000000,68.5000000000,0.1893680557,0.4653831435,0.3452488009
-142.5000000000,68.5000000000,0.1531318404,0.4599185522,0.3869496074
-141.5000000000,68.5000000000,0.1294851401,0.4393908102,0.4311240497
-140.5000000000,68.5000000000,0.1092457438,0.4242920100,0.4664622462
-139.5000000000,68.5000000000,0.1100341181,0.4324017754,0.4575641065
-138.5000000000,68.5000000000,0.1206180140,0.4466714043,0.4327105817
-137.5000000000,68.5000000000,0.1289322825,0.4768570754,0.3942106420
-136.5000000000,68.5000000000,0.1391952883,0.5107820106,0.3500227012
-135.5000000000,68.5000000000,0.1522709126,0.5450841649,0.3026449225
-134.5000000000,68.5000000000,0.1775975392,0.5648394715,0.2575629893
-133.5000000000,68.5000000000,0.2102572445,0.5747404462,0.2150023093
-132.5000000000,68.5000000000,0.2365917020,0.5685514174,0.1948568807
-131.5000000000,68.5000000000,0.2568212891,0.5541750276,0.1890036832
-130.5000000000,68.5000000000,0.2636630382,0.5412545174,0.1950824445
-129.5000000000,68.5000000000,0.2753921938,0.5212671840,0.2033406222
-128.5000000000,68.5000000000,0.2855712248,0.5026781147,0.2117506605
-127.5000000000,68.5000000000,0.2982362966,0.4822467812,0.2195169222
-126.5000000000,68.5000000000,0.3025623021,0.4650071587,0.2324305393
-125.5000000000,68.5000000000,0.3015211625,0.4461962015,0.2522826360
-124.5000000000,68.5000000000,0.2924756936,0.4277461637,0.2797781427
-123.5000000000,68.5000000000,0.2882579822,0.4049493755,0.3067926422
-122.5000000000,68.5000000000,0.2747102119,0.3894171847,0.3358726033
-121.5000000000,68.5000000000,0.2806797856,0.3678769352,0.3514432792
-120.5000000000,68.5000000000,0.2658199797,0.3588911594,0.3752888609
-119.5000000000,68.5000000000,0.2558684681,0.3545912064,0.3895403255
-118.5000000000,68.5000000000,0.2368409625,0.3614489027,0.4017101348
-117.5000000000,68.5000000000,0.2297666322,0.3648104415,0.4054229263
-116.5000000000,68.5000000000,0.2206658075,0.3710613962,0.4082727963
-115.5000000000,68.5000000000,0.2009423258,0.3774840379,0.4215736363
-114.5000000000,68.5000000000,0.1794131478,0.3807960975,0.4397907547
-112.5000000000,68.5000000000,0.1282713659,0.3788664380,0.4928621961
-107.5000000000,68.5000000000,0.0680844709,0.3877860582,0.5441294708
-105.5000000000,68.5000000000,0.0639641334,0.3987308061,0.5373050606
-104.5000000000,68.5000000000,0.0644590896,0.4080011670,0.5275397434
-97.5000000000,68.5000000000,0.0779223650,0.4151021996,0.5069754355
-96.5000000000,68.5000000000,0.0776915928,0.4109925768,0.5113158304
-93.5000000000,68.5000000000,0.0921506326,0.4047873153,0.5030620521
-92.5000000000,68.5000000000,0.1044793359,0.3967045358,0.4988161283
-91.5000000000,68.5000000000,0.1180533577,0.3904845916,0.4914620507
-89.5000000000,68.5000000000,0.1264192220,0.3731800629,0.5004007152
-88.5000000000,68.5000000000,0.1335828927,0.3631093885,0.5033077187
-85.5000000000,68.5000000000,0.1369427529,0.3332642602,0.5297929869
-84.5000000000,68.5000000000,0.1355527064,0.3219660704,0.5424812232
-83.5000000000,68.5000000000,0.1264120460,0.3151119666,0.5584759874
-73.5000000000,68.5000000000,0.0434732856,0.2017671827,0.7547595318
-72.5000000000,68.5000000000,0.0395335808,0.1891273405,0.7713390786
-71.5000000000,68.5000000000,0.0352884344,0.1769851914,0.7877263743
-70.5000000000,68.5000000000,0.0312476455,0.1611826917,0.8075696628
-69.5000000000,68.5000000000,0.0283567550,0.1470059232,0.8246373219
-68.5000000000,68.5000000000,0.0211719634,0.1325197262,0.8463083104
-163.5000000000,67.5000000000,0.0288452736,0.3746939784,0.5964607481
-162.5000000000,67.5000000000,0.0295908040,0.4058212732,0.5645879228
-161.5000000000,67.5000000000,0.0368311082,0.4339528547,0.5292160371
-160.5000000000,67.5000000000,0.0379191115,0.4568769331,0.5052039554
-159.5000000000,67.5000000000,0.0404673820,0.4696985078,0.4898341102
-158.5000000000,67.5000000000,0.0457716028,0.4861248221,0.4681035751
-157.5000000000,67.5000000000,0.0534739986,0.5060603023,0.4404656991
-156.5000000000,67.5000000000,0.0653028804,0.5274418391,0.4072552805
-155.5000000000,67.5000000000,0.0782675310,0.5387756855,0.3829567835
-154.5000000000,67.5000000000,0.0949258051,0.5749439065,0.3301302883
-153.5000000000,67.5000000000,0.0937203689,0.6052660666,0.3010135645
-152.5000000000,67.5000000000,0.1084713550,0.6038347535,0.2876938915
-151.5000000000,67.5000000000,0.1092382627,0.6010461106,0.2897156267
-150.5000000000,67.5000000000,0.1057965522,0.5763652630,0.3178381848
-149.5000000000,67.5000000000,0.1141479589,0.5528676735,0.3329843677
-148.5000000000,67.5000000000,0.1277780400,0.5632292630,0.3089926970
-147.5000000000,67.5000000000,0.1661308035,0.5609794802,0.2728897163
-146.5000000000,67.5000000000,0.1678500675,0.5578779090,0.2742720235
-145.5000000000,67.5000000000,0.1775736067,0.5446340485,0.2777923448
-144.5000000000,67.5000000000,0.1782282082,0.5299236413,0.2918481505
-143.5000000000,67.5000000000,0.1753886719,0.5156165838,0.3089947442
-142.5000000000,67.5000000000,0.1622068065,0.4975933101,0.3401998834
-141.5000000000,67.5000000000,0.1425764356,0.4751826762,0.3822408882
-140.5000000000,67.5000000000,0.1282482528,0.4594647570,0.4122869902
-139.5000000000,67.5000000000,0.1215186401,0.4673115050,0.4111698549
-138.5000000000,67.5000000000,0.1265981336,0.4740548405,0.3993470259
-137.5000000000,67.5000000000,0.1488526393,0.4876754124,0.3634719483
-136.5000000000,67.5000000000,0.1871485233,0.4968569544,0.3159945223
-135.5000000000,67.5000000000,0.1812177747,0.5339085444,0.2848736809
-134.5000000000,67.5000000000,0.1907386480,0.5590791566,0.2501821954
-133.5000000000,67.5000000000,0.2204385309,0.5680346643,0.2115268048
-132.5000000000,67.5000000000,0.2530090215,0.5594457628,0.1875452157
-131.5000000000,67.5000000000,0.2545013973,0.5553537785,0.1901448242
-130.5000000000,67.5000000000,0.2725067581,0.5341109446,0.1933822973
-129.5000000000,67.5000000000,0.2826157112,0.5169059234,0.2004783653
-128.5000000000,67.5000000000,0.3046931662,0.4958243732,0.1994824606
-127.5000000000,67.5000000000,0.3230115244,0.4782396388,0.1987488368
-126.5000000000,67.5000000000,0.3398177227,0.4583741807,0.2018080966
-125.5000000000,67.5000000000,0.3357453478,0.4468022874,0.2174523648
-124.5000000000,67.5000000000,0.3303617852,0.4324424196,0.2371957952
-123.5000000000,67.5000000000,0.3196322752,0.4178421584,0.2625255663
-122.5000000000,67.5000000000,0.3127897353,0.4051255429,0.2820847218
-121.5000000000,67.5000000000,0.3152830417,0.3910132821,0.2937036761
-120.5000000000,67.5000000000,0.3124742949,0.3844786452,0.3030470599
-119.5000000000,67.5000000000,0.3098662074,0.3816951276,0.3084386650
-118.5000000000,67.5000000000,0.3152751875,0.3778117105,0.3069131019
-117.5000000000,67.5000000000,0.3046290261,0.3837193269,0.3116516470
-116.5000000000,67.5000000000,0.2987626448,0.3880797196,0.3131576356
-115.5000000000,67.5000000000,0.2762110650,0.3976893180,0.3260996169
-114.5000000000,67.5000000000,0.2582586647,0.3986909491,0.3430503862
-113.5000000000,67.5000000000,0.2196783916,0.4013842368,0.3789373716
-112.5000000000,67.5000000000,0.1789421963,0.4030730809,0.4179847229
-111.5000000000,67.5000000000,0.1436578026,0.4019207920,0.4544214054
-110.5000000000,67.5000000000,0.1180414097,0.4001745907,0.4817839996
-109.5000000000,67.5000000000,0.0991870106,0.4020088995,0.4988040900
-107.5000000000,67.5000000000,0.0794159036,0.4035338228,0.5170502735
-106.5000000000,67.5000000000,0.0760613143,0.4064819141,0.5174567716
-105.5000000000,67.5000000000,0.0735677145,0.4119237839,0.5145085016
-104.5000000000,67.5000000000,0.0742094407,0.4188154122,0.5069751471
-103.5000000000,67.5000000000,0.0775390088,0.4253227223,0.4971382689
-102.5000000000,67.5000000000,0.0822203148,0.4255016302,0.4922780549
-101.5000000000,67.5000000000,0.0859729417,0.4261133548,0.4879137035
-100.5000000000,67.5000000000,0.0915205522,0.4244605365,0.4840189113
-99.5000000000,67.5000000000,0.0971733104,0.4250021687,0.4778245209
-98.5000000000,67.5000000000,0.0995866062,0.4222899013,0.4781234925
-97.5000000000,67.5000000000,0.1003423935,0.4191050494,0.4805525571
-96.5000000000,67.5000000000,0.0994813445,0.4152247131,0.4852939424
-94.5000000000,67.5000000000,0.1138137707,0.4068884362,0.4792977931
-93.5000000000,67.5000000000,0.1200792926,0.4036151011,0.4763056064
-92.5000000000,67.5000000000,0.1355880144,0.3935915879,0.4708203977
-91.5000000000,67.5000000000,0.1397910280,0.3881050459,0.4721039261
-90.5000000000,67.5000000000,0.1558824833,0.3782469417,0.4658705750
-89.5000000000,67.5000000000,0.1573840093,0.3679920486,0.4746239421
-88.5000000000,67.5000000000,0.1658349422,0.3591371825,0.4750278753
-85.5000000000,67.5000000000,0.1605339589,0.3289359819,0.5105300592
-84.5000000000,67.5000000000,0.1537298686,0.3202231157,0.5260470157
-83.5000000000,67.5000000000,0.1429917323,0.3140246108,0.5429836569
-82.5000000000,67.5000000000,0.1335401859,0.3074668361,0.5589929780
-81.5000000000,67.5000000000,0.1192243773,0.3003519527,0.5804236701
-76.5000000000,67.5000000000,0.0705506918,0.2486537599,0.6807955483
-75.5000000000,67.5000000000,0.0610460462,0.2340975101,0.7048564437
-71.5000000000,67.5000000000,0.0349798076,0.1804199504,0.7846002420
-70.5000000000,67.5000000000,0.0306800826,0.1643354654,0.8049844520
-69.5000000000,67.5000000000,0.0284978460,0.1496035592,0.8218985948
-68.5000000000,67.5000000000,0.0262324673,0.1356779868,0.8380895459
-67.5000000000,67.5000000000,0.0267239159,0.1263055894,0.8469704947
-66.5000000000,67.5000000000,0.0301546086,0.1211192748,0.8487261165
-65.5000000000,67.5000000000,0.0284737434,0.1238824764,0.8476437802
-64.5000000000,67.5000000000,0.0239725974,0.1308248050,0.8452025976
-164.5000000000,66.5000000000,0.0256105832,0.3546267084,0.6197627084
-160.5000000000,66.5000000000,0.0328301999,0.4926435613,0.4745262388
-159.5000000000,66.5000000000,0.0362499028,0.5203773514,0.4433727458
-158.5000000000,66.5000000000,0.0415901770,0.5523259096,0.4060839134
-157.5000000000,66.5000000000,0.0512238745,0.5864594067,0.3623167188
-156.5000000000,66.5000000000,0.0645905881,0.6202622284,0.3151471835
-155.5000000000,66.5000000000,0.0660565294,0.6347926054,0.2991508652
-154.5000000000,66.5000000000,0.0807360417,0.6546906117,0.2645733466
-153.5000000000,66.5000000000,0.0909073704,0.6675149446,0.2415776850
-152.5000000000,66.5000000000,0.0991401058,0.6650932060,0.2357666882
-151.5000000000,66.5000000000,0.1079716157,0.6528867146,0.2391416698
-150.5000000000,66.5000000000,0.1276604723,0.6278386566,0.2445008711
-149.5000000000,66.5000000000,0.1329319375,0.6147299137,0.2523381488
-148.5000000000,66.5000000000,0.1351024794,0.6219815904,0.2429159302
-147.5000000000,66.5000000000,0.1528839397,0.6232477020,0.2238683583
-146.5000000000,66.5000000000,0.1578000042,0.6105521376,0.2316478582
-145.5000000000,66.5000000000,0.1631495895,0.5929200046,0.2439304059
-144.5000000000,66.5000000000,0.1711081654,0.5723743858,0.2565174488
-143.5000000000,66.5000000000,0.1790449340,0.5503583881,0.2705966779
-142.5000000000,66.5000000000,0.1704749085,0.5295742256,0.2999508659
-141.5000000000,66.5000000000,0.1666400129,0.5039487251,0.3294112620
-140.5000000000,66.5000000000,0.1604883947,0.4874123985,0.3520992067
-139.5000000000,66.5000000000,0.1553212023,0.4853253946,0.3593534031
-138.5000000000,66.5000000000,0.1500461373,0.4915109536,0.3584429091
-137.5000000000,66.5000000000,0.1649777635,0.4991585327,0.3358637038
-136.5000000000,66.5000000000,0.1946189619,0.5029630691,0.3024179690
-135.5000000000,66.5000000000,0.2090727691,0.5184153345,0.2725118964
-134.5000000000,66.5000000000,0.2284749751,0.5314584413,0.2400665836
-133.5000000000,66.5000000000,0.2304459466,0.5509495209,0.2186045324
-132.5000000000,66.5000000000,0.2504842600,0.5489295669,0.2005861731
-131.5000000000,66.5000000000,0.2606503575,0.5409295813,0.1984200611
-130.5000000000,66.5000000000,0.2640729471,0.5295382976,0.2063887553
-129.5000000000,66.5000000000,0.2752920524,0.5136354739,0.2110724737
-128.5000000000,66.5000000000,0.2984379046,0.4945206540,0.2070414414
-127.5000000000,66.5000000000,0.3244618760,0.4793182963,0.1962198277
-126.5000000000,66.5000000000,0.3530620263,0.4603108941,0.1866270796
-125.5000000000,66.5000000000,0.3675386494,0.4397892091,0.1926721416
-124.5000000000,66.5000000000,0.3603738135,0.4291234595,0.2105027269
-123.5000000000,66.5000000000,0.3525125671,0.4207127418,0.2267746911
-122.5000000000,66.5000000000,0.3341493876,0.4197964374,0.2460541751
-121.5000000000,66.5000000000,0.3356973557,0.4098561400,0.2544465043
-120.5000000000,66.5000000000,0.3431005131,0.4038225668,0.2530769201
-119.5000000000,66.5000000000,0.3665731887,0.3908199770,0.2426068343
-118.5000000000,66.5000000000,0.3762027523,0.3872808846,0.2365163631
-117.5000000000,66.5000000000,0.3725657782,0.3911980976,0.2362361242
-116.5000000000,66.5000000000,0.3880831882,0.3849208632,0.2269959486
-115.5000000000,66.5000000000,0.3789969911,0.3879316136,0.2330713953
-114.5000000000,66.5000000000,0.3381355457,0.4004268265,0.2614376278
-113.5000000000,66.5000000000,0.2834976496,0.4123784785,0.3041238719
-112.5000000000,66.5000000000,0.2317442356,0.4172010022,0.3510547622
-111.5000000000,66.5000000000,0.1845620678,0.4192777056,0.3961602266
-110.5000000000,66.5000000000,0.1456225786,0.4190332800,0.4353441413
-109.5000000000,66.5000000000,0.1182654125,0.4191865514,0.4625480362
-108.5000000000,66.5000000000,0.1106241180,0.4184161127,0.4709597694
-107.5000000000,66.5000000000,0.0889297605,0.4208102449,0.4902599946
-106.5000000000,66.5000000000,0.0913160759,0.4217100187,0.4869739054
-105.5000000000,66.5000000000,0.0901742040,0.4252001755,0.4846256204
-104.5000000000,66.5000000000,0.0896594797,0.4296483420,0.4806921784
-103.5000000000,66.5000000000,0.0957963474,0.4349245861,0.4692790665
-102.5000000000,66.5000000000,0.1030172929,0.4318943072,0.4650883999
-101.5000000000,66.5000000000,0.1105300740,0.4282869658,0.4611829602
-100.5000000000,66.5000000000,0.1196166778,0.4276071300,0.4527761921
-99.5000000000,66.5000000000,0.1270212804,0.4276747760,0.4453039436
-98.5000000000,66.5000000000,0.1325044000,0.4246738615,0.4428217384
-97.5000000000,66.5000000000,0.1348989773,0.4194029596,0.4456980632
-96.5000000000,66.5000000000,0.1356838633,0.4159655568,0.4483505799
-95.5000000000,66.5000000000,0.1378632586,0.4133250152,0.4488117263
-94.5000000000,66.5000000000,0.1522300360,0.4034248531,0.4443451110
-93.5000000000,66.5000000000,0.1575351455,0.3971759778,0.4452888767
-92.5000000000,66.5000000000,0.1652988194,0.3882196771,0.4464815036
-91.5000000000,66.5000000000,0.1693307791,0.3815036080,0.4491656129
-90.5000000000,66.5000000000,0.1898446067,0.3683571024,0.4417982909
-89.5000000000,66.5000000000,0.1847718733,0.3621796520,0.4530484747
-88.5000000000,66.5000000000,0.1918987089,0.3525914090,0.4555098821
-87.5000000000,66.5000000000,0.1800384199,0.3469243417,0.4730372384
-84.5000000000,66.5000000000,0.1664562492,0.3193707917,0.5141729591
-83.5000000000,66.5000000000,0.1530759528,0.3121320525,0.5347919947
-73.5000000000,66.5000000000,0.0503544932,0.2150476018,0.7345979049
-72.5000000000,66.5000000000,0.0437894764,0.2023586243,0.7538518992
-71.5000000000,66.5000000000,0.0377151041,0.1890901469,0.7731947490
-70.5000000000,66.5000000000,0.0320899675,0.1723977892,0.7955122433
-69.5000000000,66.5000000000,0.0273444174,0.1574054090,0.8152501735
-68.5000000000,66.5000000000,0.0246457302,0.1426207274,0.8327335423
-67.5000000000,66.5000000000,0.0219277259,0.1301590540,0.8479132201
-66.5000000000,66.5000000000,0.0227944544,0.1227503344,0.8544552112
-65.5000000000,66.5000000000,0.0211617308,0.1278756282,0.8509626410
-64.5000000000,66.5000000000,0.0320769730,0.1411220447,0.8268009823
-63.5000000000,66.5000000000,0.0344209532,0.1550665183,0.8105125284
-62.5000000000,66.5000000000,0.0383817561,0.1721525688,0.7894656751
-167.5000000000,65.5000000000,0.0231050202,0.2647469073,0.7121480725
-166.5000000000,65.5000000000,0.0237756247,0.2935236039,0.6827007714
-165.5000000000,65.5000000000,0.0265901720,0.3282835467,0.6451262812
-164.5000000000,65.5000000000,0.0272690497,0.3626960080,0.6100349423
-163.5000000000,65.5000000000,0.0287415365,0.4015370626,0.5697214008
-162.5000000000,65.5000000000,0.0290332295,0.4403166375,0.5306501330
-161.5000000000,65.5000000000,0.0334721689,0.4768282286,0.4896996025
-160.5000000000,65.5000000000,0.0357197650,0.5121047777,0.4521754573
-159.5000000000,65.5000000000,0.0390240772,0.5508768049,0.4100991179
-158.5000000000,65.5000000000,0.0456413791,0.5914957659,0.3628628550
-157.5000000000,65.5000000000,0.0497948379,0.6290381951,0.3211669669
-156.5000000000,65.5000000000,0.0596217409,0.6610663728,0.2793118863
-155.5000000000,65.5000000000,0.0733436426,0.6759446098,0.2507117477
-154.5000000000,65.5000000000,0.0912974979,0.6863598248,0.2223426773
-153.5000000000,65.5000000000,0.1100192096,0.6913134934,0.1986672970
-152.5000000000,65.5000000000,0.1287077870,0.6841968537,0.1870953593
-151.5000000000,65.5000000000,0.1351532933,0.6755112987,0.1893354080
-150.5000000000,65.5000000000,0.1311011544,0.6685747989,0.2003240466
-149.5000000000,65.5000000000,0.1427071481,0.6525127967,0.2047800552
