Lon,Lat,C_LonLatElev,B_LonLatElev,U_LonLatElev
-112.5000000000,78.5000000000,0.0517141946,0.2516358728,0.6966499326
-111.5000000000,78.5000000000,0.0559762571,0.2638279947,0.6801957482
-110.5000000000,78.5000000000,0.0598170476,0.2753282132,0.6648547392
-109.5000000000,78.5000000000,0.0607612255,0.2832041176,0.6560346569
-104.5000000000,78.5000000000,0.0664181183,0.2903389056,0.6432429762
-103.5000000000,78.5000000000,0.0689092239,0.2935110448,0.6375797313
-102.5000000000,78.5000000000,0.0720014514,0.2925420221,0.6354565265
-101.5000000000,78.5000000000,0.0755229698,0.2919020746,0.6325749556
-100.5000000000,78.5000000000,0.0761982604,0.2898075900,0.6339941496
-97.5000000000,78.5000000000,0.0799957811,0.2933734194,0.6266307994
-96.5000000000,78.5000000000,0.0798982405,0.3073382451,0.6127635144
-95.5000000000,78.5000000000,0.0829868307,0.3223081144,0.5947050549
-92.5000000000,78.5000000000,0.0887812919,0.3932224574,0.5179962507
-91.5000000000,78.5000000000,0.1137640782,0.4265310437,0.4597048781
-90.5000000000,78.5000000000,0.1212176405,0.4605397557,0.4182426038
-89.5000000000,78.5000000000,0.1071175282,0.5027711321,0.3901113398
-86.5000000000,78.5000000000,0.0808535974,0.6180703406,0.3010760620
-85.5000000000,78.5000000000,0.0746997966,0.6431546246,0.2821455788
-84.5000000000,78.5000000000,0.0675733779,0.6702853753,0.2621412468
-83.5000000000,78.5000000000,0.0645941738,0.6918038287,0.2436019975
-82.5000000000,78.5000000000,0.0521503395,0.7040855238,0.2437641367
-81.5000000000,78.5000000000,0.0552571727,0.6839290470,0.2608137802
-80.5000000000,78.5000000000,0.0654672452,0.6488682916,0.2856644632
-79.5000000000,78.5000000000,0.0783620082,0.6024497125,0.3191882793
-78.5000000000,78.5000000000,0.0587323214,0.5574729534,0.3837947251
-77.5000000000,78.5000000000,0.0486107001,0.5048167453,0.4465725546
-116.5000000000,77.5000000000,0.0417795017,0.2085654319,0.7496550664
-112.5000000000,77.5000000000,0.0525750917,0.2503517396,0.6970731688
-111.5000000000,77.5000000000,0.0567014660,0.2624586888,0.6808398453
-110.5000000000,77.5000000000,0.0594474797,0.2738032800,0.6667492403
-105.5000000000,77.5000000000,0.0658396159,0.2886936562,0.6454667279
-95.5000000000,77.5000000000,0.0824185697,0.3207209038,0.5968605265
-94.5000000000,77.5000000000,0.0861301991,0.3392358653,0.5746339355
-93.5000000000,77.5000000000,0.0877447778,0.3609245776,0.5513306446
-90.5000000000,77.5000000000,0.0920822771,0.4661082908,0.4418094321
-87.5000000000,77.5000000000,0.0803533090,0.5838820487,0.3357646423
-86.5000000000,77.5000000000,0.0806010910,0.6165366991,0.3028622098
-82.5000000000,77.5000000000,0.0550280981,0.7016846226,0.2432872793
-81.5000000000,77.5000000000,0.0477582485,0.6843947736,0.2678469779
-80.5000000000,77.5000000000,0.0605183761,0.6487538813,0.2907277426
-79.5000000000,77.5000000000,0.0556865068,0.6064665229,0.3378469703
-78.5000000000,77.5000000000,0.0490183316,0.5563626643,0.3946190041
-120.5000000000,76.5000000000,0.0427952307,0.2373050576,0.7198997117
-119.5000000000,76.5000000000,0.0416083068,0.2121078525,0.7462838407
-117.5000000000,76.5000000000,0.0437308378,0.2047781249,0.7514910373
-109.5000000000,76.5000000000,0.0620054397,0.2802754120,0.6577191483
-104.5000000000,76.5000000000,0.0671835969,0.2873086195,0.6455077835
-103.5000000000,76.5000000000,0.0696824539,0.2904540459,0.6398635002
-100.5000000000,76.5000000000,0.0791840022,0.2867442220,0.6340717758
-99.5000000000,76.5000000000,0.0822101663,0.2851035572,0.6326862765
-98.5000000000,76.5000000000,0.0834365703,0.2847777736,0.6317856562
-95.5000000000,76.5000000000,0.0866303950,0.3189058717,0.5944637333
-94.5000000000,76.5000000000,0.0942705388,0.3369228832,0.5688065779
-93.5000000000,76.5000000000,0.0888725869,0.3591309347,0.5519964785
-92.5000000000,76.5000000000,0.0946253467,0.3889945375,0.5163801158
-90.5000000000,76.5000000000,0.0915730307,0.4644281105,0.4439988588
-88.5000000000,76.5000000000,0.0885244687,0.5435643960,0.3679111352
-86.5000000000,76.5000000000,0.0777583478,0.6158889629,0.3063526892
-85.5000000000,76.5000000000,0.0782872732,0.6386709096,0.2830418173
-84.5000000000,76.5000000000,0.0648274354,0.6682228447,0.2669497199
-83.5000000000,76.5000000000,0.0629818304,0.6895005694,0.2475176003
-82.5000000000,76.5000000000,0.0681434462,0.6952224647,0.2366340891
-81.5000000000,76.5000000000,0.0534425515,0.6814019460,0.2651555025
-80.5000000000,76.5000000000,0.0515761095,0.6492988425,0.2991250480
-79.5000000000,76.5000000000,0.0618472303,0.6035576038,0.3345951659
-78.5000000000,76.5000000000,0.0514230674,0.5544592819,0.3941176507
-115.5000000000,75.5000000000,0.0468753517,0.2107394164,0.7423852319
-114.5000000000,75.5000000000,0.0531676387,0.2207696949,0.7260626664
-113.5000000000,75.5000000000,0.0583951194,0.2355606578,0.7060442229
-112.5000000000,75.5000000000,0.0603516416,0.2484514983,0.6911968601
-111.5000000000,75.5000000000,0.0586596445,0.2597772765,0.6815630790
-110.5000000000,75.5000000000,0.0615431628,0.2710189996,0.6674378376
-109.5000000000,75.5000000000,0.0626253843,0.2788154149,0.6585592008
-108.5000000000,75.5000000000,0.0638902242,0.2846990225,0.6514107533
-107.5000000000,75.5000000000,0.0676694141,0.2880689620,0.6442616239
-106.5000000000,75.5000000000,0.0672601076,0.2875044257,0.6452354667
-99.5000000000,75.5000000000,0.0812545156,0.2836136412,0.6351318432
-98.5000000000,75.5000000000,0.0818879441,0.2833060416,0.6348060143
-95.5000000000,75.5000000000,0.0840875625,0.3174360854,0.5984763521
-94.5000000000,75.5000000000,0.0917787050,0.3355114936,0.5727098013
-91.5000000000,75.5000000000,0.0967944845,0.4248112371,0.4783942784
-90.5000000000,75.5000000000,0.1022106372,0.4603242813,0.4374650815
-89.5000000000,75.5000000000,0.1000399363,0.4995661758,0.4003938879
-88.5000000000,75.5000000000,0.0949532021,0.5399283765,0.3651184214
-85.5000000000,75.5000000000,0.0767636017,0.6376610672,0.2855753311
-84.5000000000,75.5000000000,0.0705739416,0.6645973605,0.2648286979
-83.5000000000,75.5000000000,0.0797053871,0.6810143299,0.2392802830
-82.5000000000,75.5000000000,0.0797754611,0.6885897189,0.2316348200
-81.5000000000,75.5000000000,0.0611435391,0.6774734875,0.2613829734
-80.5000000000,75.5000000000,0.0569557782,0.6464555466,0.2965886752
-121.5000000000,74.5000000000,0.0538762291,0.2921139912,0.6540097796
-113.5000000000,74.5000000000,0.0558014404,0.2391056719,0.7050928877
-112.5000000000,74.5000000000,0.0598507209,0.2515754127,0.6885738664
-97.5000000000,74.5000000000,0.0836820681,0.2873039319,0.6290140000
-88.5000000000,74.5000000000,0.0900494812,0.5346910758,0.3752594431
-87.5000000000,74.5000000000,0.0957583531,0.5707020157,0.3335396311
-86.5000000000,74.5000000000,0.0836175529,0.6045834373,0.3117990098
-123.5000000000,73.5000000000,0.0854794773,0.4736285522,0.4408919705
-122.5000000000,73.5000000000,0.0748055226,0.3945031190,0.5306913585
-121.5000000000,73.5000000000,0.0610041305,0.3115409443,0.6274549252
-120.5000000000,73.5000000000,0.0513860814,0.2446929154,0.7039210032
-119.5000000000,73.5000000000,0.0498047665,0.2264480793,0.7237471543
-118.5000000000,73.5000000000,0.0537532004,0.2230546826,0.7231921170
-117.5000000000,73.5000000000,0.0551622563,0.2217551541,0.7230825896
-116.5000000000,73.5000000000,0.0558955575,0.2249592321,0.7191452104
-115.5000000000,73.5000000000,0.0560345336,0.2309141116,0.7130513548
-106.5000000000,73.5000000000,0.0729685914,0.3007261979,0.6263052107
-105.5000000000,73.5000000000,0.0747781675,0.3006786025,0.6245432299
-104.5000000000,73.5000000000,0.0719582691,0.2961943322,0.6318473987
-101.5000000000,73.5000000000,0.0774796324,0.2919271563,0.6305932112
-100.5000000000,73.5000000000,0.0840716131,0.2903669610,0.6255614260
-99.5000000000,73.5000000000,0.0843427215,0.2848782841,0.6307789944
-98.5000000000,73.5000000000,0.0894759454,0.2839840429,0.6265400118
-95.5000000000,73.5000000000,0.0946285815,0.3111882609,0.5941831576
-94.5000000000,73.5000000000,0.1023561223,0.3310532880,0.5665905897
-93.5000000000,73.5000000000,0.1064331194,0.3544734058,0.5390934748
-92.5000000000,73.5000000000,0.1082688938,0.3831077993,0.5086233069
-91.5000000000,73.5000000000,0.1061296807,0.4166932895,0.4771770298
-87.5000000000,73.5000000000,0.0975238417,0.5600198684,0.3424562899
-86.5000000000,73.5000000000,0.0937935825,0.5857458698,0.3204605478
-83.5000000000,73.5000000000,0.0704575382,0.6455087003,0.2840337615
-82.5000000000,73.5000000000,0.0672345067,0.6475683903,0.2851971030
-81.5000000000,73.5000000000,0.0610911490,0.6403526691,0.2985561819
-80.5000000000,73.5000000000,0.0693448669,0.6101485205,0.3205066126
-79.5000000000,73.5000000000,0.0683799875,0.5761831775,0.3554368350
-78.5000000000,73.5000000000,0.0541245705,0.5325771372,0.4132982923
-77.5000000000,73.5000000000,0.0526774704,0.4802983417,0.4670241880
-124.5000000000,72.5000000000,0.1117544661,0.5538241104,0.3344214234
-123.5000000000,72.5000000000,0.1000422857,0.5121736598,0.3877840544
-122.5000000000,72.5000000000,0.0886717584,0.4426137606,0.4687144810
-121.5000000000,72.5000000000,0.0743748464,0.3531173424,0.5725078113
-120.5000000000,72.5000000000,0.0634983679,0.2773015566,0.6592000755
-119.5000000000,72.5000000000,0.0635404589,0.2607901670,0.6756693741
-117.5000000000,72.5000000000,0.0666209831,0.2493043244,0.6840746925
-116.5000000000,72.5000000000,0.0700332125,0.2522419022,0.6777248853
-115.5000000000,72.5000000000,0.0685568654,0.2565884207,0.6748547139
-114.5000000000,72.5000000000,0.0660832140,0.2620814876,0.6718352984
-113.5000000000,72.5000000000,0.0692043300,0.2674619255,0.6633337445
-112.5000000000,72.5000000000,0.0729100947,0.2759268194,0.6511630860
-111.5000000000,72.5000000000,0.0719464789,0.2884397946,0.6396137265
-109.5000000000,72.5000000000,0.0820603974,0.3016174283,0.6163221743
-107.5000000000,72.5000000000,0.0787629743,0.3122903094,0.6089467163
-106.5000000000,72.5000000000,0.0785726559,0.3130519793,0.6083753648
-105.5000000000,72.5000000000,0.0764386313,0.3108275025,0.6127338662
-101.5000000000,72.5000000000,0.0817403184,0.2960086143,0.6222510673
-100.5000000000,72.5000000000,0.0846663453,0.2930812035,0.6222524512
-99.5000000000,72.5000000000,0.0879065246,0.2893187761,0.6227746992
-98.5000000000,72.5000000000,0.0904078096,0.2873482960,0.6222438945
-97.5000000000,72.5000000000,0.0935279194,0.2920843794,0.6143877012
-96.5000000000,72.5000000000,0.0987840909,0.2983028936,0.6029130155
-94.5000000000,72.5000000000,0.1091259365,0.3312148012,0.5596592623
-93.5000000000,72.5000000000,0.1026957235,0.3542584517,0.5430458248
-89.5000000000,72.5000000000,0.1077665655,0.4810582617,0.4111751728
-88.5000000000,72.5000000000,0.1071945095,0.5166515961,0.3761538944
-87.5000000000,72.5000000000,0.1056247627,0.5415131423,0.3528620950
-86.5000000000,72.5000000000,0.0959473738,0.5676767951,0.3363758311
-85.5000000000,72.5000000000,0.0852367039,0.5904486455,0.3243146505
-84.5000000000,72.5000000000,0.0840019219,0.6059110561,0.3100870221
-83.5000000000,72.5000000000,0.0777293201,0.6139857244,0.3082849556
-82.5000000000,72.5000000000,0.0793697623,0.6126053946,0.3080248431
-81.5000000000,72.5000000000,0.0722008226,0.6049297061,0.3228694713
-80.5000000000,72.5000000000,0.0605877047,0.5856780870,0.3537342084
-78.5000000000,72.5000000000,0.0526921577,0.5139529723,0.4333548700
-77.5000000000,72.5000000000,0.0555860675,0.4688711492,0.4755427833
-76.5000000000,72.5000000000,0.0542236871,0.4267092613,0.5190670516
-75.5000000000,72.5000000000,0.0424801965,0.3820914472,0.5754283563
-123.5000000000,71.5000000000,0.1278343619,0.5404594596,0.3317061785
-122.5000000000,71.5000000000,0.1176501855,0.4936585124,0.3886913021
-121.5000000000,71.5000000000,0.0959578573,0.4057583296,0.4982838131
-117.5000000000,71.5000000000,0.0863845472,0.2851380090,0.6284774438
-116.5000000000,71.5000000000,0.0886054699,0.2850968978,0.6262976324
-114.5000000000,71.5000000000,0.0880114190,0.2900825355,0.6219060454
-113.5000000000,71.5000000000,0.0916342114,0.2910795554,0.6172862332
-112.5000000000,71.5000000000,0.0875558091,0.3001655559,0.6122786350
-111.5000000000,71.5000000000,0.0901040061,0.3094823907,0.6004136032
-110.5000000000,71.5000000000,0.0930816361,0.3150173103,0.5919010535
-109.5000000000,71.5000000000,0.0909354040,0.3209968570,0.5880677390
-108.5000000000,71.5000000000,0.0846900196,0.3237784139,0.5915315665
-107.5000000000,71.5000000000,0.0828967462,0.3267539282,0.5903493256
-106.5000000000,71.5000000000,0.0814494772,0.3252448466,0.5933056762
-105.5000000000,71.5000000000,0.0811997149,0.3225191212,0.5962811639
-104.5000000000,71.5000000000,0.0789598026,0.3186159328,0.6024242646
-98.5000000000,71.5000000000,0.0978177438,0.2955974622,0.6065847940
-95.5000000000,71.5000000000,0.1128556929,0.3184383985,0.5687059086
-94.5000000000,71.5000000000,0.1164423171,0.3350750943,0.5484825886
-93.5000000000,71.5000000000,0.1130659600,0.3564181602,0.5305158798
-89.5000000000,71.5000000000,0.1176431737,0.4690222247,0.4133346016
-88.5000000000,71.5000000000,0.1172013904,0.4997349162,0.3830636934
-87.5000000000,71.5000000000,0.1104670877,0.5240506938,0.3654822185
-86.5000000000,71.5000000000,0.1052878391,0.5473612249,0.3473509359
-85.5000000000,71.5000000000,0.0917424644,0.5676217091,0.3406358265
-84.5000000000,71.5000000000,0.0855709188,0.5818733522,0.3325557290
-83.5000000000,71.5000000000,0.0816108864,0.5844283173,0.3339607964
-82.5000000000,71.5000000000,0.0804917060,0.5820086103,0.3374996837
-81.5000000000,71.5000000000,0.0747139501,0.5721662732,0.3531197767
-80.5000000000,71.5000000000,0.0715727895,0.5503059184,0.3781212921
-79.5000000000,71.5000000000,0.0737047354,0.5218123584,0.4044829062
-78.5000000000,71.5000000000,0.0674291156,0.4904561417,0.4421147427
-77.5000000000,71.5000000000,0.0641017402,0.4548139634,0.4810842964
-76.5000000000,71.5000000000,0.0567082165,0.4154456891,0.5278460944
-75.5000000000,71.5000000000,0.0476230220,0.3752930216,0.5770839564
-74.5000000000,71.5000000000,0.0501616192,0.3402448261,0.6095935547
-72.5000000000,71.5000000000,0.0325199777,0.2744653359,0.6930146864
-158.5000000000,70.5000000000,0.0231818905,0.2066291451,0.7701889644
-157.5000000000,70.5000000000,0.0213881822,0.1925068822,0.7861049356
-156.5000000000,70.5000000000,0.0202984303,0.1929254100,0.7867761597
-155.5000000000,70.5000000000,0.0202944843,0.2020578110,0.7776477046
-154.5000000000,70.5000000000,0.0247613671,0.2375539359,0.7376846970
-153.5000000000,70.5000000000,0.0311075855,0.2754065668,0.6934858477
-152.5000000000,70.5000000000,0.0374568388,0.2993610309,0.6631821302
-149.5000000000,70.5000000000,0.0532172475,0.3234451868,0.6233375657
-111.5000000000,70.5000000000,0.1052783195,0.3399212261,0.5548004544
-110.5000000000,70.5000000000,0.1069431984,0.3418651840,0.5511916176
-109.5000000000,70.5000000000,0.1006972234,0.3431245304,0.5561782462
-108.5000000000,70.5000000000,0.0972429530,0.3429479932,0.5598090537
-107.5000000000,70.5000000000,0.0928561334,0.3436146379,0.5635292288
-106.5000000000,70.5000000000,0.0901850093,0.3402106055,0.5696043852
-105.5000000000,70.5000000000,0.0859626419,0.3364264252,0.5776109330
-104.5000000000,70.5000000000,0.0841469763,0.3331755581,0.5826774656
-103.5000000000,70.5000000000,0.0837841015,0.3231402427,0.5930756558
-95.5000000000,70.5000000000,0.1273378573,0.3214311434,0.5512309992
-94.5000000000,70.5000000000,0.1358112271,0.3369424196,0.5272463533
-93.5000000000,70.5000000000,0.1452362250,0.3568830533,0.4978807218
-92.5000000000,70.5000000000,0.1318644564,0.3819039403,0.4862316032
-88.5000000000,70.5000000000,0.1250738949,0.4830651144,0.3918609906
-87.5000000000,70.5000000000,0.1198178725,0.5024633176,0.3777188098
-86.5000000000,70.5000000000,0.1167590299,0.5232794464,0.3599615237
-85.5000000000,70.5000000000,0.1102576455,0.5380724777,0.3516698768
-84.5000000000,70.5000000000,0.0992447293,0.5490357077,0.3517195631
-83.5000000000,70.5000000000,0.0932048890,0.5542353088,0.3525598021
-82.5000000000,70.5000000000,0.0865282055,0.5530814800,0.3603903145
-81.5000000000,70.5000000000,0.0777086607,0.5402431956,0.3820481436
-80.5000000000,70.5000000000,0.0723812896,0.5229978745,0.4046208360
-79.5000000000,70.5000000000,0.0648535366,0.4986444190,0.4365020443
-78.5000000000,70.5000000000,0.0637724001,0.4684835564,0.4677440435
-77.5000000000,70.5000000000,0.0611676131,0.4343919064,0.5044404805
-76.5000000000,70.5000000000,0.0558107934,0.3953252279,0.5488639787
-75.5000000000,70.5000000000,0.0515743884,0.3603425253,0.5880830863
-74.5000000000,70.5000000000,0.0484095241,0.3304276413,0.6211628345
-73.5000000000,70.5000000000,0.0427179743,0.3006068545,0.6566751712
-72.5000000000,70.5000000000,0.0391106091,0.2702401464,0.6906492445
-71.5000000000,70.5000000000,0.0448000259,0.2442667500,0.7109332241
-70.5000000000,70.5000000000,0.0280504802,0.2132935228,0.7586559970
-69.5000000000,70.5000000000,0.0247248853,0.1931856097,0.7820895050
-68.5000000000,70.5000000000,0.0218318565,0.1752111637,0.8029569798
-162.5000000000,69.5000000000,0.0334616817,0.2721928434,0.6943454749
-161.5000000000,69.5000000000,0.0335667485,0.2779616516,0.6884715999
-160.5000000000,69.5000000000,0.0342219747,0.2805403447,0.6852376807
-159.5000000000,69.5000000000,0.0318807982,0.2754645590,0.6926546428
-158.5000000000,69.5000000000,0.0306317289,0.2682145500,0.7011537211
-157.5000000000,69.5000000000,0.0292297074,0.2609750771,0.7097952155
-156.5000000000,69.5000000000,0.0279958818,0.2636673635,0.7083367547
-155.5000000000,69.5000000000,0.0283938043,0.2707644711,0.7008417246
-154.5000000000,69.5000000000,0.0365159283,0.3260965889,0.6373874828
-153.5000000000,69.5000000000,0.0474190421,0.3720275196,0.5805534383
-152.5000000000,69.5000000000,0.0567108680,0.3907857404,0.5525033916
-151.5000000000,69.5000000000,0.0615651864,0.3947437328,0.5436910808
-150.5000000000,69.5000000000,0.0643666755,0.3811400064,0.5544933181
-149.5000000000,69.5000000000,0.0692590054,0.3660141658,0.5647268288
-148.5000000000,69.5000000000,0.0801055198,0.3823540632,0.5375404170
-147.5000000000,69.5000000000,0.0999205098,0.4043810986,0.4956983915
-146.5000000000,69.5000000000,0.1280193586,0.4199398961,0.4520407453
-145.5000000000,69.5000000000,0.1726574373,0.4265279014,0.4008146613
-144.5000000000,69.5000000000,0.1583112196,0.4470078632,0.3946809172
-143.5000000000,69.5000000000,0.1523015081,0.4577516843,0.3899468076
-142.5000000000,69.5000000000,0.1511580201,0.4497676531,0.3990743268
-141.5000000000,69.5000000000,0.1252122585,0.4344928757,0.4402948658
-140.5000000000,69.5000000000,0.1085732290,0.4125143914,0.4789123796
-139.5000000000,69.5000000000,0.0901140037,0.4048916798,0.5049943165
-132.5000000000,69.5000000000,0.1679738206,0.6620593716,0.1699668078
-131.5000000000,69.5000000000,0.1716930920,0.6631907125,0.1651161955
-130.5000000000,69.5000000000,0.1765575277,0.6583422332,0.1651002391
-129.5000000000,69.5000000000,0.1802354671,0.6488969557,0.1708675773
-128.5000000000,69.5000000000,0.1818541619,0.6404921618,0.1776536763
-127.5000000000,69.5000000000,0.1894235930,0.6271503843,0.1834260226
-126.5000000000,69.5000000000,0.1981746138,0.6069166477,0.1949087384
-125.5000000000,69.5000000000,0.1820597761,0.6010209018,0.2169193221
-124.5000000000,69.5000000000,0.1781995616,0.5762492504,0.2455511881
-122.5000000000,69.5000000000,0.1836813255,0.4856368607,0.3306818138
-121.5000000000,69.5000000000,0.1790670283,0.4300050392,0.3909279325
-116.5000000000,69.5000000000,0.1508512275,0.3599299185,0.4892188540
-115.5000000000,69.5000000000,0.1535385216,0.3586919308,0.4877695477
-114.5000000000,69.5000000000,0.1509486090,0.3592906882,0.4897607028
-113.5000000000,69.5000000000,0.1477107063,0.3631554092,0.4891338845
-112.5000000000,69.5000000000,0.1458467638,0.3674732090,0.4866800272
-111.5000000000,69.5000000000,0.1358623321,0.3702296470,0.4939080209
-110.5000000000,69.5000000000,0.1280058119,0.3713625062,0.5006316819
-109.5000000000,69.5000000000,0.1185620368,0.3711106014,0.5103273618
-108.5000000000,69.5000000000,0.1082781724,0.3675015848,0.5242202428
-107.5000000000,69.5000000000,0.1017138479,0.3661119783,0.5321741738
-106.5000000000,69.5000000000,0.0925617588,0.3601685313,0.5472697099
-105.5000000000,69.5000000000,0.0901332916,0.3551265002,0.5547402081
-104.5000000000,69.5000000000,0.0876854948,0.3469037381,0.5654107670
-103.5000000000,69.5000000000,0.0886910103,0.3343717739,0.5769372158
-97.5000000000,69.5000000000,0.1231872107,0.3054344949,0.5713782944
-96.5000000000,69.5000000000,0.1319204804,0.3136911450,0.5543883747
-95.5000000000,69.5000000000,0.1377178152,0.3246705538,0.5376116310
-92.5000000000,69.5000000000,0.1534091435,0.3773859459,0.4692049106
-91.5000000000,69.5000000000,0.1470515492,0.4006800907,0.4522683601
-90.5000000000,69.5000000000,0.1466789775,0.4252426868,0.4280783357
-85.5000000000,69.5000000000,0.1137308955,0.5154546283,0.3708144762
-84.5000000000,69.5000000000,0.1169120911,0.5213593123,0.3617285966
-83.5000000000,69.5000000000,0.1029419965,0.5264222015,0.3706358020
-82.5000000000,69.5000000000,0.0898637085,0.5244515429,0.3856847487
-76.5000000000,69.5000000000,0.0510976081,0.3799089915,0.5689934004
-75.5000000000,69.5000000000,0.0466895713,0.3493185313,0.6039918974
-74.5000000000,69.5000000000,0.0462519272,0.3187242986,0.6350237743
-73.5000000000,69.5000000000,0.0422435268,0.2888402495,0.6689162237
-72.5000000000,69.5000000000,0.0369577947,0.2611339366,0.7019082687
-71.5000000000,69.5000000000,0.0339097372,0.2338739654,0.7322162974
-70.5000000000,69.5000000000,0.0268939568,0.2046415152,0.7684645280
-69.5000000000,69.5000000000,0.0297872194,0.1877235264,0.7824892543
-68.5000000000,69.5000000000,0.0287480309,0.1736407580,0.7976112111
-165.5000000000,68.5000000000,0.0365240134,0.2516577095,0.7118182771
-164.5000000000,68.5000000000,0.0375251194,0.2693198184,0.6931550622
-163.5000000000,68.5000000000,0.0434666632,0.2905532475,0.6659800893
-162.5000000000,68.5000000000,0.0477701888,0.3085030398,0.6437267714
-161.5000000000,68.5000000000,0.0457299521,0.3227267922,0.6315432558
-160.5000000000,68.5000000000,0.0509459737,0.3404628869,0.6085911394
-159.5000000000,68.5000000000,0.0480132467,0.3478636503,0.6041231030
-158.5000000000,68.5000000000,0.0508118149,0.3573785126,0.5918096725
-157.5000000000,68.5000000000,0.0523504549,0.3676344438,0.5800151013
-156.5000000000,68.5000000000,0.0481796561,0.3892840732,0.5625362707
-155.5000000000,68.5000000000,0.0558132572,0.4171036274,0.5270831155
-154.5000000000,68.5000000000,0.0687819431,0.4633489631,0.4678690938
-153.5000000000,68.5000000000,0.0865840224,0.4970754115,0.4163405660
-152.5000000000,68.5000000000,0.1017455232,0.5039160566,0.3943384202
-151.5000000000,68.5000000000,0.1128661635,0.4917691385,0.3953646980
-150.5000000000,68.5000000000,0.1143885350,0.4571444081,0.4284670568
-149.5000000000,68.5000000000,0.1071444592,0.4227774060,0.4700781348
-148.5000000000,68.5000000000,0.1476729066,0.4307095712,0.4216175221
-147.5000000000,68.5000000000,0.1894418032,0.4430922790,0.3674659179
-146.5000000000,68.5000000000,0.1919990359,0.4575945641,0.3504064000
-145.5000000000,68.5000000000,0.2115615117,0.4636775023,0.3247609860
-144.5000000000,68.5000000000,0.2259923193,0.4741734998,0.2998341808
-143.5000000000,68.5000000000,0.2276618696,0.4781987650,0.2941393653
-142.5000000000,68.5000000000,0.1881284480,0.4842212620,0.3276502900
-141.5000000000,68.5000000000,0.1564938822,0.4546324216,0.3888736962
-140.5000000000,68.5000000000,0.1240335976,0.4179432701,0.4580231324
-139.5000000000,68.5000000000,0.1114712129,0.4024823501,0.4860464370
-138.5000000000,68.5000000000,0.1133609773,0.4157506283,0.4708883944
-137.5000000000,68.5000000000,0.1202573001,0.4763098033,0.4034328966
-136.5000000000,68.5000000000,0.1314510815,0.5460582340,0.3224906845
-135.5000000000,68.5000000000,0.1424785615,0.6027981209,0.2547233176
-134.5000000000,68.5000000000,0.1643792076,0.6360006639,0.1996201285
-133.5000000000,68.5000000000,0.1883210825,0.6500507183,0.1616281992
-132.5000000000,68.5000000000,0.1994627081,0.6502184180,0.1503188739
-131.5000000000,68.5000000000,0.2075688986,0.6434693755,0.1489617260
-130.5000000000,68.5000000000,0.2037977792,0.6409956244,0.1552065964
-129.5000000000,68.5000000000,0.2064369347,0.6334000893,0.1601629759
-128.5000000000,68.5000000000,0.2082339288,0.6259249479,0.1658411233
-127.5000000000,68.5000000000,0.2158815440,0.6136833227,0.1704351332
-126.5000000000,68.5000000000,0.2203309626,0.5976660410,0.1820029964
-125.5000000000,68.5000000000,0.2266236283,0.5777305227,0.1956458491
-124.5000000000,68.5000000000,0.2280088753,0.5530940190,0.2188971057
-123.5000000000,68.5000000000,0.2317196103,0.5187783182,0.2495020715
-122.5000000000,68.5000000000,0.2269391182,0.4818566319,0.2912042499
-121.5000000000,68.5000000000,0.2402377555,0.4354858866,0.3242763579
-120.5000000000,68.5000000000,0.2329641761,0.4145162829,0.3525195410
-119.5000000000,68.5000000000,0.2288995441,0.3999486842,0.3711517718
-118.5000000000,68.5000000000,0.2178214665,0.3956382835,0.3865402500
-117.5000000000,68.5000000000,0.2148063107,0.3917346304,0.3934590589
-116.5000000000,68.5000000000,0.2118506344,0.3913617081,0.3967876575
-115.5000000000,68.5000000000,0.2035894204,0.3913805428,0.4050300368
-114.5000000000,68.5000000000,0.1962364389,0.3925716075,0.4111919536
-112.5000000000,68.5000000000,0.1745476194,0.4024757400,0.4229766405
-107.5000000000,68.5000000000,0.1123673459,0.3876464630,0.4999861911
-105.5000000000,68.5000000000,0.0968714442,0.3689769068,0.5341516490
-104.5000000000,68.5000000000,0.0919878137,0.3543924396,0.5536197468
-97.5000000000,68.5000000000,0.1385844012,0.3073934388,0.5540221600
-96.5000000000,68.5000000000,0.1490155194,0.3143320277,0.5366524529
-93.5000000000,68.5000000000,0.1692356901,0.3581675855,0.4725967245
-92.5000000000,68.5000000000,0.1736804141,0.3756482836,0.4506713024
-91.5000000000,68.5000000000,0.1782178474,0.3929640233,0.4288181293
-89.5000000000,68.5000000000,0.1650336918,0.4325126775,0.4024536307
-88.5000000000,68.5000000000,0.1590793590,0.4472131544,0.3937074866
-85.5000000000,68.5000000000,0.1369573630,0.4912118538,0.3718307832
-84.5000000000,68.5000000000,0.1310356377,0.4986943924,0.3702699699
-83.5000000000,68.5000000000,0.1177056368,0.4983849175,0.3839094457
-73.5000000000,68.5000000000,0.0396269546,0.2797115972,0.6806614482
-72.5000000000,68.5000000000,0.0369770680,0.2515545956,0.7114683364
-71.5000000000,68.5000000000,0.0337243094,0.2255221462,0.7407535444
-70.5000000000,68.5000000000,0.0310285222,0.2014511352,0.7675203426
-69.5000000000,68.5000000000,0.0288122744,0.1808392368,0.7903484888
-68.5000000000,68.5000000000,0.0231887936,0.1641366239,0.8126745825
-163.5000000000,67.5000000000,0.0402061925,0.3107011444,0.6490926632
-162.5000000000,67.5000000000,0.0408290039,0.3400416184,0.6191293777
-161.5000000000,67.5000000000,0.0503208413,0.3730903858,0.5765887729
-160.5000000000,67.5000000000,0.0507556371,0.4021182396,0.5471261232
-159.5000000000,67.5000000000,0.0544933809,0.4240098421,0.5214967770
-158.5000000000,67.5000000000,0.0614842401,0.4476196198,0.4908961400
-157.5000000000,67.5000000000,0.0709557815,0.4808345949,0.4482096236
-156.5000000000,67.5000000000,0.0874602670,0.5232855712,0.3892541618
-155.5000000000,67.5000000000,0.1083707947,0.5542990390,0.3373301662
-154.5000000000,67.5000000000,0.1315976210,0.5776452153,0.2907571637
-153.5000000000,67.5000000000,0.1369681699,0.5914317288,0.2716001013
-152.5000000000,67.5000000000,0.1644115420,0.5805693967,0.2550190613
-151.5000000000,67.5000000000,0.1669327240,0.5684012561,0.2646660199
-150.5000000000,67.5000000000,0.1599498562,0.5331385856,0.3069115582
-149.5000000000,67.5000000000,0.1622092184,0.5063402375,0.3314505441
-148.5000000000,67.5000000000,0.1637194441,0.5139394903,0.3223410657
-147.5000000000,67.5000000000,0.1927505056,0.5191905106,0.2880589838
-146.5000000000,67.5000000000,0.1932362268,0.5305615607,0.2762022125
-145.5000000000,67.5000000000,0.2091845316,0.5312223366,0.2595931318
-144.5000000000,67.5000000000,0.2148071833,0.5332177869,0.2519750298
-143.5000000000,67.5000000000,0.2167764175,0.5321648195,0.2510587630
-142.5000000000,67.5000000000,0.1998303377,0.5264204434,0.2737492190
-141.5000000000,67.5000000000,0.1641018970,0.4833151149,0.3525829881
-140.5000000000,67.5000000000,0.1300895027,0.4262590480,0.4436514492
-139.5000000000,67.5000000000,0.1137134693,0.4162993061,0.4699872246
-138.5000000000,67.5000000000,0.1161684499,0.4427578775,0.4410736726
-137.5000000000,67.5000000000,0.1388275857,0.4976936719,0.3634787424
-136.5000000000,67.5000000000,0.1778157668,0.5444253257,0.2777589076
-135.5000000000,67.5000000000,0.1722577759,0.6035926773,0.2241495468
-134.5000000000,67.5000000000,0.1808072039,0.6359401683,0.1832526278
-133.5000000000,67.5000000000,0.2068720352,0.6379712102,0.1551567545
-132.5000000000,67.5000000000,0.2280921669,0.6302926872,0.1416151459
-131.5000000000,67.5000000000,0.2203016578,0.6343608756,0.1453374666
-130.5000000000,67.5000000000,0.2281269620,0.6225317363,0.1493413016
-129.5000000000,67.5000000000,0.2250484764,0.6167897325,0.1581617911
-128.5000000000,67.5000000000,0.2340277107,0.6048727281,0.1610995612
-127.5000000000,67.5000000000,0.2443632856,0.5928219208,0.1628147936
-126.5000000000,67.5000000000,0.2560771772,0.5767604555,0.1671623673
-125.5000000000,67.5000000000,0.2602067301,0.5581937915,0.1815994783
-124.5000000000,67.5000000000,0.2644723372,0.5357261452,0.1998015175
-123.5000000000,67.5000000000,0.2644212481,0.5084523617,0.2271263902
-122.5000000000,67.5000000000,0.2619137577,0.4798399453,0.2582462970
-121.5000000000,67.5000000000,0.2720214494,0.4503574068,0.2776211437
-120.5000000000,67.5000000000,0.2717793947,0.4342289363,0.2939916690
-119.5000000000,67.5000000000,0.2749858777,0.4229244289,0.3020896934
-118.5000000000,67.5000000000,0.2859758940,0.4120870315,0.3019370745
-117.5000000000,67.5000000000,0.2794140984,0.4135620878,0.3070238138
-116.5000000000,67.5000000000,0.2826267464,0.4106941099,0.3066791437
-115.5000000000,67.5000000000,0.2739644990,0.4115607787,0.3144747223
-114.5000000000,67.5000000000,0.2737097531,0.4072026607,0.3190875862
-113.5000000000,67.5000000000,0.2624086392,0.4089124323,0.3286789285
-112.5000000000,67.5000000000,0.2437334886,0.4137526637,0.3425138477
-111.5000000000,67.5000000000,0.2172281877,0.4201990112,0.3625728011
-110.5000000000,67.5000000000,0.1961285992,0.4242676754,0.3796037255
-109.5000000000,67.5000000000,0.1720433113,0.4245039648,0.4034527239
-107.5000000000,67.5000000000,0.1318011285,0.4068546266,0.4613442448
-106.5000000000,67.5000000000,0.1206792355,0.3970277180,0.4822930466
-105.5000000000,67.5000000000,0.1097226473,0.3832307717,0.5070465811
-104.5000000000,67.5000000000,0.1030913602,0.3666807112,0.5302279286
-103.5000000000,67.5000000000,0.1047448207,0.3473290847,0.5479260945
-102.5000000000,67.5000000000,0.1093964602,0.3319491948,0.5586543450
-101.5000000000,67.5000000000,0.1177971647,0.3189600072,0.5632428282
-100.5000000000,67.5000000000,0.1297837181,0.3116973794,0.5585189025
-99.5000000000,67.5000000000,0.1410464130,0.3081592024,0.5507943846
-98.5000000000,67.5000000000,0.1505626883,0.3055563687,0.5438809430
-97.5000000000,67.5000000000,0.1630220399,0.3088952090,0.5280827511
-96.5000000000,67.5000000000,0.1723031774,0.3150825944,0.5126142282
-94.5000000000,67.5000000000,0.1996179102,0.3361425923,0.4642394975
-93.5000000000,67.5000000000,0.2033504698,0.3502652840,0.4463842461
-92.5000000000,67.5000000000,0.2135449260,0.3654625623,0.4209925117
-91.5000000000,67.5000000000,0.2022485690,0.3829953267,0.4147561042
-90.5000000000,67.5000000000,0.2075265019,0.3943726108,0.3981008873
-89.5000000000,67.5000000000,0.1966592513,0.4128343221,0.3905064266
-88.5000000000,67.5000000000,0.1924182798,0.4268339720,0.3807477482
-85.5000000000,67.5000000000,0.1619798412,0.4684492124,0.3695709463
-84.5000000000,67.5000000000,0.1501091658,0.4762852666,0.3736055675
-83.5000000000,67.5000000000,0.1357552396,0.4781453896,0.3860993708
-82.5000000000,67.5000000000,0.1206597304,0.4726809409,0.4066593287
-81.5000000000,67.5000000000,0.1051738965,0.4630743751,0.4317517284
-76.5000000000,67.5000000000,0.0609834896,0.3607752930,0.5782412174
-75.5000000000,67.5000000000,0.0539966591,0.3345650114,0.6114383295
-71.5000000000,67.5000000000,0.0338665155,0.2244092287,0.7417242557
-70.5000000000,67.5000000000,0.0312896194,0.2009911813,0.7677191993
-69.5000000000,67.5000000000,0.0304922382,0.1804373226,0.7890704392
-68.5000000000,67.5000000000,0.0303340079,0.1649227178,0.8047432743
-67.5000000000,67.5000000000,0.0343660190,0.1598988421,0.8057351389
-66.5000000000,67.5000000000,0.0441921785,0.1584550624,0.7973527591
-65.5000000000,67.5000000000,0.0458067130,0.1631927474,0.7910005396
-64.5000000000,67.5000000000,0.0422736646,0.1724714367,0.7852548987
-164.5000000000,66.5000000000,0.0381270017,0.3003386431,0.6615343552
-160.5000000000,66.5000000000,0.0496382844,0.4430852643,0.5072764512
-159.5000000000,66.5000000000,0.0552745504,0.4798768037,0.4648486459
-158.5000000000,66.5000000000,0.0641623298,0.5198150327,0.4160226375
-157.5000000000,66.5000000000,0.0798213829,0.5641498198,0.3560287974
-156.5000000000,66.5000000000,0.1002034571,0.6106927819,0.2891037609
-155.5000000000,66.5000000000,0.1063193398,0.6349911513,0.2586895089
-154.5000000000,66.5000000000,0.1305605847,0.6431979360,0.2262414793
-153.5000000000,66.5000000000,0.1506400901,0.6415885867,0.2077713232
-152.5000000000,66.5000000000,0.1688381484,0.6289030958,0.2022587558
-151.5000000000,66.5000000000,0.1850734975,0.6028685215,0.2120579810
-150.5000000000,66.5000000000,0.2104602460,0.5677380972,0.2218016568
-149.5000000000,66.5000000000,0.2084476184,0.5549214356,0.2366309461
-148.5000000000,66.5000000000,0.1935375612,0.5643432911,0.2421191476
-147.5000000000,66.5000000000,0.1993401506,0.5762552295,0.2244046200
-146.5000000000,66.5000000000,0.1953863960,0.5774286757,0.2271849283
-145.5000000000,66.5000000000,0.2016395949,0.5818778858,0.2164825193
-144.5000000000,66.5000000000,0.2150398955,0.5668908676,0.2180692369
-143.5000000000,66.5000000000,0.2282399643,0.5516977914,0.2200622443
-142.5000000000,66.5000000000,0.2113203980,0.5354011208,0.2532784813
-141.5000000000,66.5000000000,0.1923475748,0.4971930317,0.3104593935
-140.5000000000,66.5000000000,0.1655762148,0.4612348247,0.3731889604
-139.5000000000,66.5000000000,0.1461321520,0.4573831763,0.3964846718
-138.5000000000,66.5000000000,0.1376992122,0.4837905843,0.3785102036
-137.5000000000,66.5000000000,0.1525313155,0.5269165812,0.3205521033
-136.5000000000,66.5000000000,0.1826222578,0.5643705026,0.2530072396
-135.5000000000,66.5000000000,0.1991611340,0.6027457263,0.1980931397
-134.5000000000,66.5000000000,0.2193863385,0.6137647882,0.1668488733
-133.5000000000,66.5000000000,0.2207299855,0.6265693552,0.1527006593
-132.5000000000,66.5000000000,0.2343257477,0.6222773591,0.1433968932
-131.5000000000,66.5000000000,0.2382016805,0.6169850070,0.1448133125
-130.5000000000,66.5000000000,0.2337094932,0.6140326411,0.1522578658
-129.5000000000,66.5000000000,0.2359633499,0.6048233816,0.1592132685
-128.5000000000,66.5000000000,0.2463269642,0.5904032573,0.1632697786
-127.5000000000,66.5000000000,0.2603165693,0.5774069382,0.1622764925
-126.5000000000,66.5000000000,0.2790840345,0.5584763249,0.1624396406
-125.5000000000,66.5000000000,0.2986810005,0.5328652948,0.1684537048
-124.5000000000,66.5000000000,0.2994773035,0.5173694552,0.1831532413
-123.5000000000,66.5000000000,0.2995328566,0.4951926348,0.2052745086
-122.5000000000,66.5000000000,0.2873263662,0.4815792494,0.2310943844
-121.5000000000,66.5000000000,0.2944780646,0.4645981128,0.2409238226
-120.5000000000,66.5000000000,0.3051199691,0.4516742519,0.2432057790
-119.5000000000,66.5000000000,0.3288943987,0.4342624360,0.2368431652
-118.5000000000,66.5000000000,0.3408372942,0.4253294179,0.2338332879
-117.5000000000,66.5000000000,0.3397434577,0.4264295689,0.2338269734
-116.5000000000,66.5000000000,0.3603413559,0.4125356377,0.2271230064
-115.5000000000,66.5000000000,0.3689114287,0.4043897441,0.2266988272
-114.5000000000,66.5000000000,0.3517287361,0.4079071409,0.2403641230
-113.5000000000,66.5000000000,0.3300581953,0.4151689499,0.2547728547
-112.5000000000,66.5000000000,0.3072909069,0.4225137991,0.2701952940
-111.5000000000,66.5000000000,0.2769870493,0.4290812802,0.2939316705
-110.5000000000,66.5000000000,0.2424435470,0.4372420617,0.3203143913
-109.5000000000,66.5000000000,0.2094379972,0.4388587412,0.3517032616
-108.5000000000,66.5000000000,0.1920330903,0.4308987788,0.3770681310
-107.5000000000,66.5000000000,0.1509043947,0.4264753604,0.4226202450
-106.5000000000,66.5000000000,0.1449930383,0.4104524025,0.4445545592
-105.5000000000,66.5000000000,0.1310920333,0.3956500770,0.4732578898
-104.5000000000,66.5000000000,0.1228466057,0.3796679905,0.4974854038
-103.5000000000,66.5000000000,0.1243894614,0.3519074955,0.5237030432
-102.5000000000,66.5000000000,0.1292820453,0.3326365817,0.5380813729
-101.5000000000,66.5000000000,0.1408732901,0.3166132326,0.5425134773
-100.5000000000,66.5000000000,0.1558184984,0.3078048459,0.5363766557
-99.5000000000,66.5000000000,0.1682199552,0.3050626918,0.5267173530
-98.5000000000,66.5000000000,0.1810725381,0.3038388472,0.5150886146
-97.5000000000,66.5000000000,0.1964548723,0.3086692598,0.4948758679
-96.5000000000,66.5000000000,0.2087047944,0.3168379805,0.4744572251
-95.5000000000,66.5000000000,0.2197935148,0.3250089112,0.4551975740
-94.5000000000,66.5000000000,0.2425151966,0.3324070730,0.4250777304
-93.5000000000,66.5000000000,0.2447915453,0.3420775107,0.4131309440
-92.5000000000,66.5000000000,0.2454780369,0.3563636687,0.3981582944
-91.5000000000,66.5000000000,0.2382292534,0.3721912620,0.3895794845
-90.5000000000,66.5000000000,0.2460009755,0.3805560092,0.3734430153
-89.5000000000,66.5000000000,0.2265329836,0.3995798485,0.3738871679
-88.5000000000,66.5000000000,0.2211838085,0.4132669960,0.3655491955
-87.5000000000,66.5000000000,0.2003443290,0.4319056202,0.3677500508
-84.5000000000,66.5000000000,0.1639916722,0.4572866452,0.3787216827
-83.5000000000,66.5000000000,0.1477269682,0.4587064763,0.3935665555
-73.5000000000,66.5000000000,0.0463237400,0.2775361179,0.6761401420
-72.5000000000,66.5000000000,0.0420974134,0.2530522105,0.7048503761
-71.5000000000,66.5000000000,0.0376697235,0.2301477680,0.7321825086
-70.5000000000,66.5000000000,0.0337585570,0.2067478361,0.7594936069
-69.5000000000,66.5000000000,0.0310686669,0.1891044972,0.7798268359
-68.5000000000,66.5000000000,0.0308717470,0.1745403094,0.7945879435
-67.5000000000,66.5000000000,0.0311597641,0.1668274775,0.8020127584
-66.5000000000,66.5000000000,0.0363146726,0.1615804019,0.8021049255
-65.5000000000,66.5000000000,0.0365557675,0.1699289110,0.7935153215
-64.5000000000,66.5000000000,0.0590402634,0.1861453898,0.7548143468
-63.5000000000,66.5000000000,0.0695522335,0.2037594715,0.7266882949
-62.5000000000,66.5000000000,0.0810774656,0.2220701104,0.6968524240
-167.5000000000,65.5000000000,0.0341249395,0.2255027902,0.7403722703
-166.5000000000,65.5000000000,0.0360209309,0.2517472745,0.7122317946
-165.5000000000,65.5000000000,0.0405498772,0.2786979404,0.6807521825
-164.5000000000,65.5000000000,0.0424218955,0.3091099344,0.6484681701
-163.5000000000,65.5000000000,0.0462860771,0.3460747185,0.6076392044
-162.5000000000,65.5000000000,0.0467999356,0.3831670680,0.5700329964
-161.5000000000,65.5000000000,0.0547969425,0.4212668892,0.5239361683
-160.5000000000,65.5000000000,0.0591186807,0.4627639373,0.4781173820
-159.5000000000,65.5000000000,0.0655509101,0.5065808219,0.4278682680
-158.5000000000,65.5000000000,0.0765411435,0.5504781793,0.3729806771
-157.5000000000,65.5000000000,0.0854346210,0.5982573162,0.3163080628
-156.5000000000,65.5000000000,0.1023347507,0.6408571016,0.2568081477
-155.5000000000,65.5000000000,0.1283837965,0.6571704171,0.2144457863
-154.5000000000,65.5000000000,0.1607009073,0.6568030301,0.1824960626
-153.5000000000,65.5000000000,0.1963412665,0.6408883100,0.1627704235
-152.5000000000,65.5000000000,0.2262539368,0.6181266994,0.1556193639
-151.5000000000,65.5000000000,0.2408281417,0.5980958943,0.1610759640
-150.5000000000,65.5000000000,0.2325406052,0.5908483492,0.1766110457
-149.5000000000,65.5000000000,0.2418220039,0.5720133538,0.1861646424
