Lon,Lat,C_LonLatElev,B_LonLatElev,U_LonLatElev
-112.5000000000,78.5000000000,0.0451915858,0.1907786246,0.7640297895
-111.5000000000,78.5000000000,0.0474307285,0.1910581826,0.7615110889
-110.5000000000,78.5000000000,0.0499209904,0.1905557617,0.7595232479
-109.5000000000,78.5000000000,0.0500705360,0.1914152148,0.7585142492
-104.5000000000,78.5000000000,0.0514318969,0.1943863679,0.7541817352
-103.5000000000,78.5000000000,0.0524536657,0.1946997419,0.7528465924
-102.5000000000,78.5000000000,0.0542681955,0.1977700409,0.7479617636
-101.5000000000,78.5000000000,0.0573272611,0.2023366857,0.7403360532
-100.5000000000,78.5000000000,0.0587653949,0.2063681904,0.7348664147
-97.5000000000,78.5000000000,0.0718139373,0.2402885426,0.6878975201
-96.5000000000,78.5000000000,0.0730135152,0.2522349867,0.6747514981
-95.5000000000,78.5000000000,0.0769140896,0.2668868851,0.6561990253
-92.5000000000,78.5000000000,0.0766872941,0.3080863230,0.6152263829
-91.5000000000,78.5000000000,0.0976295322,0.3367738605,0.5655966073
-90.5000000000,78.5000000000,0.1037400623,0.3632252089,0.5330347288
-89.5000000000,78.5000000000,0.0942434124,0.3888701667,0.5168864209
-86.5000000000,78.5000000000,0.0917922017,0.4928286667,0.4153791317
-85.5000000000,78.5000000000,0.0957790444,0.5375662338,0.3666547218
-84.5000000000,78.5000000000,0.0950665868,0.5765081232,0.3284252900
-83.5000000000,78.5000000000,0.0981033717,0.6103053487,0.2915912796
-82.5000000000,78.5000000000,0.0846010710,0.6285012085,0.2868977205
-81.5000000000,78.5000000000,0.0896214907,0.6224625484,0.2879159609
-80.5000000000,78.5000000000,0.1018778173,0.6042990609,0.2938231218
-79.5000000000,78.5000000000,0.1166206748,0.5813873596,0.3019919656
-78.5000000000,78.5000000000,0.0876230763,0.5451988083,0.3671781154
-77.5000000000,78.5000000000,0.0737268967,0.5051909165,0.4210821868
-116.5000000000,77.5000000000,0.0389964858,0.1886266659,0.7723768483
-112.5000000000,77.5000000000,0.0458289197,0.1906314408,0.7635396395
-111.5000000000,77.5000000000,0.0479121779,0.1907543957,0.7613334265
-110.5000000000,77.5000000000,0.0494091427,0.1894674212,0.7611234362
-105.5000000000,77.5000000000,0.0523174866,0.1937986942,0.7538838192
-95.5000000000,77.5000000000,0.0760950599,0.2655543411,0.6583505990
-94.5000000000,77.5000000000,0.0769242647,0.2781978108,0.6448779245
-93.5000000000,77.5000000000,0.0761652320,0.2909084428,0.6329263251
-90.5000000000,77.5000000000,0.0776555983,0.3503036111,0.5720407906
-87.5000000000,77.5000000000,0.0812691003,0.4471238787,0.4716070210
-86.5000000000,77.5000000000,0.0911135187,0.4914296190,0.4174568623
-82.5000000000,77.5000000000,0.0885079890,0.6281962584,0.2832957526
-81.5000000000,77.5000000000,0.0781009257,0.6185973601,0.3033017142
-80.5000000000,77.5000000000,0.0944726058,0.6023169056,0.3032104886
-79.5000000000,77.5000000000,0.0849317268,0.5753711608,0.3396971124
-78.5000000000,77.5000000000,0.0737163649,0.5379390791,0.3883445560
-120.5000000000,76.5000000000,0.0484739670,0.2601344156,0.6913916175
-119.5000000000,76.5000000000,0.0431812381,0.2240129067,0.7328058552
-117.5000000000,76.5000000000,0.0408335879,0.1950436974,0.7641227147
-109.5000000000,76.5000000000,0.0507853151,0.1905675232,0.7586471617
-104.5000000000,76.5000000000,0.0516749170,0.1931606707,0.7551644123
-103.5000000000,76.5000000000,0.0526830197,0.1934584329,0.7538585474
-100.5000000000,76.5000000000,0.0607866520,0.2062063920,0.7330069560
-99.5000000000,76.5000000000,0.0649858944,0.2153187330,0.7196953726
-98.5000000000,76.5000000000,0.0704331951,0.2255702977,0.7039965072
-95.5000000000,76.5000000000,0.0798672895,0.2666598328,0.6534728776
-94.5000000000,76.5000000000,0.0842164084,0.2810373554,0.6347462362
-93.5000000000,76.5000000000,0.0769004747,0.2903843393,0.6327151860
-92.5000000000,76.5000000000,0.0813277718,0.3087002125,0.6099720158
-90.5000000000,76.5000000000,0.0768825157,0.3487988488,0.5743186355
-88.5000000000,76.5000000000,0.0807655584,0.4106336983,0.5086007433
-86.5000000000,76.5000000000,0.0875833668,0.4888789782,0.4235376549
-85.5000000000,76.5000000000,0.0993172256,0.5362058761,0.3644768983
-84.5000000000,76.5000000000,0.0906984706,0.5732755535,0.3360259758
-83.5000000000,76.5000000000,0.0950894380,0.6078111314,0.2970994305
-82.5000000000,76.5000000000,0.1070642125,0.6285278324,0.2644079551
-81.5000000000,76.5000000000,0.0862554943,0.6197044708,0.2940400350
-80.5000000000,76.5000000000,0.0812469592,0.5980495342,0.3207035066
-79.5000000000,76.5000000000,0.0932450919,0.5765409113,0.3302139968
-78.5000000000,76.5000000000,0.0768359106,0.5384046434,0.3847594461
-115.5000000000,75.5000000000,0.0434355387,0.1890414023,0.7675230590
-114.5000000000,75.5000000000,0.0490269371,0.1927229102,0.7582501527
-113.5000000000,75.5000000000,0.0525544212,0.1938994211,0.7535461577
-112.5000000000,75.5000000000,0.0526776695,0.1946391459,0.7526831846
-111.5000000000,75.5000000000,0.0493206549,0.1904835928,0.7601957524
-110.5000000000,75.5000000000,0.0508950006,0.1892164141,0.7598885853
-109.5000000000,75.5000000000,0.0511372828,0.1901374027,0.7587253145
-108.5000000000,75.5000000000,0.0528616239,0.1923196421,0.7548187340
-107.5000000000,75.5000000000,0.0562681902,0.1957619870,0.7479698228
-106.5000000000,75.5000000000,0.0543146487,0.1941707106,0.7515146407
-99.5000000000,75.5000000000,0.0639478927,0.2139291870,0.7221229203
-98.5000000000,75.5000000000,0.0688058155,0.2238673662,0.7073268182
-95.5000000000,75.5000000000,0.0771537256,0.2643578349,0.6584884396
-94.5000000000,75.5000000000,0.0816034369,0.2788353649,0.6395611982
-91.5000000000,75.5000000000,0.0815158343,0.3263481994,0.5921359664
-90.5000000000,75.5000000000,0.0858353393,0.3526376252,0.5615270355
-89.5000000000,75.5000000000,0.0867249995,0.3822270231,0.5310479774
-88.5000000000,75.5000000000,0.0863685320,0.4124160346,0.5012154334
-85.5000000000,75.5000000000,0.0970718656,0.5345236949,0.3684044395
-84.5000000000,75.5000000000,0.0977974938,0.5737548585,0.3284476477
-83.5000000000,75.5000000000,0.1174679549,0.6077752044,0.2747568406
-82.5000000000,75.5000000000,0.1229058057,0.6264619525,0.2506322418
-81.5000000000,75.5000000000,0.0971551276,0.6203213567,0.2825235157
-80.5000000000,75.5000000000,0.0886897422,0.5990237193,0.3122865385
-121.5000000000,74.5000000000,0.0640487533,0.3232878996,0.6126633471
-113.5000000000,74.5000000000,0.0482770366,0.1912573802,0.7604655832
-112.5000000000,74.5000000000,0.0513554551,0.1940478753,0.7545966696
-97.5000000000,74.5000000000,0.0712364559,0.2339669951,0.6947965490
-88.5000000000,74.5000000000,0.0794573277,0.3970409034,0.5235017689
-87.5000000000,74.5000000000,0.0921404252,0.4383781668,0.4694814080
-86.5000000000,74.5000000000,0.0897472698,0.4792398870,0.4310128432
-123.5000000000,73.5000000000,0.1017821711,0.4788983654,0.4193194634
-122.5000000000,73.5000000000,0.0908856071,0.4220952292,0.4870191637
-121.5000000000,73.5000000000,0.0726839074,0.3467594984,0.5805565942
-120.5000000000,73.5000000000,0.0577005352,0.2769903500,0.6653091148
-119.5000000000,73.5000000000,0.0498091708,0.2430502951,0.7071405341
-118.5000000000,73.5000000000,0.0481722125,0.2220560547,0.7297717328
-117.5000000000,73.5000000000,0.0459348889,0.2081022277,0.7459628834
-116.5000000000,73.5000000000,0.0450119490,0.1991687962,0.7558192548
-115.5000000000,73.5000000000,0.0451472269,0.1944440296,0.7604087435
-106.5000000000,73.5000000000,0.0569374015,0.1953893878,0.7476732107
-105.5000000000,73.5000000000,0.0559452581,0.1948835413,0.7491712006
-104.5000000000,73.5000000000,0.0524560098,0.1899933784,0.7575506118
-101.5000000000,73.5000000000,0.0547198827,0.1916059596,0.7536741577
-100.5000000000,73.5000000000,0.0602773388,0.1993630650,0.7403595962
-99.5000000000,73.5000000000,0.0614945072,0.2048473928,0.7336581001
-98.5000000000,73.5000000000,0.0682034292,0.2156966112,0.7160999596
-95.5000000000,73.5000000000,0.0799327495,0.2528861259,0.6671811245
-94.5000000000,73.5000000000,0.0820234498,0.2619896073,0.6559869429
-93.5000000000,73.5000000000,0.0810478687,0.2712044345,0.6477476968
-92.5000000000,73.5000000000,0.0818057265,0.2875897002,0.6306045733
-91.5000000000,73.5000000000,0.0794774159,0.3017293449,0.6187932392
-87.5000000000,73.5000000000,0.0877771627,0.4187503377,0.4934724995
-86.5000000000,73.5000000000,0.0936491544,0.4595502343,0.4468006113
-83.5000000000,73.5000000000,0.0944599604,0.5584492557,0.3470907839
-82.5000000000,73.5000000000,0.0937514320,0.5716481011,0.3346004670
-81.5000000000,73.5000000000,0.0863466851,0.5668779829,0.3467753320
-80.5000000000,73.5000000000,0.0977000486,0.5596626779,0.3426372735
-79.5000000000,73.5000000000,0.0954258457,0.5390502659,0.3655238884
-78.5000000000,73.5000000000,0.0773550799,0.5087218353,0.4139230848
-77.5000000000,73.5000000000,0.0775234277,0.4813841784,0.4410923940
-124.5000000000,72.5000000000,0.1289311558,0.5376521379,0.3334167062
-123.5000000000,72.5000000000,0.1180000488,0.5107522995,0.3712476518
-122.5000000000,72.5000000000,0.1067293357,0.4647829384,0.4284877259
-121.5000000000,72.5000000000,0.0885281819,0.3919187501,0.5195530680
-120.5000000000,72.5000000000,0.0715706006,0.3211340394,0.6072953601
-119.5000000000,72.5000000000,0.0595696039,0.2736315403,0.6667988558
-117.5000000000,72.5000000000,0.0485923431,0.2184793972,0.7329282597
-116.5000000000,72.5000000000,0.0486387347,0.2065525049,0.7448087605
-115.5000000000,72.5000000000,0.0478905649,0.1989718072,0.7531376279
-114.5000000000,72.5000000000,0.0474631343,0.1942254179,0.7583114478
-113.5000000000,72.5000000000,0.0527742511,0.1959199729,0.7513057760
-112.5000000000,72.5000000000,0.0569892127,0.1982646074,0.7447461798
-111.5000000000,72.5000000000,0.0554314927,0.1954934907,0.7490750166
-109.5000000000,72.5000000000,0.0649744502,0.2015964000,0.7334291498
-107.5000000000,72.5000000000,0.0599969330,0.1980824342,0.7419206327
-106.5000000000,72.5000000000,0.0588345983,0.1962930005,0.7448724012
-105.5000000000,72.5000000000,0.0545539097,0.1919968258,0.7534492645
-101.5000000000,72.5000000000,0.0545362259,0.1875903207,0.7578734534
-100.5000000000,72.5000000000,0.0566726273,0.1914123770,0.7519149957
-99.5000000000,72.5000000000,0.0596521660,0.1971874171,0.7431604169
-98.5000000000,72.5000000000,0.0629976664,0.2044559589,0.7325463748
-97.5000000000,72.5000000000,0.0667567130,0.2145699632,0.7186733237
-96.5000000000,72.5000000000,0.0722221243,0.2252495367,0.7025283390
-94.5000000000,72.5000000000,0.0777365370,0.2451275259,0.6771359371
-93.5000000000,72.5000000000,0.0694406504,0.2494137009,0.6811456487
-89.5000000000,72.5000000000,0.0750503379,0.3243383551,0.6006113070
-88.5000000000,72.5000000000,0.0792189380,0.3568541951,0.5639268669
-87.5000000000,72.5000000000,0.0868975192,0.3911868087,0.5219156721
-86.5000000000,72.5000000000,0.0872004522,0.4256901549,0.4871093929
-85.5000000000,72.5000000000,0.0875532963,0.4607552239,0.4516914798
-84.5000000000,72.5000000000,0.0944954919,0.4945263273,0.4109781808
-83.5000000000,72.5000000000,0.0959062803,0.5186906065,0.3854031132
-82.5000000000,72.5000000000,0.1016293411,0.5340680979,0.3643025610
-81.5000000000,72.5000000000,0.0941298373,0.5308161412,0.3750540215
-80.5000000000,72.5000000000,0.0805723092,0.5193973212,0.4000303696
-78.5000000000,72.5000000000,0.0716497477,0.4796677063,0.4486825461
-77.5000000000,72.5000000000,0.0782345949,0.4619557352,0.4598096699
-76.5000000000,72.5000000000,0.0766745166,0.4360762794,0.4872492040
-75.5000000000,72.5000000000,0.0615677245,0.3977807945,0.5406514810
-123.5000000000,71.5000000000,0.1460965081,0.5382210768,0.3156824151
-122.5000000000,71.5000000000,0.1350915046,0.5078586580,0.3570498374
-121.5000000000,71.5000000000,0.1066623407,0.4390705044,0.4542671548
-117.5000000000,71.5000000000,0.0541714549,0.2317443900,0.7140841551
-116.5000000000,71.5000000000,0.0513487913,0.2112774012,0.7373738075
-114.5000000000,71.5000000000,0.0544455662,0.2002571321,0.7452973017
-113.5000000000,71.5000000000,0.0633458250,0.2061113967,0.7305427783
-112.5000000000,71.5000000000,0.0634211048,0.2049785859,0.7316003092
-111.5000000000,71.5000000000,0.0659504972,0.2046727997,0.7293767030
-110.5000000000,71.5000000000,0.0697817443,0.2075528091,0.7226654466
-109.5000000000,71.5000000000,0.0695870062,0.2082561265,0.7221568673
-108.5000000000,71.5000000000,0.0642923135,0.2048967460,0.7308109405
-107.5000000000,71.5000000000,0.0626281841,0.2045777900,0.7327940259
-106.5000000000,71.5000000000,0.0601294326,0.2001818298,0.7396887377
-105.5000000000,71.5000000000,0.0573459899,0.1937974124,0.7488565977
-104.5000000000,71.5000000000,0.0536654589,0.1875325695,0.7588019716
-98.5000000000,71.5000000000,0.0602107369,0.1900688246,0.7497204385
-95.5000000000,71.5000000000,0.0702073373,0.2151845846,0.7146080782
-94.5000000000,71.5000000000,0.0706308785,0.2235301912,0.7058389303
-93.5000000000,71.5000000000,0.0663685911,0.2299482237,0.7036831851
-89.5000000000,71.5000000000,0.0724008152,0.2970135436,0.6305856412
-88.5000000000,71.5000000000,0.0784773572,0.3295283718,0.5919942711
-87.5000000000,71.5000000000,0.0809402097,0.3606970485,0.5583627418
-86.5000000000,71.5000000000,0.0862464661,0.3975119050,0.5162416289
-85.5000000000,71.5000000000,0.0846950926,0.4276830011,0.4876219063
-84.5000000000,71.5000000000,0.0880708177,0.4563161731,0.4556130092
-83.5000000000,71.5000000000,0.0907612235,0.4762018438,0.4330369327
-82.5000000000,71.5000000000,0.0945756938,0.4904141721,0.4150101341
-81.5000000000,71.5000000000,0.0917282416,0.4901342497,0.4181375087
-80.5000000000,71.5000000000,0.0892758864,0.4840123352,0.4267117784
-79.5000000000,71.5000000000,0.0941512908,0.4768116066,0.4290371026
-78.5000000000,71.5000000000,0.0881543257,0.4571000400,0.4547456342
-77.5000000000,71.5000000000,0.0858096356,0.4378963436,0.4762940207
-76.5000000000,71.5000000000,0.0776725264,0.4123989882,0.5099284854
-75.5000000000,71.5000000000,0.0663497366,0.3826996567,0.5509506067
-74.5000000000,71.5000000000,0.0707400400,0.3627168143,0.5665431456
-72.5000000000,71.5000000000,0.0474413843,0.3018405509,0.6507180648
-158.5000000000,70.5000000000,0.0426033406,0.1612211233,0.7961755361
-157.5000000000,70.5000000000,0.0458375561,0.1757069829,0.7784554610
-156.5000000000,70.5000000000,0.0519489903,0.2054190058,0.7426320039
-155.5000000000,70.5000000000,0.0594416211,0.2407128619,0.6998455170
-154.5000000000,70.5000000000,0.0648166806,0.2689850026,0.6661983167
-153.5000000000,70.5000000000,0.0692742830,0.2884748918,0.6422508252
-152.5000000000,70.5000000000,0.0695391972,0.2946627360,0.6357980668
-149.5000000000,70.5000000000,0.0585413201,0.2692477350,0.6722109449
-111.5000000000,70.5000000000,0.0702866964,0.2106652220,0.7190480816
-110.5000000000,70.5000000000,0.0762235274,0.2165142525,0.7072622201
-109.5000000000,70.5000000000,0.0750122369,0.2182436400,0.7067441231
-108.5000000000,70.5000000000,0.0729668274,0.2172396039,0.7097935687
-107.5000000000,70.5000000000,0.0690424436,0.2145388210,0.7164187353
-106.5000000000,70.5000000000,0.0662388293,0.2086503052,0.7251108655
-105.5000000000,70.5000000000,0.0607195116,0.1985150257,0.7407654627
-104.5000000000,70.5000000000,0.0565707930,0.1908451137,0.7525840933
-103.5000000000,70.5000000000,0.0538443897,0.1842188405,0.7619367698
-95.5000000000,70.5000000000,0.0674272795,0.1955457178,0.7370270027
-94.5000000000,70.5000000000,0.0698796133,0.2037677869,0.7263525997
-93.5000000000,70.5000000000,0.0718319107,0.2127647472,0.7154033421
-92.5000000000,70.5000000000,0.0621193210,0.2164778279,0.7214028511
-88.5000000000,70.5000000000,0.0735201874,0.3007309168,0.6257488958
-87.5000000000,70.5000000000,0.0796522230,0.3324225769,0.5879252001
-86.5000000000,70.5000000000,0.0875285326,0.3673812365,0.5450902308
-85.5000000000,70.5000000000,0.0934075903,0.3947031183,0.5118892914
-84.5000000000,70.5000000000,0.0917174479,0.4176613872,0.4906211649
-83.5000000000,70.5000000000,0.0931899463,0.4364348049,0.4703752488
-82.5000000000,70.5000000000,0.0928396273,0.4483255113,0.4588348614
-81.5000000000,70.5000000000,0.0890952064,0.4469399464,0.4639648472
-80.5000000000,70.5000000000,0.0849094776,0.4432768850,0.4718136374
-79.5000000000,70.5000000000,0.0780255132,0.4327779777,0.4891965091
-78.5000000000,70.5000000000,0.0796510780,0.4185370988,0.5018118232
-77.5000000000,70.5000000000,0.0793030493,0.4049184451,0.5157785057
-76.5000000000,70.5000000000,0.0744330120,0.3836208081,0.5419461798
-75.5000000000,70.5000000000,0.0698579093,0.3622677236,0.5678743671
-74.5000000000,70.5000000000,0.0653964808,0.3403357012,0.5942678180
-73.5000000000,70.5000000000,0.0582412512,0.3151449123,0.6266138365
-72.5000000000,70.5000000000,0.0552557751,0.2985567239,0.6461875011
-71.5000000000,70.5000000000,0.0646741693,0.2930196338,0.6423061969
-70.5000000000,70.5000000000,0.0414514912,0.2570569776,0.7014915312
-69.5000000000,70.5000000000,0.0372193051,0.2400665473,0.7227141476
-68.5000000000,70.5000000000,0.0331950083,0.2229275429,0.7438774488
-162.5000000000,69.5000000000,0.0388742651,0.1383465656,0.8227791693
-161.5000000000,69.5000000000,0.0416175211,0.1501515603,0.8082309187
-160.5000000000,69.5000000000,0.0453854978,0.1611635377,0.7934509644
-159.5000000000,69.5000000000,0.0466269186,0.1727017828,0.7806712986
-158.5000000000,69.5000000000,0.0504349342,0.1893381393,0.7602269265
-157.5000000000,69.5000000000,0.0552623871,0.2114997809,0.7332378320
-156.5000000000,69.5000000000,0.0635956354,0.2493810645,0.6870233001
-155.5000000000,69.5000000000,0.0753103168,0.2931477964,0.6315418867
-154.5000000000,69.5000000000,0.0838548870,0.3298092910,0.5863358221
-153.5000000000,69.5000000000,0.0901464380,0.3497797272,0.5600738348
-152.5000000000,69.5000000000,0.0917240873,0.3545293645,0.5537465482
-151.5000000000,69.5000000000,0.0846160080,0.3432396794,0.5721443125
-150.5000000000,69.5000000000,0.0776100871,0.3249676361,0.5974222768
-149.5000000000,69.5000000000,0.0744280329,0.3074987507,0.6180732164
-148.5000000000,69.5000000000,0.0739653289,0.3026763444,0.6233583268
-147.5000000000,69.5000000000,0.0799066424,0.3058068005,0.6142865570
-146.5000000000,69.5000000000,0.0892246719,0.3091269227,0.6016484054
-145.5000000000,69.5000000000,0.1191533691,0.3278596528,0.5529869781
-144.5000000000,69.5000000000,0.1069625237,0.3300862795,0.5629511968
-143.5000000000,69.5000000000,0.1018917853,0.3297515123,0.5683567025
-142.5000000000,69.5000000000,0.1044338652,0.3324292335,0.5631369012
-141.5000000000,69.5000000000,0.0909728134,0.3306616579,0.5783655287
-140.5000000000,69.5000000000,0.0858342066,0.3361630615,0.5780027319
-139.5000000000,69.5000000000,0.0763981295,0.3431487443,0.5804531262
-132.5000000000,69.5000000000,0.1488039437,0.5696666861,0.2815293702
-131.5000000000,69.5000000000,0.1563625691,0.5740339932,0.2696034377
-130.5000000000,69.5000000000,0.1630042994,0.5763731172,0.2606225834
-129.5000000000,69.5000000000,0.1708413158,0.5736793819,0.2554793022
-128.5000000000,69.5000000000,0.1766616170,0.5734541843,0.2498841987
-127.5000000000,69.5000000000,0.1860771642,0.5691041837,0.2448186521
-126.5000000000,69.5000000000,0.1981433365,0.5628536064,0.2390030572
-125.5000000000,69.5000000000,0.1874524628,0.5605367092,0.2520108280
-124.5000000000,69.5000000000,0.1826397467,0.5499136087,0.2674466446
-122.5000000000,69.5000000000,0.1773088189,0.5016152361,0.3210759450
-121.5000000000,69.5000000000,0.1620783996,0.4575437891,0.3803778113
-116.5000000000,69.5000000000,0.0602671375,0.2198187458,0.7199141167
-115.5000000000,69.5000000000,0.0578805294,0.2031368156,0.7389826550
-114.5000000000,69.5000000000,0.0625164453,0.2016718633,0.7358116914
-113.5000000000,69.5000000000,0.0710472484,0.2072396707,0.7217130809
-112.5000000000,69.5000000000,0.0807680504,0.2137603331,0.7054716165
-111.5000000000,69.5000000000,0.0846422242,0.2225049986,0.6928527772
-110.5000000000,69.5000000000,0.0868642882,0.2283507791,0.6847849328
-109.5000000000,69.5000000000,0.0866598819,0.2333445523,0.6799955658
-108.5000000000,69.5000000000,0.0824556219,0.2327496114,0.6847947667
-107.5000000000,69.5000000000,0.0763726745,0.2278771046,0.6957502209
-106.5000000000,69.5000000000,0.0686864890,0.2170386867,0.7142748244
-105.5000000000,69.5000000000,0.0642648375,0.2059551159,0.7297800466
-104.5000000000,69.5000000000,0.0591292396,0.1942284909,0.7466422695
-103.5000000000,69.5000000000,0.0553375688,0.1830689303,0.7615935010
-97.5000000000,69.5000000000,0.0574604846,0.1644997224,0.7780397930
-96.5000000000,69.5000000000,0.0594519766,0.1680016700,0.7725463534
-95.5000000000,69.5000000000,0.0607289951,0.1742585948,0.7650124101
-92.5000000000,69.5000000000,0.0602961710,0.1942695066,0.7454343224
-91.5000000000,69.5000000000,0.0581395832,0.2041644476,0.7376959692
-90.5000000000,69.5000000000,0.0619158913,0.2243269324,0.7137571763
-85.5000000000,69.5000000000,0.0858479884,0.3561407210,0.5580112906
-84.5000000000,69.5000000000,0.0975138560,0.3832026291,0.5192835150
-83.5000000000,69.5000000000,0.0943121906,0.3993858201,0.5063019893
-82.5000000000,69.5000000000,0.0887301061,0.4074630323,0.5038068616
-76.5000000000,69.5000000000,0.0647360086,0.3520451058,0.5832188856
-75.5000000000,69.5000000000,0.0600495614,0.3332040804,0.6067463582
-74.5000000000,69.5000000000,0.0607759671,0.3198433700,0.6193806630
-73.5000000000,69.5000000000,0.0562566420,0.2999242584,0.6438190996
-72.5000000000,69.5000000000,0.0504869431,0.2812811724,0.6682318845
-71.5000000000,69.5000000000,0.0468646713,0.2654798794,0.6876554493
-70.5000000000,69.5000000000,0.0390200134,0.2432290990,0.7177508875
-69.5000000000,69.5000000000,0.0446826285,0.2378041618,0.7175132097
-68.5000000000,69.5000000000,0.0435521151,0.2255384064,0.7309094785
-165.5000000000,68.5000000000,0.0379469673,0.1173687049,0.8446843278
-164.5000000000,68.5000000000,0.0399461747,0.1288801704,0.8311736549
-163.5000000000,68.5000000000,0.0480397636,0.1455323300,0.8064279064
-162.5000000000,68.5000000000,0.0547332388,0.1607314261,0.7845353351
-161.5000000000,68.5000000000,0.0554533831,0.1757981709,0.7687484460
-160.5000000000,68.5000000000,0.0655323960,0.1945310513,0.7399365527
-159.5000000000,68.5000000000,0.0650453053,0.2110414908,0.7239132039
-158.5000000000,68.5000000000,0.0729005985,0.2349311905,0.6921682111
-157.5000000000,68.5000000000,0.0820782849,0.2663358690,0.6515858461
-156.5000000000,68.5000000000,0.0856787463,0.3098571372,0.6044641165
-155.5000000000,68.5000000000,0.1055295562,0.3617378087,0.5327326351
-154.5000000000,68.5000000000,0.1215409144,0.4010875877,0.4773714979
-153.5000000000,68.5000000000,0.1332815542,0.4219700865,0.4447483592
-152.5000000000,68.5000000000,0.1369523313,0.4235007614,0.4395469074
-151.5000000000,68.5000000000,0.1343372953,0.4114587405,0.4542039642
-150.5000000000,68.5000000000,0.1251950092,0.3865083773,0.4882966135
-149.5000000000,68.5000000000,0.1102940824,0.3584718324,0.5312340852
-148.5000000000,68.5000000000,0.1383526797,0.3651024155,0.4965449048
-147.5000000000,68.5000000000,0.1592395199,0.3699261785,0.4708343016
-146.5000000000,68.5000000000,0.1457144878,0.3659552995,0.4883302127
-145.5000000000,68.5000000000,0.1552081291,0.3695842306,0.4752076403
-144.5000000000,68.5000000000,0.1648027057,0.3740455977,0.4611516966
-143.5000000000,68.5000000000,0.1645134080,0.3711362234,0.4643503685
-142.5000000000,68.5000000000,0.1362807476,0.3657533991,0.4979658533
-141.5000000000,68.5000000000,0.1230479490,0.3627925437,0.5141595073
-140.5000000000,68.5000000000,0.1088619956,0.3596471363,0.5314908681
-139.5000000000,68.5000000000,0.1036104118,0.3661401708,0.5302494174
-138.5000000000,68.5000000000,0.1104588782,0.3926134420,0.4969276798
-137.5000000000,68.5000000000,0.1196402616,0.4386806734,0.4416790650
-136.5000000000,68.5000000000,0.1310557629,0.4890677343,0.3798765027
-135.5000000000,68.5000000000,0.1447980283,0.5321436464,0.3230583254
-134.5000000000,68.5000000000,0.1638870162,0.5607370138,0.2753759700
-133.5000000000,68.5000000000,0.1836666930,0.5747625419,0.2415707651
-132.5000000000,68.5000000000,0.1881977048,0.5735001513,0.2383021439
-131.5000000000,68.5000000000,0.1964194041,0.5691268406,0.2344537553
-130.5000000000,68.5000000000,0.1946105188,0.5702279054,0.2351615758
-129.5000000000,68.5000000000,0.1992655022,0.5658711929,0.2348633048
-128.5000000000,68.5000000000,0.2048604147,0.5618066354,0.2333329499
-127.5000000000,68.5000000000,0.2135935688,0.5563315555,0.2300748758
-126.5000000000,68.5000000000,0.2189710150,0.5495197018,0.2315092832
-125.5000000000,68.5000000000,0.2276116781,0.5389609516,0.2334273703
-124.5000000000,68.5000000000,0.2263566648,0.5316654402,0.2419778950
-123.5000000000,68.5000000000,0.2223173912,0.5145794472,0.2631031617
-122.5000000000,68.5000000000,0.2086123621,0.4878586272,0.3035290107
-121.5000000000,68.5000000000,0.2059269642,0.4512703438,0.3428026919
-120.5000000000,68.5000000000,0.1792030662,0.4105869349,0.4102099989
-119.5000000000,68.5000000000,0.1507860217,0.3633710911,0.4858428872
-118.5000000000,68.5000000000,0.1160098339,0.3151820487,0.5688081174
-117.5000000000,68.5000000000,0.0923163626,0.2693585709,0.6383250665
-116.5000000000,68.5000000000,0.0745567252,0.2306142361,0.6948290387
-115.5000000000,68.5000000000,0.0651292111,0.2081672633,0.7267035256
-114.5000000000,68.5000000000,0.0696270796,0.2084995655,0.7218733550
-112.5000000000,68.5000000000,0.0876848983,0.2271051098,0.6852099919
-107.5000000000,68.5000000000,0.0867319302,0.2460353408,0.6672327289
-105.5000000000,68.5000000000,0.0714214810,0.2180877102,0.7104908088
-104.5000000000,68.5000000000,0.0645383516,0.2012625353,0.7341991131
-97.5000000000,68.5000000000,0.0554304516,0.1495877271,0.7949818213
-96.5000000000,68.5000000000,0.0582722574,0.1533197952,0.7884079473
-93.5000000000,68.5000000000,0.0576104156,0.1704252737,0.7719643107
-92.5000000000,68.5000000000,0.0582944490,0.1771195027,0.7645860483
-91.5000000000,68.5000000000,0.0617000625,0.1878129900,0.7504869475
-89.5000000000,68.5000000000,0.0690575123,0.2281267982,0.7028156895
-88.5000000000,68.5000000000,0.0775572701,0.2551596067,0.6672831231
-85.5000000000,68.5000000000,0.0961509730,0.3285854065,0.5752636205
-84.5000000000,68.5000000000,0.1001994274,0.3478712468,0.5519293259
-83.5000000000,68.5000000000,0.0987035499,0.3611751889,0.5401212611
-73.5000000000,68.5000000000,0.0507511613,0.2789828700,0.6702659686
-72.5000000000,68.5000000000,0.0488519952,0.2668963132,0.6842516915
-71.5000000000,68.5000000000,0.0457025868,0.2523009698,0.7019964435
-70.5000000000,68.5000000000,0.0437763986,0.2380624169,0.7181611845
-69.5000000000,68.5000000000,0.0423128838,0.2258164430,0.7318706732
-68.5000000000,68.5000000000,0.0348288479,0.2048750120,0.7602961401
-163.5000000000,67.5000000000,0.0435767643,0.1516418566,0.8047813791
-162.5000000000,67.5000000000,0.0446115687,0.1686090490,0.7867793823
-161.5000000000,67.5000000000,0.0582278710,0.1969884229,0.7447837061
-160.5000000000,67.5000000000,0.0613198894,0.2172085418,0.7214715688
-159.5000000000,67.5000000000,0.0686348195,0.2432852270,0.6880799535
-158.5000000000,67.5000000000,0.0815378225,0.2792064513,0.6392557262
-157.5000000000,67.5000000000,0.0981757337,0.3233517553,0.5784725110
-156.5000000000,67.5000000000,0.1269447000,0.3761955903,0.4968597097
-155.5000000000,67.5000000000,0.1598638134,0.4269752854,0.4131609012
-154.5000000000,67.5000000000,0.1868232099,0.4591791276,0.3539976625
-153.5000000000,67.5000000000,0.1755181956,0.4769464356,0.3475353688
-152.5000000000,67.5000000000,0.1897215575,0.4760113171,0.3342671254
-151.5000000000,67.5000000000,0.1769901072,0.4668017119,0.3562081809
-150.5000000000,67.5000000000,0.1562962916,0.4471636750,0.3965400334
-149.5000000000,67.5000000000,0.1552286584,0.4266428712,0.4181284703
-148.5000000000,67.5000000000,0.1532801567,0.4258982362,0.4208216071
-147.5000000000,67.5000000000,0.1751597182,0.4306235721,0.3942167098
-146.5000000000,67.5000000000,0.1692004752,0.4324348840,0.3983646408
-145.5000000000,67.5000000000,0.1770515940,0.4319974679,0.3909509380
-144.5000000000,67.5000000000,0.1741510537,0.4229532825,0.4028956638
-143.5000000000,67.5000000000,0.1676303556,0.4082836016,0.4240860428
-142.5000000000,67.5000000000,0.1533461182,0.3992535296,0.4474003522
-141.5000000000,67.5000000000,0.1416771529,0.3945991433,0.4637237038
-140.5000000000,67.5000000000,0.1314496552,0.3921693261,0.4763810187
-139.5000000000,67.5000000000,0.1160146098,0.3887518812,0.4952335090
-138.5000000000,67.5000000000,0.1190461770,0.4167067396,0.4642470833
-137.5000000000,67.5000000000,0.1423660818,0.4613222225,0.3963116957
-136.5000000000,67.5000000000,0.1816836521,0.5017810192,0.3165353287
-135.5000000000,67.5000000000,0.1794640266,0.5379179291,0.2826180443
-134.5000000000,67.5000000000,0.1878400587,0.5605533359,0.2516066053
-133.5000000000,67.5000000000,0.2107271362,0.5655104758,0.2237623881
-132.5000000000,67.5000000000,0.2278973360,0.5606123449,0.2114903190
-131.5000000000,67.5000000000,0.2188090911,0.5623056676,0.2188852413
-130.5000000000,67.5000000000,0.2256695848,0.5543498815,0.2199805337
-129.5000000000,67.5000000000,0.2246806972,0.5520603440,0.2232589588
-128.5000000000,67.5000000000,0.2349558321,0.5432207998,0.2218233681
-127.5000000000,67.5000000000,0.2453832325,0.5379026959,0.2167140716
-126.5000000000,67.5000000000,0.2560755344,0.5292366763,0.2146877894
-125.5000000000,67.5000000000,0.2602614528,0.5207257851,0.2190127621
-124.5000000000,67.5000000000,0.2570424197,0.5102949467,0.2326626336
-123.5000000000,67.5000000000,0.2484865709,0.4964561370,0.2550572921
-122.5000000000,67.5000000000,0.2366915480,0.4750393489,0.2882691030
-121.5000000000,67.5000000000,0.2283081854,0.4437466899,0.3279451247
-120.5000000000,67.5000000000,0.2053434204,0.4139409302,0.3807156494
-119.5000000000,67.5000000000,0.1816768776,0.3744138601,0.4439092622
-118.5000000000,67.5000000000,0.1572596455,0.3343339016,0.5084064529
-117.5000000000,67.5000000000,0.1235731417,0.2920042309,0.5844226273
-116.5000000000,67.5000000000,0.1011625286,0.2542110277,0.6446264437
-115.5000000000,67.5000000000,0.0860737260,0.2271197916,0.6868064824
-114.5000000000,67.5000000000,0.1008493431,0.2357374814,0.6634131755
-113.5000000000,67.5000000000,0.1154074065,0.2485623010,0.6360302925
-112.5000000000,67.5000000000,0.1268526203,0.2599226834,0.6132246963
-111.5000000000,67.5000000000,0.1273193832,0.2689479317,0.6037326851
-110.5000000000,67.5000000000,0.1274434295,0.2753508182,0.5972057523
-109.5000000000,67.5000000000,0.1212681570,0.2773006794,0.6014311636
-107.5000000000,67.5000000000,0.1034696277,0.2696281941,0.6269021782
-106.5000000000,67.5000000000,0.0931623033,0.2537269551,0.6531107416
-105.5000000000,67.5000000000,0.0826976491,0.2346096399,0.6826927110
-104.5000000000,67.5000000000,0.0723182367,0.2117325561,0.7159492072
-103.5000000000,67.5000000000,0.0658621394,0.1908803448,0.7432575159
-102.5000000000,67.5000000000,0.0591862007,0.1681154200,0.7726983793
-101.5000000000,67.5000000000,0.0544272323,0.1513536009,0.7942191669
-100.5000000000,67.5000000000,0.0530098566,0.1412201348,0.8057700086
-99.5000000000,67.5000000000,0.0534446393,0.1374823147,0.8090730461
-98.5000000000,67.5000000000,0.0547980180,0.1373957856,0.8078061964
-97.5000000000,67.5000000000,0.0572096089,0.1403052542,0.8024851369
-96.5000000000,67.5000000000,0.0591537451,0.1435621776,0.7972840773
-94.5000000000,67.5000000000,0.0672404139,0.1591343302,0.7736252559
-93.5000000000,67.5000000000,0.0655610888,0.1641964806,0.7702424307
-92.5000000000,67.5000000000,0.0682042421,0.1714126351,0.7603831227
-91.5000000000,67.5000000000,0.0665259050,0.1801844103,0.7532896847
-90.5000000000,67.5000000000,0.0750226892,0.1974406117,0.7275366991
-89.5000000000,67.5000000000,0.0788054294,0.2154407411,0.7057538295
-88.5000000000,67.5000000000,0.0886394697,0.2400095184,0.6713510118
-85.5000000000,67.5000000000,0.1063918007,0.3046998361,0.5889083632
-84.5000000000,67.5000000000,0.1063481575,0.3196088912,0.5740429513
-83.5000000000,67.5000000000,0.1034397091,0.3285827745,0.5679775164
-82.5000000000,67.5000000000,0.0998122482,0.3356510287,0.5645367232
-81.5000000000,67.5000000000,0.0916158038,0.3379760290,0.5704081672
-76.5000000000,67.5000000000,0.0672798131,0.3104294632,0.6222907237
-75.5000000000,67.5000000000,0.0615894139,0.2952820402,0.6431285459
-71.5000000000,67.5000000000,0.0440879983,0.2385677668,0.7173442349
-70.5000000000,67.5000000000,0.0421208326,0.2240726476,0.7338065198
-69.5000000000,67.5000000000,0.0429866210,0.2141387014,0.7428746776
-68.5000000000,67.5000000000,0.0441280677,0.2038146285,0.7520573037
-67.5000000000,67.5000000000,0.0492812395,0.1978855853,0.7528331752
-66.5000000000,67.5000000000,0.0606624822,0.1967075474,0.7426299704
-65.5000000000,67.5000000000,0.0586010247,0.1871248466,0.7542741286
-64.5000000000,67.5000000000,0.0497945286,0.1733718281,0.7768336433
-164.5000000000,66.5000000000,0.0389071418,0.1416770468,0.8194158114
-160.5000000000,66.5000000000,0.0584637932,0.2438541146,0.6976820923
-159.5000000000,66.5000000000,0.0673604050,0.2775255134,0.6551140816
-158.5000000000,66.5000000000,0.0801737400,0.3208327093,0.5989935507
-157.5000000000,66.5000000000,0.1011825456,0.3739512973,0.5248661571
-156.5000000000,66.5000000000,0.1319256549,0.4267625767,0.4413117684
-155.5000000000,66.5000000000,0.1444648605,0.4724869848,0.3830481547
-154.5000000000,66.5000000000,0.1674283828,0.4995525015,0.3330191157
-153.5000000000,66.5000000000,0.1736515603,0.5120591623,0.3142892774
-152.5000000000,66.5000000000,0.1789251499,0.5135133984,0.3075614518
-151.5000000000,66.5000000000,0.1850776064,0.5011668925,0.3137555011
-150.5000000000,66.5000000000,0.1952767046,0.4853562543,0.3193670412
-149.5000000000,66.5000000000,0.1917608838,0.4772821544,0.3309569618
-148.5000000000,66.5000000000,0.1838485732,0.4807823500,0.3353690767
-147.5000000000,66.5000000000,0.1964879137,0.4901674147,0.3133446717
-146.5000000000,66.5000000000,0.1947374203,0.4897535162,0.3155090635
-145.5000000000,66.5000000000,0.1980495190,0.4864015324,0.3155489487
-144.5000000000,66.5000000000,0.1965309172,0.4654630133,0.3380060695
-143.5000000000,66.5000000000,0.1970731407,0.4418313249,0.3610955343
-142.5000000000,66.5000000000,0.1824106010,0.4294020572,0.3881873418
-141.5000000000,66.5000000000,0.1789593861,0.4244015206,0.3966390933
-140.5000000000,66.5000000000,0.1687308267,0.4211605559,0.4101086174
-139.5000000000,66.5000000000,0.1533071561,0.4266775277,0.4200153161
-138.5000000000,66.5000000000,0.1415822313,0.4476508068,0.4107669620
-137.5000000000,66.5000000000,0.1566200680,0.4808543541,0.3625255779
-136.5000000000,66.5000000000,0.1886780370,0.5091415172,0.3021804458
-135.5000000000,66.5000000000,0.2108559486,0.5326697412,0.2564743102
-134.5000000000,66.5000000000,0.2289730662,0.5422231378,0.2288037960
-133.5000000000,66.5000000000,0.2296423020,0.5498795041,0.2204781938
-132.5000000000,66.5000000000,0.2428423063,0.5465480544,0.2106096393
-131.5000000000,66.5000000000,0.2440113888,0.5444917105,0.2114969007
-130.5000000000,66.5000000000,0.2390093189,0.5413812304,0.2196094507
-129.5000000000,66.5000000000,0.2423869113,0.5347065666,0.2229065221
-128.5000000000,66.5000000000,0.2509645800,0.5256178602,0.2234175598
-127.5000000000,66.5000000000,0.2627704593,0.5181418150,0.2190877257
-126.5000000000,66.5000000000,0.2793811822,0.5105404510,0.2100783668
-125.5000000000,66.5000000000,0.2942446358,0.4968272596,0.2089281045
-124.5000000000,66.5000000000,0.2889081040,0.4863969959,0.2246949001
-123.5000000000,66.5000000000,0.2816115942,0.4729078966,0.2454805092
-122.5000000000,66.5000000000,0.2608846867,0.4587315424,0.2803837709
-121.5000000000,66.5000000000,0.2489659435,0.4356245485,0.3154095080
-120.5000000000,66.5000000000,0.2358186605,0.4117487014,0.3524326381
-119.5000000000,66.5000000000,0.2280832529,0.3803870134,0.3915297337
-118.5000000000,66.5000000000,0.2064980149,0.3503897734,0.4431122117
-117.5000000000,66.5000000000,0.1751417690,0.3218418641,0.5030163669
-116.5000000000,66.5000000000,0.1640706509,0.2960585228,0.5398708263
-115.5000000000,66.5000000000,0.1601508113,0.2809969710,0.5588522177
-114.5000000000,66.5000000000,0.1654412371,0.2846400329,0.5499187300
-113.5000000000,66.5000000000,0.1713983486,0.2904214259,0.5381802255
-112.5000000000,66.5000000000,0.1795907926,0.2988801656,0.5215290418
-111.5000000000,66.5000000000,0.1780341997,0.3068267568,0.5151390435
-110.5000000000,66.5000000000,0.1688798040,0.3126573785,0.5184628175
-109.5000000000,66.5000000000,0.1571768391,0.3125168498,0.5303063112
-108.5000000000,66.5000000000,0.1530604482,0.3079787478,0.5389608040
-107.5000000000,66.5000000000,0.1205354767,0.2931206994,0.5863438239
-106.5000000000,66.5000000000,0.1149297935,0.2764329751,0.6086372314
-105.5000000000,66.5000000000,0.1012124914,0.2521541675,0.6466333411
-104.5000000000,66.5000000000,0.0870299407,0.2262572298,0.6867128295
-103.5000000000,66.5000000000,0.0771872173,0.1981459192,0.7246668634
-102.5000000000,66.5000000000,0.0681918404,0.1707615227,0.7610466369
-101.5000000000,66.5000000000,0.0617363046,0.1500341978,0.7882294977
-100.5000000000,66.5000000000,0.0589938209,0.1370996345,0.8039065446
-99.5000000000,66.5000000000,0.0584369071,0.1320180819,0.8095450110
-98.5000000000,66.5000000000,0.0602484170,0.1326890496,0.8070625334
-97.5000000000,66.5000000000,0.0632378189,0.1368784206,0.7998837606
-96.5000000000,66.5000000000,0.0653409373,0.1400157429,0.7946433198
-95.5000000000,66.5000000000,0.0685924668,0.1458911992,0.7855163339
-94.5000000000,66.5000000000,0.0758623881,0.1541220635,0.7700155484
-93.5000000000,66.5000000000,0.0768207170,0.1606646960,0.7625145871
-92.5000000000,66.5000000000,0.0771721336,0.1681419518,0.7546859146
-91.5000000000,66.5000000000,0.0775613021,0.1768627709,0.7455759271
-90.5000000000,66.5000000000,0.0890194661,0.1928302402,0.7181502937
-89.5000000000,66.5000000000,0.0886501345,0.2065404531,0.7048094124
-88.5000000000,66.5000000000,0.0985970268,0.2276246236,0.6737783495
-87.5000000000,66.5000000000,0.1008914786,0.2476355955,0.6514729259
-84.5000000000,66.5000000000,0.1075642239,0.2927846515,0.5996511245
-83.5000000000,66.5000000000,0.1046206710,0.3013099358,0.5940693932
-73.5000000000,66.5000000000,0.0542056428,0.2585090353,0.6872853219
-72.5000000000,66.5000000000,0.0504950789,0.2451486327,0.7043562884
-71.5000000000,66.5000000000,0.0463944694,0.2306327798,0.7229727508
-70.5000000000,66.5000000000,0.0427852839,0.2144313627,0.7427833534
-69.5000000000,66.5000000000,0.0399858281,0.2007740233,0.7592401486
-68.5000000000,66.5000000000,0.0410688598,0.1920091136,0.7669220266
-67.5000000000,66.5000000000,0.0405757356,0.1808071916,0.7786170728
-66.5000000000,66.5000000000,0.0466182695,0.1769597029,0.7764220276
-65.5000000000,66.5000000000,0.0439311041,0.1677305150,0.7883383810
-64.5000000000,66.5000000000,0.0664566187,0.1748399984,0.7587033828
-63.5000000000,66.5000000000,0.0723803090,0.1752910735,0.7523286175
-62.5000000000,66.5000000000,0.0832709116,0.1798587647,0.7368703237
-167.5000000000,65.5000000000,0.0353658388,0.1039168329,0.8607173282
-166.5000000000,65.5000000000,0.0363292377,0.1159328669,0.8477378954
-165.5000000000,65.5000000000,0.0409228787,0.1332804827,0.8257966386
-164.5000000000,65.5000000000,0.0428919689,0.1510835604,0.8060244707
-163.5000000000,65.5000000000,0.0483221091,0.1766240979,0.7750537930
-162.5000000000,65.5000000000,0.0510854433,0.2029773939,0.7459371628
-161.5000000000,65.5000000000,0.0624291798,0.2394492420,0.6981215782
-160.5000000000,65.5000000000,0.0702070568,0.2774256329,0.6523673102
-159.5000000000,65.5000000000,0.0805765454,0.3193574712,0.6000659835
-158.5000000000,65.5000000000,0.0968382476,0.3697851386,0.5333766139
-157.5000000000,65.5000000000,0.1072905092,0.4156991448,0.4770103460
-156.5000000000,65.5000000000,0.1303442653,0.4641819768,0.4054737579
-155.5000000000,65.5000000000,0.1588094403,0.5038014446,0.3373891151
-154.5000000000,65.5000000000,0.1846920188,0.5239393610,0.2913686202
-153.5000000000,65.5000000000,0.2040322809,0.5293486479,0.2666190712
-152.5000000000,65.5000000000,0.2164838856,0.5276227663,0.2558933481
-151.5000000000,65.5000000000,0.2146084729,0.5169537706,0.2684377565
-150.5000000000,65.5000000000,0.1992154775,0.5111389581,0.2896455645
-149.5000000000,65.5000000000,0.2080051121,0.5027642994,0.2892305885
