Lon,Lat,C_LonLatElev,B_LonLatElev,U_LonLatElev
-112.5000000000,78.5000000000,0.0440491301,0.1811059514,0.7748449185
-111.5000000000,78.5000000000,0.0494272117,0.1954852924,0.7550874958
-110.5000000000,78.5000000000,0.0526441651,0.2011727883,0.7461830466
-109.5000000000,78.5000000000,0.0561483233,0.2146871444,0.7291645323
-104.5000000000,78.5000000000,0.0737605043,0.2790808884,0.6471586073
-103.5000000000,78.5000000000,0.0757852510,0.2875324324,0.6366823165
-102.5000000000,78.5000000000,0.0778868932,0.2955602163,0.6265528905
-101.5000000000,78.5000000000,0.0784670182,0.3006672070,0.6208657748
-100.5000000000,78.5000000000,0.0770168615,0.3095790359,0.6134041026
-97.5000000000,78.5000000000,0.0827538965,0.3434142891,0.5738318144
-96.5000000000,78.5000000000,0.0804730280,0.3400729891,0.5794539829
-95.5000000000,78.5000000000,0.0817388141,0.3450144586,0.5732467272
-92.5000000000,78.5000000000,0.0709768400,0.3560626172,0.5729605428
-91.5000000000,78.5000000000,0.0851280999,0.3785521157,0.5363197844
-90.5000000000,78.5000000000,0.0886737905,0.4067992289,0.5045269806
-89.5000000000,78.5000000000,0.0820494262,0.4481123065,0.4698382674
-86.5000000000,78.5000000000,0.0744522860,0.6196792583,0.3058684557
-85.5000000000,78.5000000000,0.0746827911,0.6842608007,0.2410564081
-84.5000000000,78.5000000000,0.0715470170,0.7427390590,0.1857139239
-83.5000000000,78.5000000000,0.0698789169,0.7798462047,0.1502748784
-82.5000000000,78.5000000000,0.0594363607,0.8087525369,0.1318111024
-81.5000000000,78.5000000000,0.0655002740,0.7975257759,0.1369739501
-80.5000000000,78.5000000000,0.0785080028,0.7715784909,0.1499135062
-79.5000000000,78.5000000000,0.0939683974,0.7371183511,0.1689132515
-78.5000000000,78.5000000000,0.0784954972,0.7080627233,0.2134417794
-77.5000000000,78.5000000000,0.0717322645,0.6643658582,0.2639018773
-116.5000000000,77.5000000000,0.0310750308,0.1425930643,0.8263319049
-112.5000000000,77.5000000000,0.0446503299,0.1805357332,0.7748139370
-111.5000000000,77.5000000000,0.0499405944,0.1947830239,0.7552763817
-110.5000000000,77.5000000000,0.0523058163,0.2000225281,0.7476716556
-105.5000000000,77.5000000000,0.0713655303,0.2650248669,0.6636096028
-95.5000000000,77.5000000000,0.0812356921,0.3434823609,0.5752819469
-94.5000000000,77.5000000000,0.0791691955,0.3460645305,0.5747662740
-93.5000000000,77.5000000000,0.0746714369,0.3489908072,0.5763377560
-90.5000000000,77.5000000000,0.0696360525,0.3999456172,0.5304183303
-87.5000000000,77.5000000000,0.0693230033,0.5488818762,0.3817951204
-86.5000000000,77.5000000000,0.0742269998,0.6182452168,0.3075277835
-82.5000000000,77.5000000000,0.0620070686,0.8070207790,0.1309721524
-81.5000000000,77.5000000000,0.0584993762,0.7989708484,0.1425297754
-80.5000000000,77.5000000000,0.0738992828,0.7724055369,0.1536951803
-79.5000000000,77.5000000000,0.0721488597,0.7433665150,0.1844846253
-78.5000000000,77.5000000000,0.0682693072,0.7084300494,0.2233006434
-120.5000000000,76.5000000000,0.0375509637,0.1902844776,0.7721645586
-119.5000000000,76.5000000000,0.0318866337,0.1520486239,0.8160647425
-117.5000000000,76.5000000000,0.0304692931,0.1374203995,0.8321103074
-109.5000000000,76.5000000000,0.0570420487,0.2130234883,0.7299344630
-104.5000000000,76.5000000000,0.0743989133,0.2768196214,0.6487814653
-103.5000000000,76.5000000000,0.0764260000,0.2852180442,0.6383559558
-100.5000000000,76.5000000000,0.0795143751,0.3077114488,0.6127741762
-99.5000000000,76.5000000000,0.0821944250,0.3224545236,0.5953510514
-98.5000000000,76.5000000000,0.0850101132,0.3304582286,0.5845316582
-95.5000000000,76.5000000000,0.0847100259,0.3430210398,0.5722689342
-94.5000000000,76.5000000000,0.0854822886,0.3463847199,0.5681329915
-93.5000000000,76.5000000000,0.0754517009,0.3478464678,0.5767018314
-92.5000000000,76.5000000000,0.0749027892,0.3546145317,0.5704826791
-90.5000000000,76.5000000000,0.0692296827,0.3982976372,0.5324726801
-88.5000000000,76.5000000000,0.0705890767,0.4858265857,0.4435843377
-86.5000000000,76.5000000000,0.0720293432,0.6166555402,0.3113151167
-85.5000000000,76.5000000000,0.0775447397,0.6814292648,0.2410259954
-84.5000000000,76.5000000000,0.0692476934,0.7411076224,0.1896446842
-83.5000000000,76.5000000000,0.0685388630,0.7784631574,0.1529979796
-82.5000000000,76.5000000000,0.0733104604,0.8015344808,0.1251550588
-81.5000000000,76.5000000000,0.0638785528,0.7963921801,0.1397292671
-80.5000000000,76.5000000000,0.0653055861,0.7742100275,0.1604843864
-79.5000000000,76.5000000000,0.0783122392,0.7406414166,0.1810463442
-78.5000000000,76.5000000000,0.0709019929,0.7069422595,0.2221557477
-115.5000000000,75.5000000000,0.0354693241,0.1467156952,0.8178149807
-114.5000000000,75.5000000000,0.0406573699,0.1569899076,0.8023527225
-113.5000000000,75.5000000000,0.0469495828,0.1700091427,0.7830412746
-112.5000000000,75.5000000000,0.0503245342,0.1816523382,0.7680231276
-111.5000000000,75.5000000000,0.0513532899,0.1935632508,0.7550834594
-110.5000000000,75.5000000000,0.0538145651,0.1987772482,0.7474081867
-109.5000000000,75.5000000000,0.0574853855,0.2121906394,0.7303239751
-108.5000000000,75.5000000000,0.0603612033,0.2210059546,0.7186328421
-107.5000000000,75.5000000000,0.0668523817,0.2381551570,0.6949924613
-106.5000000000,75.5000000000,0.0706439609,0.2538720327,0.6754840064
-99.5000000000,75.5000000000,0.0813638468,0.3208791317,0.5977570215
-98.5000000000,75.5000000000,0.0836609300,0.3287495459,0.5875895241
-95.5000000000,75.5000000000,0.0825692968,0.3410742509,0.5763564522
-94.5000000000,75.5000000000,0.0835077048,0.3444896856,0.5720026095
-91.5000000000,75.5000000000,0.0736906777,0.3708968695,0.5554124528
-90.5000000000,75.5000000000,0.0761270873,0.3991984427,0.5246744700
-89.5000000000,75.5000000000,0.0771070334,0.4423159878,0.4805769788
-88.5000000000,75.5000000000,0.0748947178,0.4854958558,0.4396094264
-85.5000000000,75.5000000000,0.0763145541,0.6803111729,0.2433742730
-84.5000000000,75.5000000000,0.0740862259,0.7389211752,0.1869925989
-83.5000000000,75.5000000000,0.0825210341,0.7722082630,0.1452707030
-82.5000000000,75.5000000000,0.0829660103,0.7960513754,0.1209826144
-81.5000000000,75.5000000000,0.0709656938,0.7928793663,0.1361549399
-80.5000000000,75.5000000000,0.0705725876,0.7716723657,0.1577550467
-121.5000000000,74.5000000000,0.0535870630,0.2816855122,0.6647274248
-113.5000000000,74.5000000000,0.0432277522,0.1702945287,0.7864777191
-112.5000000000,74.5000000000,0.0482103303,0.1838854501,0.7679042196
-97.5000000000,74.5000000000,0.0834702847,0.3291169913,0.5874127240
-88.5000000000,74.5000000000,0.0704780008,0.4770196820,0.4525023172
-87.5000000000,74.5000000000,0.0792700693,0.5331228720,0.3876070587
-86.5000000000,74.5000000000,0.0761203896,0.5972646256,0.3266149848
-123.5000000000,73.5000000000,0.0935193349,0.5607815469,0.3456991183
-122.5000000000,73.5000000000,0.0820925974,0.4617059395,0.4562014631
-121.5000000000,73.5000000000,0.0614800201,0.3212545317,0.6172654482
-120.5000000000,73.5000000000,0.0434995832,0.2113045094,0.7451959073
-119.5000000000,73.5000000000,0.0388443364,0.1779207414,0.7832349222
-118.5000000000,73.5000000000,0.0386396386,0.1670841351,0.7942762263
-117.5000000000,73.5000000000,0.0382525042,0.1612226857,0.8005248101
-116.5000000000,73.5000000000,0.0388303845,0.1649462353,0.7962233802
-115.5000000000,73.5000000000,0.0396964229,0.1683700773,0.7919334998
-106.5000000000,73.5000000000,0.0738707642,0.2535280654,0.6726011704
-105.5000000000,73.5000000000,0.0750401566,0.2601742590,0.6647855844
-104.5000000000,73.5000000000,0.0731477410,0.2662804394,0.6605718197
-101.5000000000,73.5000000000,0.0757432848,0.2876203979,0.6366363173
-100.5000000000,73.5000000000,0.0791644299,0.2917909469,0.6290446232
-99.5000000000,73.5000000000,0.0783481609,0.2969366643,0.6247151747
-98.5000000000,73.5000000000,0.0818756780,0.3043758545,0.6137484675
-95.5000000000,73.5000000000,0.0843022403,0.3216570209,0.5940407388
-94.5000000000,73.5000000000,0.0822361578,0.3176821780,0.6000816641
-93.5000000000,73.5000000000,0.0772263585,0.3152541455,0.6075194959
-92.5000000000,73.5000000000,0.0737077174,0.3217112005,0.6045810821
-91.5000000000,73.5000000000,0.0710930959,0.3403685387,0.5885383654
-87.5000000000,73.5000000000,0.0781433619,0.5078033457,0.4140532925
-86.5000000000,73.5000000000,0.0828664925,0.5710629976,0.3460705100
-83.5000000000,73.5000000000,0.0767541159,0.7160999458,0.2071459383
-82.5000000000,73.5000000000,0.0753541500,0.7378260764,0.1868197736
-81.5000000000,73.5000000000,0.0724575615,0.7387796656,0.1887627729
-80.5000000000,73.5000000000,0.0853549913,0.7158878706,0.1987571381
-79.5000000000,73.5000000000,0.0889920576,0.6928129922,0.2181949503
-78.5000000000,73.5000000000,0.0781394149,0.6652423940,0.2566181912
-77.5000000000,73.5000000000,0.0803054292,0.6269935055,0.2927010653
-124.5000000000,72.5000000000,0.1156692313,0.6604064163,0.2239243524
-123.5000000000,72.5000000000,0.1053428717,0.6296245067,0.2650326216
-122.5000000000,72.5000000000,0.0944513278,0.5599483947,0.3456002775
-121.5000000000,72.5000000000,0.0760990605,0.4085846505,0.5153162890
-120.5000000000,72.5000000000,0.0562552311,0.2653958988,0.6783488701
-119.5000000000,72.5000000000,0.0496345246,0.2227841880,0.7275812875
-117.5000000000,72.5000000000,0.0452852466,0.1944881549,0.7602265984
-116.5000000000,72.5000000000,0.0452253578,0.1919277230,0.7628469193
-115.5000000000,72.5000000000,0.0446173618,0.1905217027,0.7648609354
-114.5000000000,72.5000000000,0.0451229524,0.1914946284,0.7633824191
-113.5000000000,72.5000000000,0.0492441174,0.1938172797,0.7569386030
-112.5000000000,72.5000000000,0.0553109615,0.2016915900,0.7429974485
-111.5000000000,72.5000000000,0.0586099251,0.2134952929,0.7278947820
-109.5000000000,72.5000000000,0.0733151799,0.2334768598,0.6932079603
-107.5000000000,72.5000000000,0.0736025553,0.2476066737,0.6787907709
-106.5000000000,72.5000000000,0.0731033703,0.2500631910,0.6768334387
-105.5000000000,72.5000000000,0.0716189724,0.2603762718,0.6680047559
-101.5000000000,72.5000000000,0.0748973661,0.2773032535,0.6477993804
-100.5000000000,72.5000000000,0.0728007009,0.2765870531,0.6506122459
-99.5000000000,72.5000000000,0.0749733771,0.2834657836,0.6415608394
-98.5000000000,72.5000000000,0.0770997345,0.2909718058,0.6319284597
-97.5000000000,72.5000000000,0.0784113014,0.2986212121,0.6229674865
-96.5000000000,72.5000000000,0.0791807474,0.3015697628,0.6192494898
-94.5000000000,72.5000000000,0.0766303070,0.2947322070,0.6286374860
-93.5000000000,72.5000000000,0.0661129758,0.2912439741,0.6426430501
-89.5000000000,72.5000000000,0.0668453228,0.3708995077,0.5622551695
-88.5000000000,72.5000000000,0.0722777353,0.4181218638,0.5096004008
-87.5000000000,72.5000000000,0.0790595108,0.4722682903,0.4486721990
-86.5000000000,72.5000000000,0.0802319547,0.5293019111,0.3904661342
-85.5000000000,72.5000000000,0.0796986011,0.5836993044,0.3366020945
-84.5000000000,72.5000000000,0.0847240685,0.6290498921,0.2862260395
-83.5000000000,72.5000000000,0.0845185933,0.6681155232,0.2473658835
-82.5000000000,72.5000000000,0.0877249306,0.6857308167,0.2265442527
-81.5000000000,72.5000000000,0.0846915402,0.6880775065,0.2272309533
-80.5000000000,72.5000000000,0.0769835262,0.6747003604,0.2483161134
-78.5000000000,72.5000000000,0.0774365144,0.6261568862,0.2964065995
-77.5000000000,72.5000000000,0.0843742266,0.5911564984,0.3244692750
-76.5000000000,72.5000000000,0.0845734381,0.5542295938,0.3611969681
-75.5000000000,72.5000000000,0.0689832525,0.5132843347,0.4177324128
-123.5000000000,71.5000000000,0.1275610509,0.6820285309,0.1904104181
-122.5000000000,71.5000000000,0.1178150124,0.6589493667,0.2232356209
-121.5000000000,71.5000000000,0.0982939929,0.5247011305,0.3770048765
-117.5000000000,71.5000000000,0.0548281679,0.2441355687,0.7010362633
-116.5000000000,71.5000000000,0.0530828479,0.2306153530,0.7163017991
-114.5000000000,71.5000000000,0.0543890794,0.2183444894,0.7272664311
-113.5000000000,71.5000000000,0.0607226705,0.2144844458,0.7247928837
-112.5000000000,71.5000000000,0.0634180825,0.2154567978,0.7211251197
-111.5000000000,71.5000000000,0.0716541332,0.2288961796,0.6994496872
-110.5000000000,71.5000000000,0.0793665323,0.2379719794,0.6826614882
-109.5000000000,71.5000000000,0.0802175333,0.2447879458,0.6749945209
-108.5000000000,71.5000000000,0.0776039272,0.2526545184,0.6697415544
-107.5000000000,71.5000000000,0.0782369936,0.2581454259,0.6636175805
-106.5000000000,71.5000000000,0.0758724182,0.2601229406,0.6640046413
-105.5000000000,71.5000000000,0.0742586922,0.2623014193,0.6634398884
-104.5000000000,71.5000000000,0.0712958908,0.2618221302,0.6668819791
-98.5000000000,71.5000000000,0.0738538203,0.2716003881,0.6545457915
-95.5000000000,71.5000000000,0.0742356116,0.2755779314,0.6501864570
-94.5000000000,71.5000000000,0.0698696802,0.2670830678,0.6630472520
-93.5000000000,71.5000000000,0.0604375996,0.2562760673,0.6832863331
-89.5000000000,71.5000000000,0.0639290376,0.3339867673,0.6020841951
-88.5000000000,71.5000000000,0.0717675063,0.3811851541,0.5470473396
-87.5000000000,71.5000000000,0.0755072388,0.4341655661,0.4903271951
-86.5000000000,71.5000000000,0.0806539258,0.4847672952,0.4345787790
-85.5000000000,71.5000000000,0.0786208024,0.5328549249,0.3885242726
-84.5000000000,71.5000000000,0.0815670413,0.5733894923,0.3450434664
-83.5000000000,71.5000000000,0.0853128004,0.6096042437,0.3050829560
-82.5000000000,71.5000000000,0.0881075781,0.6297805756,0.2821118463
-81.5000000000,71.5000000000,0.0882208348,0.6357795845,0.2759995807
-80.5000000000,71.5000000000,0.0884419867,0.6248015299,0.2867564834
-79.5000000000,71.5000000000,0.0956902981,0.6067226205,0.2975870814
-78.5000000000,71.5000000000,0.0946542151,0.5836431996,0.3217025853
-77.5000000000,71.5000000000,0.0952247850,0.5536690976,0.3511061174
-76.5000000000,71.5000000000,0.0869783474,0.5194501271,0.3935715255
-75.5000000000,71.5000000000,0.0742289160,0.4814913398,0.4442797442
-74.5000000000,71.5000000000,0.0756397208,0.4473631803,0.4769970988
-72.5000000000,71.5000000000,0.0477026603,0.3713326885,0.5809646512
-158.5000000000,70.5000000000,0.0322226421,0.1495378883,0.8182394697
-157.5000000000,70.5000000000,0.0322936560,0.1500036926,0.8177026514
-156.5000000000,70.5000000000,0.0377098425,0.1866106767,0.7756794809
-155.5000000000,70.5000000000,0.0452751675,0.2303292959,0.7243955366
-154.5000000000,70.5000000000,0.0527162097,0.2732188895,0.6740649009
-153.5000000000,70.5000000000,0.0562126687,0.3002639833,0.6435233479
-152.5000000000,70.5000000000,0.0547425774,0.3025814089,0.6426760137
-149.5000000000,70.5000000000,0.0413148789,0.2388819667,0.7198031544
-111.5000000000,70.5000000000,0.0808608786,0.2420847954,0.6770543260
-110.5000000000,70.5000000000,0.0873640599,0.2475721084,0.6650638317
-109.5000000000,70.5000000000,0.0881674351,0.2599892360,0.6518433289
-108.5000000000,70.5000000000,0.0903331769,0.2674746126,0.6421922105
-107.5000000000,70.5000000000,0.0862450606,0.2687719854,0.6449829540
-106.5000000000,70.5000000000,0.0817334906,0.2668421335,0.6514243760
-105.5000000000,70.5000000000,0.0750564168,0.2640737885,0.6608697947
-104.5000000000,70.5000000000,0.0709573222,0.2547253287,0.6743173492
-103.5000000000,70.5000000000,0.0706617467,0.2539541947,0.6753840586
-95.5000000000,70.5000000000,0.0706868653,0.2471888601,0.6821242746
-94.5000000000,70.5000000000,0.0670060842,0.2373478644,0.6956460515
-93.5000000000,70.5000000000,0.0617805559,0.2290585504,0.7091608936
-92.5000000000,70.5000000000,0.0507462663,0.2245047028,0.7247490309
-88.5000000000,70.5000000000,0.0644533787,0.3377503393,0.5977962819
-87.5000000000,70.5000000000,0.0738520080,0.3898649695,0.5362830225
-86.5000000000,70.5000000000,0.0811703904,0.4409410668,0.4778885428
-85.5000000000,70.5000000000,0.0876905167,0.4830776556,0.4292318277
-84.5000000000,70.5000000000,0.0889722718,0.5237209733,0.3873067548
-83.5000000000,70.5000000000,0.0921886463,0.5564045830,0.3514067708
-82.5000000000,70.5000000000,0.0930606674,0.5746166061,0.3323227265
-81.5000000000,70.5000000000,0.0916791636,0.5816812648,0.3266395716
-80.5000000000,70.5000000000,0.0906215760,0.5755724015,0.3338060224
-79.5000000000,70.5000000000,0.0871293984,0.5597606533,0.3531099483
-78.5000000000,70.5000000000,0.0907276629,0.5381938945,0.3710784427
-77.5000000000,70.5000000000,0.0915250083,0.5093237598,0.3991512319
-76.5000000000,70.5000000000,0.0878109118,0.4774126824,0.4347764058
-75.5000000000,70.5000000000,0.0805408867,0.4475907085,0.4718684048
-74.5000000000,70.5000000000,0.0736380853,0.4219175361,0.5044443786
-73.5000000000,70.5000000000,0.0628840416,0.3917666825,0.5453492758
-72.5000000000,70.5000000000,0.0555617474,0.3608508173,0.5835874354
-71.5000000000,70.5000000000,0.0584618464,0.3416412383,0.5998969153
-70.5000000000,70.5000000000,0.0373077752,0.3124962939,0.6501959309
-69.5000000000,70.5000000000,0.0323086654,0.2966320981,0.6710592365
-68.5000000000,70.5000000000,0.0275944062,0.2784151336,0.6939904601
-162.5000000000,69.5000000000,0.0476180461,0.2307770001,0.7216049537
-161.5000000000,69.5000000000,0.0454965723,0.2204490551,0.7340543727
-160.5000000000,69.5000000000,0.0431210802,0.2083001442,0.7485787756
-159.5000000000,69.5000000000,0.0394880382,0.1940617538,0.7664502080
-158.5000000000,69.5000000000,0.0394093517,0.1924826141,0.7681080342
-157.5000000000,69.5000000000,0.0413295297,0.2035762807,0.7550941895
-156.5000000000,69.5000000000,0.0489022211,0.2499886409,0.7011091380
-155.5000000000,69.5000000000,0.0619385086,0.3155693697,0.6224921216
-154.5000000000,69.5000000000,0.0728156809,0.3661144191,0.5610699000
-153.5000000000,69.5000000000,0.0770599034,0.3891354811,0.5338046155
-152.5000000000,69.5000000000,0.0739311722,0.3847939713,0.5412748565
-151.5000000000,69.5000000000,0.0636960755,0.3588820025,0.5774219220
-150.5000000000,69.5000000000,0.0546026368,0.3177315067,0.6276658565
-149.5000000000,69.5000000000,0.0488082046,0.2730015334,0.6781902619
-148.5000000000,69.5000000000,0.0517302037,0.2651724634,0.6830973328
-147.5000000000,69.5000000000,0.0639540280,0.2749860141,0.6610599578
-146.5000000000,69.5000000000,0.0830817526,0.2897101985,0.6272080489
-145.5000000000,69.5000000000,0.1253390641,0.3197037196,0.5549572162
-144.5000000000,69.5000000000,0.1284182358,0.3388620224,0.5327197418
-143.5000000000,69.5000000000,0.1295687351,0.3430281096,0.5274031552
-142.5000000000,69.5000000000,0.1317881149,0.3388778345,0.5293340506
-141.5000000000,69.5000000000,0.1123354417,0.3223197367,0.5653448216
-140.5000000000,69.5000000000,0.0962638868,0.3136798987,0.5900562144
-139.5000000000,69.5000000000,0.0807745136,0.3244786620,0.5947468244
-132.5000000000,69.5000000000,0.1471191348,0.5872576034,0.2656232618
-131.5000000000,69.5000000000,0.1553765684,0.5962358905,0.2483875411
-130.5000000000,69.5000000000,0.1620377644,0.6065069614,0.2314552742
-129.5000000000,69.5000000000,0.1734447154,0.6172952316,0.2092600530
-128.5000000000,69.5000000000,0.1823125255,0.6339088858,0.1837785886
-127.5000000000,69.5000000000,0.1951887441,0.6427042027,0.1621070532
-126.5000000000,69.5000000000,0.2030129787,0.6487055273,0.1482814940
-125.5000000000,69.5000000000,0.1918705485,0.6642478875,0.1438815640
-124.5000000000,69.5000000000,0.1834776997,0.6679501741,0.1485721262
-122.5000000000,69.5000000000,0.1752440889,0.6409326215,0.1838232895
-121.5000000000,69.5000000000,0.1634659637,0.5915129571,0.2450210791
-116.5000000000,69.5000000000,0.0777040856,0.3447764933,0.5775194211
-115.5000000000,69.5000000000,0.0747417884,0.3219117359,0.6033464757
-114.5000000000,69.5000000000,0.0790590178,0.3022358372,0.6187051449
-113.5000000000,69.5000000000,0.0895085461,0.2825368438,0.6279546101
-112.5000000000,69.5000000000,0.1004510086,0.2644226998,0.6351262916
-111.5000000000,69.5000000000,0.1016297096,0.2662521484,0.6321181420
-110.5000000000,69.5000000000,0.1021569398,0.2709587960,0.6268842642
-109.5000000000,69.5000000000,0.1015322128,0.2799947928,0.6184729944
-108.5000000000,69.5000000000,0.0993494370,0.2854346106,0.6152159524
-107.5000000000,69.5000000000,0.0938983418,0.2821887525,0.6239129057
-106.5000000000,69.5000000000,0.0847433884,0.2758287224,0.6394278892
-105.5000000000,69.5000000000,0.0785123220,0.2691121610,0.6523755170
-104.5000000000,69.5000000000,0.0720158700,0.2563469717,0.6716371583
-103.5000000000,69.5000000000,0.0690471428,0.2438812073,0.6870716498
-97.5000000000,69.5000000000,0.0722265174,0.2341572419,0.6936162407
-96.5000000000,69.5000000000,0.0688490473,0.2315037855,0.6996471672
-95.5000000000,69.5000000000,0.0641439458,0.2221851500,0.7136709041
-92.5000000000,69.5000000000,0.0479629795,0.1989193811,0.7531176395
-91.5000000000,69.5000000000,0.0436085775,0.2028859237,0.7535054989
-90.5000000000,69.5000000000,0.0470711295,0.2219020099,0.7310268606
-85.5000000000,69.5000000000,0.0873090389,0.4407442152,0.4719467458
-84.5000000000,69.5000000000,0.0990849443,0.4800307978,0.4208842578
-83.5000000000,69.5000000000,0.0992815727,0.5051126067,0.3956058205
-82.5000000000,69.5000000000,0.0966417254,0.5209660094,0.3823922652
-76.5000000000,69.5000000000,0.0799526812,0.4363662979,0.4836810209
-75.5000000000,69.5000000000,0.0738686211,0.4135530518,0.5125783271
-74.5000000000,69.5000000000,0.0701835415,0.3885370220,0.5412794365
-73.5000000000,69.5000000000,0.0617119817,0.3642848668,0.5740031514
-72.5000000000,69.5000000000,0.0525723295,0.3391540914,0.6082735790
-71.5000000000,69.5000000000,0.0463684279,0.3152031372,0.6384284349
-70.5000000000,69.5000000000,0.0366942266,0.2962343175,0.6670714559
-69.5000000000,69.5000000000,0.0391418331,0.2900807458,0.6707774211
-68.5000000000,69.5000000000,0.0358757544,0.2741927008,0.6899315448
-165.5000000000,68.5000000000,0.0598393499,0.2567946790,0.6833659711
-164.5000000000,68.5000000000,0.0593242774,0.2589151751,0.6817605475
-163.5000000000,68.5000000000,0.0609663469,0.2593565398,0.6796771134
-162.5000000000,68.5000000000,0.0629552873,0.2640122362,0.6730324765
-161.5000000000,68.5000000000,0.0563357466,0.2587925083,0.6848717452
-160.5000000000,68.5000000000,0.0597565778,0.2602631665,0.6799802557
-159.5000000000,68.5000000000,0.0551542676,0.2563213938,0.6885243386
-158.5000000000,68.5000000000,0.0580522312,0.2626349039,0.6793128650
-157.5000000000,68.5000000000,0.0645051507,0.2866733854,0.6488214639
-156.5000000000,68.5000000000,0.0726492697,0.3545157085,0.5728350218
-155.5000000000,68.5000000000,0.0954452201,0.4376432650,0.4669115149
-154.5000000000,68.5000000000,0.1118457111,0.4792752002,0.4088790886
-153.5000000000,68.5000000000,0.1184777410,0.4844632996,0.3970589593
-152.5000000000,68.5000000000,0.1150843673,0.4799883482,0.4049272845
-151.5000000000,68.5000000000,0.1068895506,0.4618632765,0.4312471729
-150.5000000000,68.5000000000,0.0913326376,0.4094598639,0.4992074985
-149.5000000000,68.5000000000,0.0713801072,0.3350375545,0.5935823383
-148.5000000000,68.5000000000,0.0914768383,0.3404551102,0.5680680515
-147.5000000000,68.5000000000,0.1151707232,0.3461168317,0.5387124451
-146.5000000000,68.5000000000,0.1308659606,0.3543291631,0.5148048763
-145.5000000000,68.5000000000,0.1680967282,0.3879497302,0.4439535416
-144.5000000000,68.5000000000,0.1944181245,0.4027153204,0.4028665551
-143.5000000000,68.5000000000,0.2008661670,0.3946535162,0.4044803168
-142.5000000000,68.5000000000,0.1722538266,0.3810356330,0.4467105404
-141.5000000000,68.5000000000,0.1511082876,0.3584164168,0.4904752956
-140.5000000000,68.5000000000,0.1216712355,0.3403130883,0.5380156762
-139.5000000000,68.5000000000,0.1074664639,0.3408035416,0.5517299946
-138.5000000000,68.5000000000,0.1073270488,0.3792748511,0.5133981000
-137.5000000000,68.5000000000,0.1229623296,0.4460126728,0.4310249977
-136.5000000000,68.5000000000,0.1396090053,0.5097522201,0.3506387747
-135.5000000000,68.5000000000,0.1600761905,0.5688395366,0.2710842730
-134.5000000000,68.5000000000,0.1829482830,0.6035033853,0.2135483317
-133.5000000000,68.5000000000,0.2030004297,0.6172063848,0.1797931855
-132.5000000000,68.5000000000,0.2010560637,0.6089099041,0.1900340321
-131.5000000000,68.5000000000,0.2025703218,0.5997385391,0.1976911390
-130.5000000000,68.5000000000,0.1974737331,0.6004383347,0.2020879322
-129.5000000000,68.5000000000,0.2029417930,0.6042270509,0.1928311560
-128.5000000000,68.5000000000,0.2124773089,0.6136477830,0.1738749081
-127.5000000000,68.5000000000,0.2260064850,0.6188055739,0.1551879412
-126.5000000000,68.5000000000,0.2369444443,0.6253560046,0.1376995510
-125.5000000000,68.5000000000,0.2446748636,0.6238145055,0.1315106309
-124.5000000000,68.5000000000,0.2372433440,0.6259509341,0.1368057220
-123.5000000000,68.5000000000,0.2315039505,0.6204788079,0.1480172416
-122.5000000000,68.5000000000,0.2163054312,0.6118873980,0.1718071708
-121.5000000000,68.5000000000,0.2135972155,0.5772502884,0.2091524961
-120.5000000000,68.5000000000,0.1923112070,0.5462822957,0.2614064972
-119.5000000000,68.5000000000,0.1679019648,0.5073985151,0.3246995201
-118.5000000000,68.5000000000,0.1364082145,0.4739959214,0.3895958641
-117.5000000000,68.5000000000,0.1149316808,0.4398503758,0.4452179433
-116.5000000000,68.5000000000,0.0984191601,0.4128090205,0.4887718194
-115.5000000000,68.5000000000,0.0889267049,0.3868315734,0.5242417218
-114.5000000000,68.5000000000,0.0964079334,0.3626706841,0.5409213825
-112.5000000000,68.5000000000,0.1198447738,0.3219503762,0.5582048500
-107.5000000000,68.5000000000,0.1062478041,0.3020539770,0.5916982189
-105.5000000000,68.5000000000,0.0831661826,0.2766483807,0.6401854367
-104.5000000000,68.5000000000,0.0740481773,0.2574206524,0.6685311704
-97.5000000000,68.5000000000,0.0738240318,0.2234326034,0.7027433648
-96.5000000000,68.5000000000,0.0709152808,0.2166576053,0.7124271139
-93.5000000000,68.5000000000,0.0543218022,0.1921032453,0.7535749524
-92.5000000000,68.5000000000,0.0481411515,0.1830465362,0.7688123122
-91.5000000000,68.5000000000,0.0450568647,0.1808345465,0.7741085888
-89.5000000000,68.5000000000,0.0573586399,0.2425903792,0.7000509808
-88.5000000000,68.5000000000,0.0694432556,0.2857364089,0.6448203356
-85.5000000000,68.5000000000,0.0996103138,0.4095829970,0.4908066892
-84.5000000000,68.5000000000,0.1061623967,0.4417241063,0.4521134970
-83.5000000000,68.5000000000,0.1066558576,0.4605739191,0.4327702233
-73.5000000000,68.5000000000,0.0573332613,0.3383663948,0.6043003439
-72.5000000000,68.5000000000,0.0517763488,0.3180608637,0.6301627875
-71.5000000000,68.5000000000,0.0452428489,0.2923324141,0.6624247371
-70.5000000000,68.5000000000,0.0412496524,0.2802571594,0.6784931882
-69.5000000000,68.5000000000,0.0385596310,0.2700289432,0.6914114258
-68.5000000000,68.5000000000,0.0311869167,0.2523498853,0.7164631980
-163.5000000000,67.5000000000,0.0570842557,0.2762724173,0.6666433269
-162.5000000000,67.5000000000,0.0539382142,0.2853949903,0.6606667955
-161.5000000000,67.5000000000,0.0600471454,0.2997831035,0.6401697512
-160.5000000000,67.5000000000,0.0594763428,0.3172318668,0.6232917904
-159.5000000000,67.5000000000,0.0619154480,0.3298113622,0.6082731899
-158.5000000000,67.5000000000,0.0698646121,0.3535301323,0.5766052557
-157.5000000000,67.5000000000,0.0849399573,0.4052394705,0.5098205722
-156.5000000000,67.5000000000,0.1170350742,0.4842265275,0.3987383982
-155.5000000000,67.5000000000,0.1498168425,0.5484702433,0.3017129142
-154.5000000000,67.5000000000,0.1769741997,0.5615450045,0.2614807958
-153.5000000000,67.5000000000,0.1687463277,0.5508951388,0.2803585335
-152.5000000000,67.5000000000,0.1734295553,0.5408184929,0.2857519518
-151.5000000000,67.5000000000,0.1579770794,0.5402825477,0.3017403729
-150.5000000000,67.5000000000,0.1332256187,0.5149867565,0.3517876248
-149.5000000000,67.5000000000,0.1179660422,0.4648990655,0.4171348923
-148.5000000000,67.5000000000,0.1119446114,0.4508940887,0.4371612999
-147.5000000000,67.5000000000,0.1324123332,0.4546854808,0.4129021860
-146.5000000000,67.5000000000,0.1542832166,0.4673667051,0.3783500783
-145.5000000000,67.5000000000,0.1901624933,0.4864198656,0.3234176411
-144.5000000000,67.5000000000,0.2097348767,0.4759371555,0.3143279678
-143.5000000000,67.5000000000,0.2168002514,0.4540725470,0.3291272016
-142.5000000000,67.5000000000,0.2031425735,0.4337780314,0.3630793951
-141.5000000000,67.5000000000,0.1807359497,0.4103717661,0.4088922842
-140.5000000000,67.5000000000,0.1598489814,0.3955382372,0.4446127814
-139.5000000000,67.5000000000,0.1242985012,0.3664512155,0.5092502834
-138.5000000000,67.5000000000,0.1209353753,0.4048011507,0.4742634740
-137.5000000000,67.5000000000,0.1471903219,0.4733316927,0.3794779855
-136.5000000000,67.5000000000,0.1902326860,0.5303865734,0.2793807406
-135.5000000000,67.5000000000,0.1983566322,0.5843413183,0.2173020496
-134.5000000000,67.5000000000,0.2095578829,0.6100312711,0.1804108460
-133.5000000000,67.5000000000,0.2329544773,0.6121928370,0.1548526857
-132.5000000000,67.5000000000,0.2470640001,0.5978273254,0.1551086746
-131.5000000000,67.5000000000,0.2301770522,0.5935784471,0.1762445007
-130.5000000000,67.5000000000,0.2283287685,0.5877247907,0.1839464408
-129.5000000000,67.5000000000,0.2295609328,0.5853066161,0.1851324511
-128.5000000000,67.5000000000,0.2453409331,0.5835187498,0.1711403171
-127.5000000000,67.5000000000,0.2637513403,0.5841628288,0.1520858309
-126.5000000000,67.5000000000,0.2845679606,0.5825824241,0.1328496154
-125.5000000000,67.5000000000,0.2886905630,0.5840013732,0.1273080637
-124.5000000000,67.5000000000,0.2831358488,0.5837235592,0.1331405920
-123.5000000000,67.5000000000,0.2726972340,0.5816898670,0.1456128990
-122.5000000000,67.5000000000,0.2597629961,0.5782786494,0.1619583545
-121.5000000000,67.5000000000,0.2457944814,0.5631379291,0.1910675895
-120.5000000000,67.5000000000,0.2277212221,0.5461833971,0.2260953807
-119.5000000000,67.5000000000,0.2068093924,0.5296728582,0.2635177494
-118.5000000000,67.5000000000,0.1840440849,0.5111132598,0.3048426553
-117.5000000000,67.5000000000,0.1557068024,0.4939165600,0.3503766377
-116.5000000000,67.5000000000,0.1338169128,0.4741861661,0.3919969211
-115.5000000000,67.5000000000,0.1160937137,0.4538497212,0.4300565651
-114.5000000000,67.5000000000,0.1390727870,0.4287184368,0.4322087762
-113.5000000000,67.5000000000,0.1585595299,0.3986698076,0.4427706625
-112.5000000000,67.5000000000,0.1708577089,0.3795732206,0.4495690705
-111.5000000000,67.5000000000,0.1695318829,0.3668727597,0.4635953574
-110.5000000000,67.5000000000,0.1628359409,0.3570557179,0.4801083412
-109.5000000000,67.5000000000,0.1524963046,0.3509746691,0.4965290263
-107.5000000000,67.5000000000,0.1269565546,0.3253865275,0.5476569179
-106.5000000000,67.5000000000,0.1114950769,0.3087430782,0.5797618450
-105.5000000000,67.5000000000,0.0938191921,0.2883912366,0.6177895713
-104.5000000000,67.5000000000,0.0782884482,0.2590719220,0.6626396299
-103.5000000000,67.5000000000,0.0747822429,0.2408294042,0.6843883529
-102.5000000000,67.5000000000,0.0765001035,0.2282631133,0.6952367832
-101.5000000000,67.5000000000,0.0780122132,0.2233115910,0.6986761957
-100.5000000000,67.5000000000,0.0792604451,0.2188285219,0.7019110330
-99.5000000000,67.5000000000,0.0798500660,0.2130241808,0.7071257532
-98.5000000000,67.5000000000,0.0812838927,0.2111937425,0.7075223648
-97.5000000000,67.5000000000,0.0803102237,0.2140351309,0.7056546454
-96.5000000000,67.5000000000,0.0773097578,0.2124562036,0.7102340386
-94.5000000000,67.5000000000,0.0720189891,0.2028472530,0.7251337579
-93.5000000000,67.5000000000,0.0635284851,0.1919539641,0.7445175508
-92.5000000000,67.5000000000,0.0601536001,0.1864732863,0.7533731136
-91.5000000000,67.5000000000,0.0544160706,0.1885808389,0.7570030905
-90.5000000000,67.5000000000,0.0607539387,0.2088840038,0.7303620574
-89.5000000000,67.5000000000,0.0679965338,0.2393727959,0.6926306704
-88.5000000000,67.5000000000,0.0801743968,0.2768432002,0.6429824030
-85.5000000000,67.5000000000,0.1132575548,0.3853335450,0.5014089002
-84.5000000000,67.5000000000,0.1177543004,0.4097122763,0.4725334232
-83.5000000000,67.5000000000,0.1173808493,0.4204415251,0.4621776256
-82.5000000000,67.5000000000,0.1187798595,0.4330553738,0.4481647667
-81.5000000000,67.5000000000,0.1150535404,0.4321798327,0.4527666270
-76.5000000000,67.5000000000,0.0842584741,0.3714612221,0.5442803038
-75.5000000000,67.5000000000,0.0771544470,0.3553188550,0.5675266980
-71.5000000000,67.5000000000,0.0441896557,0.2689872137,0.6868231306
-70.5000000000,67.5000000000,0.0404014837,0.2570489862,0.7025495302
-69.5000000000,67.5000000000,0.0391200050,0.2479646290,0.7129153659
-68.5000000000,67.5000000000,0.0386669807,0.2389028892,0.7224301301
-67.5000000000,67.5000000000,0.0425752495,0.2289913877,0.7284333628
-66.5000000000,67.5000000000,0.0522746415,0.2278454297,0.7198799288
-65.5000000000,67.5000000000,0.0581398729,0.2367070412,0.7051530859
-64.5000000000,67.5000000000,0.0575496756,0.2440000116,0.6984503128
-164.5000000000,66.5000000000,0.0556545112,0.2795942337,0.6647512551
-160.5000000000,66.5000000000,0.0591675982,0.3580278331,0.5828045687
-159.5000000000,66.5000000000,0.0637546659,0.3861777787,0.5500675554
-158.5000000000,66.5000000000,0.0729115352,0.4215272173,0.5055612475
-157.5000000000,66.5000000000,0.0932836280,0.4911396160,0.4155767559
-156.5000000000,66.5000000000,0.1288007606,0.5666573651,0.3045418743
-155.5000000000,66.5000000000,0.1488566677,0.5869442491,0.2641990832
-154.5000000000,66.5000000000,0.1752611785,0.5912964841,0.2334423374
-153.5000000000,66.5000000000,0.1876356872,0.5776931103,0.2346712025
-152.5000000000,66.5000000000,0.1962172868,0.5634418913,0.2403408220
-151.5000000000,66.5000000000,0.2001658910,0.5463715915,0.2534625175
-150.5000000000,66.5000000000,0.1969169448,0.5422623634,0.2608206918
-149.5000000000,66.5000000000,0.1733639285,0.5330329392,0.2936031323
-148.5000000000,66.5000000000,0.1563767416,0.5380840407,0.3055392177
-147.5000000000,66.5000000000,0.1667069181,0.5566168280,0.2766762539
-146.5000000000,66.5000000000,0.1775981278,0.5576836439,0.2647182283
-145.5000000000,66.5000000000,0.2082163422,0.5616300815,0.2301535764
-144.5000000000,66.5000000000,0.2315413960,0.5296720369,0.2387865671
-143.5000000000,66.5000000000,0.2517830589,0.4922377675,0.2559791736
-142.5000000000,66.5000000000,0.2366751140,0.4692126383,0.2941122478
-141.5000000000,66.5000000000,0.2231819008,0.4448750218,0.3319430774
-140.5000000000,66.5000000000,0.1988233325,0.4312575615,0.3699191061
-139.5000000000,66.5000000000,0.1652680532,0.4216177645,0.4131141823
-138.5000000000,66.5000000000,0.1486858660,0.4543090938,0.3970050402
-137.5000000000,66.5000000000,0.1639224352,0.5027287025,0.3333488624
-136.5000000000,66.5000000000,0.2032933391,0.5458444510,0.2508622099
-135.5000000000,66.5000000000,0.2331412697,0.5802835108,0.1865752196
-134.5000000000,66.5000000000,0.2537542750,0.5850400017,0.1612057233
-133.5000000000,66.5000000000,0.2522601054,0.5953021001,0.1524377945
-132.5000000000,66.5000000000,0.2624743340,0.5838008721,0.1537247939
-131.5000000000,66.5000000000,0.2572912602,0.5729366848,0.1697720550
-130.5000000000,66.5000000000,0.2431480631,0.5726994938,0.1841524430
-129.5000000000,66.5000000000,0.2427976678,0.5642614173,0.1929409149
-128.5000000000,66.5000000000,0.2527007455,0.5621777374,0.1851215172
-127.5000000000,66.5000000000,0.2826708081,0.5543166630,0.1630125289
-126.5000000000,66.5000000000,0.3252725200,0.5427129337,0.1320145463
-125.5000000000,66.5000000000,0.3425325081,0.5316381350,0.1258293570
-124.5000000000,66.5000000000,0.3316414634,0.5331506320,0.1352079046
-123.5000000000,66.5000000000,0.3214778091,0.5286491724,0.1498730184
-122.5000000000,66.5000000000,0.2978963626,0.5370166899,0.1650869475
-121.5000000000,66.5000000000,0.2788080595,0.5366906859,0.1845012547
-120.5000000000,66.5000000000,0.2645638751,0.5325052529,0.2029308720
-119.5000000000,66.5000000000,0.2602902750,0.5253484824,0.2143612427
-118.5000000000,66.5000000000,0.2412491442,0.5233221360,0.2354287198
-117.5000000000,66.5000000000,0.2134694876,0.5232588661,0.2632716464
-116.5000000000,66.5000000000,0.2064988950,0.5091521024,0.2843490026
-115.5000000000,66.5000000000,0.2067721696,0.4944802209,0.2987476095
-114.5000000000,66.5000000000,0.2220996235,0.4671418624,0.3107585141
-113.5000000000,66.5000000000,0.2329425928,0.4410480081,0.3260093992
-112.5000000000,66.5000000000,0.2360999185,0.4241182839,0.3397817976
-111.5000000000,66.5000000000,0.2272405347,0.4105630215,0.3621964438
-110.5000000000,66.5000000000,0.2119420983,0.4000272244,0.3880306773
-109.5000000000,66.5000000000,0.1955355374,0.3887066277,0.4157578349
-108.5000000000,66.5000000000,0.1845130885,0.3693089775,0.4461779340
-107.5000000000,66.5000000000,0.1506193150,0.3485390548,0.5008416302
-106.5000000000,66.5000000000,0.1369181452,0.3256653039,0.5374165509
-105.5000000000,66.5000000000,0.1151024750,0.3007057345,0.5841917905
-104.5000000000,66.5000000000,0.0949263414,0.2679578921,0.6371157665
-103.5000000000,66.5000000000,0.0934850719,0.2463276103,0.6601873178
-102.5000000000,66.5000000000,0.0936851324,0.2322566341,0.6740582335
-101.5000000000,66.5000000000,0.0937902831,0.2184728923,0.6877368247
-100.5000000000,66.5000000000,0.0951842668,0.2149860647,0.6898296685
-99.5000000000,66.5000000000,0.0946331744,0.2079411118,0.6974257138
-98.5000000000,66.5000000000,0.0962169237,0.2076146532,0.6961684231
-97.5000000000,66.5000000000,0.0949141180,0.2099037074,0.6951821746
-96.5000000000,66.5000000000,0.0919852337,0.2114659821,0.6965487843
-95.5000000000,66.5000000000,0.0912860697,0.2125876384,0.6961262919
-94.5000000000,66.5000000000,0.0914809716,0.2100691983,0.6984498301
-93.5000000000,66.5000000000,0.0819132652,0.2033117374,0.7147749975
-92.5000000000,66.5000000000,0.0765861275,0.2021594133,0.7212544593
-91.5000000000,66.5000000000,0.0729685283,0.2070513171,0.7199801546
-90.5000000000,66.5000000000,0.0810195674,0.2234301445,0.6955502880
-89.5000000000,66.5000000000,0.0841178992,0.2458779624,0.6700041384
-88.5000000000,66.5000000000,0.0952473079,0.2762639263,0.6284887658
-87.5000000000,66.5000000000,0.1011085570,0.3052856589,0.5936057840
-84.5000000000,66.5000000000,0.1277146891,0.3766371504,0.4956481605
-83.5000000000,66.5000000000,0.1272259573,0.3847118578,0.4880621849
-73.5000000000,66.5000000000,0.0609054427,0.2912075994,0.6478869580
-72.5000000000,66.5000000000,0.0539507215,0.2695371604,0.6765121181
-71.5000000000,66.5000000000,0.0470759844,0.2493362615,0.7035877542
-70.5000000000,66.5000000000,0.0421310677,0.2358807622,0.7219881701
-69.5000000000,66.5000000000,0.0380540596,0.2251557916,0.7367901488
-68.5000000000,66.5000000000,0.0369547157,0.2152068552,0.7478384291
-67.5000000000,66.5000000000,0.0371307606,0.2093204759,0.7535487636
-66.5000000000,66.5000000000,0.0430208147,0.2101406414,0.7468385438
-65.5000000000,66.5000000000,0.0467878441,0.2165111110,0.7367010448
-64.5000000000,66.5000000000,0.0759541735,0.2383240333,0.6857217932
-63.5000000000,66.5000000000,0.0908498427,0.2585490865,0.6506010708
-62.5000000000,66.5000000000,0.1060308479,0.2783398020,0.6156293501
-167.5000000000,65.5000000000,0.0554406000,0.2446000685,0.6999593315
-166.5000000000,65.5000000000,0.0553988158,0.2594751428,0.6851260414
-165.5000000000,65.5000000000,0.0595936336,0.2778401907,0.6625661757
-164.5000000000,65.5000000000,0.0594134656,0.2918595867,0.6487269477
-163.5000000000,65.5000000000,0.0602757364,0.3073609895,0.6323632741
-162.5000000000,65.5000000000,0.0572988102,0.3247634990,0.6179376908
-161.5000000000,65.5000000000,0.0640440336,0.3565627551,0.5793932113
-160.5000000000,65.5000000000,0.0675689215,0.3862634393,0.5461676391
-159.5000000000,65.5000000000,0.0753091222,0.4271293100,0.4975615678
-158.5000000000,65.5000000000,0.0881428826,0.4766079632,0.4352491542
-157.5000000000,65.5000000000,0.1018940254,0.5346186961,0.3634872785
-156.5000000000,65.5000000000,0.1293043572,0.5847687726,0.2859268702
-155.5000000000,65.5000000000,0.1634542196,0.5996759725,0.2368698079
-154.5000000000,65.5000000000,0.1994474860,0.5934571892,0.2070953248
-153.5000000000,65.5000000000,0.2324349440,0.5712214083,0.1963436477
-152.5000000000,65.5000000000,0.2614180344,0.5453798515,0.1932021142
-151.5000000000,65.5000000000,0.2687430795,0.5247244758,0.2065324447
-150.5000000000,65.5000000000,0.2406139619,0.5348714732,0.2245145649
-149.5000000000,65.5000000000,0.2224199378,0.5416073208,0.2359727414
