Lon,Lat,C_LonLatElev,B_LonLatElev,U_LonLatElev
-112.5000000000,78.5000000000,0.0360538621,0.2080807810,0.7558653569
-111.5000000000,78.5000000000,0.0408511955,0.2325580094,0.7265907951
-110.5000000000,78.5000000000,0.0472788643,0.2616839525,0.6910371831
-109.5000000000,78.5000000000,0.0514735754,0.2906766980,0.6578497266
-104.5000000000,78.5000000000,0.0633999317,0.4238886019,0.5127114664
-103.5000000000,78.5000000000,0.0621878260,0.4399769837,0.4978351902
-102.5000000000,78.5000000000,0.0603786174,0.4546256276,0.4849957549
-101.5000000000,78.5000000000,0.0570596647,0.4613260635,0.4816142718
-100.5000000000,78.5000000000,0.0519278220,0.4721604583,0.4759117197
-97.5000000000,78.5000000000,0.0417985516,0.4881921058,0.4700093426
-96.5000000000,78.5000000000,0.0390452790,0.4879190060,0.4730357151
-95.5000000000,78.5000000000,0.0391113044,0.4875558518,0.4733328439
-92.5000000000,78.5000000000,0.0415560156,0.4764722537,0.4819717307
-91.5000000000,78.5000000000,0.0573354695,0.4568892758,0.4857752547
-90.5000000000,78.5000000000,0.0649338240,0.4434071605,0.4916590156
-89.5000000000,78.5000000000,0.0613394707,0.4449336345,0.4937268948
-86.5000000000,78.5000000000,0.0643796757,0.4145697630,0.5210505613
-85.5000000000,78.5000000000,0.0682132543,0.4008632789,0.5309234667
-84.5000000000,78.5000000000,0.0694179113,0.3847737610,0.5458083277
-83.5000000000,78.5000000000,0.0738641769,0.3606407415,0.5654950816
-82.5000000000,78.5000000000,0.0630173286,0.3487777185,0.5882049529
-81.5000000000,78.5000000000,0.0669533827,0.3200889900,0.6129576273
-80.5000000000,78.5000000000,0.0761083145,0.2878911643,0.6360005212
-79.5000000000,78.5000000000,0.0881071300,0.2551656904,0.6567271796
-78.5000000000,78.5000000000,0.0601728725,0.2457052107,0.6941219168
-77.5000000000,78.5000000000,0.0496350618,0.2316702740,0.7186946643
-116.5000000000,77.5000000000,0.0388929161,0.2000947091,0.7610123747
-112.5000000000,77.5000000000,0.0368714692,0.2070335756,0.7560949552
-111.5000000000,77.5000000000,0.0416165938,0.2315217938,0.7268616124
-110.5000000000,77.5000000000,0.0471914011,0.2613009566,0.6915076423
-105.5000000000,77.5000000000,0.0650359044,0.4014313175,0.5335327782
-95.5000000000,77.5000000000,0.0389999298,0.4871416918,0.4738583784
-94.5000000000,77.5000000000,0.0395572291,0.4836661388,0.4767766321
-93.5000000000,77.5000000000,0.0398935404,0.4819946370,0.4781118226
-90.5000000000,77.5000000000,0.0471827420,0.4611078119,0.4917094461
-87.5000000000,77.5000000000,0.0562189778,0.4319461904,0.5118348317
-86.5000000000,77.5000000000,0.0642844344,0.4141166946,0.5215988710
-82.5000000000,77.5000000000,0.0669849193,0.3450240927,0.5879909880
-81.5000000000,77.5000000000,0.0570552677,0.3275006064,0.6154441260
-80.5000000000,77.5000000000,0.0699210790,0.2916268084,0.6384521126
-79.5000000000,77.5000000000,0.0607724326,0.2719684400,0.6672591275
-78.5000000000,77.5000000000,0.0495279897,0.2528224732,0.6976495371
-120.5000000000,76.5000000000,0.0455279668,0.2595785621,0.6948934710
-119.5000000000,76.5000000000,0.0441875114,0.2312418708,0.7245706178
-117.5000000000,76.5000000000,0.0437772949,0.2057762371,0.7504464681
-109.5000000000,76.5000000000,0.0531099204,0.2883897419,0.6585003376
-104.5000000000,76.5000000000,0.0648466077,0.4214659084,0.5136874839
-103.5000000000,76.5000000000,0.0635936828,0.4375484316,0.4988578856
-100.5000000000,76.5000000000,0.0547756510,0.4680167584,0.4772075906
-99.5000000000,76.5000000000,0.0507426650,0.4728525424,0.4764047926
-98.5000000000,76.5000000000,0.0472086475,0.4777459607,0.4750453918
-95.5000000000,76.5000000000,0.0415026474,0.4834232966,0.4750740560
-94.5000000000,76.5000000000,0.0441170712,0.4774951479,0.4783877810
-93.5000000000,76.5000000000,0.0406758674,0.4804526535,0.4788714791
-92.5000000000,76.5000000000,0.0451379741,0.4710628955,0.4837991304
-90.5000000000,76.5000000000,0.0470474474,0.4607069572,0.4922455954
-88.5000000000,76.5000000000,0.0539381416,0.4413700611,0.5046917973
-86.5000000000,76.5000000000,0.0618250306,0.4158479065,0.5223270629
-85.5000000000,76.5000000000,0.0722124273,0.3963636490,0.5314239237
-84.5000000000,76.5000000000,0.0664681941,0.3862309877,0.5473008182
-83.5000000000,76.5000000000,0.0720103815,0.3610716843,0.5669179342
-82.5000000000,76.5000000000,0.0849953477,0.3310781478,0.5839265045
-81.5000000000,76.5000000000,0.0647128438,0.3208145536,0.6144726026
-80.5000000000,76.5000000000,0.0587320067,0.2993828517,0.6418851417
-79.5000000000,76.5000000000,0.0683015673,0.2663465522,0.6653518805
-78.5000000000,76.5000000000,0.0523080036,0.2503068507,0.6973851458
-115.5000000000,75.5000000000,0.0402361558,0.1886248302,0.7711390140
-114.5000000000,75.5000000000,0.0411122880,0.1816695816,0.7772181304
-113.5000000000,75.5000000000,0.0426104533,0.1874976608,0.7698918858
-112.5000000000,75.5000000000,0.0431138710,0.2016171315,0.7552689975
-111.5000000000,75.5000000000,0.0435704057,0.2291560255,0.7272735687
-110.5000000000,75.5000000000,0.0494447925,0.2586201463,0.6919350612
-109.5000000000,75.5000000000,0.0539365976,0.2872529574,0.6588104450
-108.5000000000,75.5000000000,0.0579287649,0.3140193776,0.6280518575
-107.5000000000,75.5000000000,0.0643582420,0.3407581195,0.5948836385
-106.5000000000,75.5000000000,0.0663353936,0.3692910790,0.5643735274
-99.5000000000,75.5000000000,0.0503438198,0.4727403469,0.4769158333
-98.5000000000,75.5000000000,0.0464640563,0.4780506805,0.4754852632
-95.5000000000,75.5000000000,0.0403106671,0.4843564281,0.4753329047
-94.5000000000,75.5000000000,0.0429786617,0.4783060003,0.4787153380
-91.5000000000,75.5000000000,0.0480002517,0.4652060580,0.4867936904
-90.5000000000,75.5000000000,0.0536846177,0.4529328218,0.4933825605
-89.5000000000,75.5000000000,0.0571555036,0.4474342700,0.4954102264
-88.5000000000,75.5000000000,0.0586859591,0.4360431665,0.5052708744
-85.5000000000,75.5000000000,0.0707535725,0.3970692449,0.5321771826
-84.5000000000,75.5000000000,0.0732535832,0.3800025842,0.5467438325
-83.5000000000,75.5000000000,0.0937181815,0.3444963188,0.5617854997
-82.5000000000,75.5000000000,0.1012288973,0.3197682110,0.5790028918
-81.5000000000,75.5000000000,0.0751841853,0.3125633490,0.6122524657
-80.5000000000,75.5000000000,0.0656231193,0.2937276159,0.6406492647
-121.5000000000,74.5000000000,0.0481192816,0.2849456071,0.6669351113
-113.5000000000,74.5000000000,0.0389334183,0.1896612666,0.7714053151
-112.5000000000,74.5000000000,0.0413521551,0.2024832735,0.7561645714
-97.5000000000,74.5000000000,0.0437448834,0.4835958787,0.4726592379
-88.5000000000,74.5000000000,0.0549702914,0.4392136440,0.5058160646
-87.5000000000,74.5000000000,0.0673935410,0.4197305185,0.5128759405
-86.5000000000,74.5000000000,0.0649102102,0.4119275746,0.5231622152
-123.5000000000,73.5000000000,0.0431014653,0.3516372976,0.6052612371
-122.5000000000,73.5000000000,0.0488996954,0.3144837846,0.6366165200
-121.5000000000,73.5000000000,0.0496709101,0.2831760236,0.6671530663
-120.5000000000,73.5000000000,0.0493039522,0.2552384908,0.6954575570
-119.5000000000,73.5000000000,0.0464276898,0.2283079821,0.7252643282
-118.5000000000,73.5000000000,0.0480927509,0.2117750706,0.7401321784
-117.5000000000,73.5000000000,0.0470399573,0.2023921794,0.7505678633
-116.5000000000,73.5000000000,0.0437441929,0.1951480718,0.7611077353
-115.5000000000,73.5000000000,0.0403704169,0.1878018164,0.7718277666
-106.5000000000,73.5000000000,0.0689410781,0.3660776469,0.5649812750
-105.5000000000,73.5000000000,0.0720063536,0.3932549931,0.5347386533
-104.5000000000,73.5000000000,0.0681930847,0.4168149429,0.5149919724
-101.5000000000,73.5000000000,0.0594228650,0.4561982018,0.4843789332
-100.5000000000,73.5000000000,0.0578949800,0.4631416802,0.4789633398
-99.5000000000,73.5000000000,0.0514329745,0.4704430390,0.4781239866
-98.5000000000,73.5000000000,0.0490472647,0.4740024979,0.4769502373
-95.5000000000,73.5000000000,0.0442916765,0.4783712031,0.4773371204
-94.5000000000,73.5000000000,0.0469165772,0.4725608430,0.4805225798
-93.5000000000,73.5000000000,0.0481221851,0.4699546506,0.4819231643
-92.5000000000,73.5000000000,0.0498690715,0.4640363953,0.4860945331
-91.5000000000,73.5000000000,0.0512819409,0.4604834542,0.4882346048
-87.5000000000,73.5000000000,0.0654439529,0.4209602594,0.5135957877
-86.5000000000,73.5000000000,0.0699373870,0.4069242827,0.5231383303
-83.5000000000,73.5000000000,0.0715208122,0.3599042448,0.5685749430
-82.5000000000,73.5000000000,0.0716782882,0.3393021247,0.5890195870
-81.5000000000,73.5000000000,0.0644096295,0.3195532686,0.6160371020
-80.5000000000,73.5000000000,0.0727268716,0.2878008221,0.6394723063
-79.5000000000,73.5000000000,0.0697165511,0.2640624334,0.6662210155
-78.5000000000,73.5000000000,0.0532133188,0.2483319358,0.6984547454
-77.5000000000,73.5000000000,0.0529087394,0.2273158923,0.7197753683
-124.5000000000,72.5000000000,0.0417294832,0.3943789900,0.5638915268
-123.5000000000,72.5000000000,0.0459467626,0.3565407620,0.5975124754
-122.5000000000,72.5000000000,0.0511961384,0.3207708085,0.6280330530
-121.5000000000,72.5000000000,0.0525010913,0.2876134034,0.6598855053
-120.5000000000,72.5000000000,0.0512119913,0.2549395851,0.6938484236
-119.5000000000,72.5000000000,0.0485299089,0.2311505066,0.7203195844
-117.5000000000,72.5000000000,0.0490528268,0.2116169150,0.7393302582
-116.5000000000,72.5000000000,0.0485149877,0.2019657032,0.7495193090
-115.5000000000,72.5000000000,0.0443370998,0.1960080602,0.7596548400
-114.5000000000,72.5000000000,0.0396020318,0.1924716881,0.7679262801
-113.5000000000,72.5000000000,0.0410300569,0.1948687484,0.7641011948
-112.5000000000,72.5000000000,0.0448439613,0.2076333550,0.7475226837
-111.5000000000,72.5000000000,0.0468935559,0.2335148988,0.7195915453
-109.5000000000,72.5000000000,0.0649743055,0.2875662705,0.6474594240
-107.5000000000,72.5000000000,0.0700592449,0.3412175985,0.5887231566
-106.5000000000,72.5000000000,0.0729360439,0.3671610834,0.5599028727
-105.5000000000,72.5000000000,0.0725079066,0.3971528471,0.5303392463
-101.5000000000,72.5000000000,0.0613013635,0.4579360494,0.4807625871
-100.5000000000,72.5000000000,0.0558391536,0.4651015430,0.4790593034
-99.5000000000,72.5000000000,0.0519781427,0.4699448617,0.4780769955
-98.5000000000,72.5000000000,0.0479076680,0.4746198780,0.4774724540
-97.5000000000,72.5000000000,0.0452871118,0.4799915990,0.4747212893
-96.5000000000,72.5000000000,0.0452137394,0.4791240274,0.4756622332
-94.5000000000,72.5000000000,0.0467834208,0.4733097365,0.4799068427
-93.5000000000,72.5000000000,0.0435140325,0.4752276895,0.4812582780
-89.5000000000,72.5000000000,0.0559400591,0.4458580576,0.4982018833
-88.5000000000,72.5000000000,0.0600741457,0.4340551358,0.5058707185
-87.5000000000,72.5000000000,0.0669030657,0.4183620452,0.5147348891
-86.5000000000,72.5000000000,0.0674178218,0.4096435068,0.5229386714
-85.5000000000,72.5000000000,0.0664347815,0.3966185333,0.5369466852
-84.5000000000,72.5000000000,0.0727144033,0.3752437466,0.5520418501
-83.5000000000,72.5000000000,0.0729580961,0.3591860523,0.5678558516
-82.5000000000,72.5000000000,0.0777839769,0.3347296805,0.5874863426
-81.5000000000,72.5000000000,0.0708315264,0.3138958726,0.6152726010
-80.5000000000,72.5000000000,0.0582679604,0.2973483610,0.6443836786
-78.5000000000,72.5000000000,0.0489056812,0.2497180661,0.7013762527
-77.5000000000,72.5000000000,0.0541109851,0.2260964545,0.7197925604
-76.5000000000,72.5000000000,0.0523019232,0.2025250819,0.7451729949
-75.5000000000,72.5000000000,0.0396008106,0.1870028168,0.7733963726
-123.5000000000,71.5000000000,0.0553086556,0.3719419287,0.5727494157
-122.5000000000,71.5000000000,0.0611627418,0.3366843135,0.6021529446
-121.5000000000,71.5000000000,0.0576207718,0.3083715862,0.6340076420
-117.5000000000,71.5000000000,0.0563346267,0.2349623093,0.7087030639
-116.5000000000,71.5000000000,0.0550645216,0.2245391373,0.7203963411
-114.5000000000,71.5000000000,0.0499094359,0.2101215490,0.7399690151
-113.5000000000,71.5000000000,0.0513572273,0.2062631552,0.7423796174
-112.5000000000,71.5000000000,0.0516305914,0.2222664698,0.7261029388
-111.5000000000,71.5000000000,0.0576783473,0.2458277762,0.6964938764
-110.5000000000,71.5000000000,0.0644592419,0.2724785658,0.6630621923
-109.5000000000,71.5000000000,0.0688660789,0.2995664632,0.6315674579
-108.5000000000,71.5000000000,0.0696522704,0.3285934691,0.6017542605
-107.5000000000,71.5000000000,0.0731722385,0.3550909854,0.5717367761
-106.5000000000,71.5000000000,0.0755922452,0.3762572159,0.5481505389
-105.5000000000,71.5000000000,0.0777625819,0.3953511120,0.5268863060
-104.5000000000,71.5000000000,0.0746667291,0.4160567785,0.5092764925
-98.5000000000,71.5000000000,0.0493023472,0.4777605226,0.4729371303
-95.5000000000,71.5000000000,0.0452803564,0.4795499104,0.4751697333
-94.5000000000,71.5000000000,0.0456739056,0.4766016848,0.4777244095
-93.5000000000,71.5000000000,0.0444516554,0.4723332740,0.4832150706
-89.5000000000,71.5000000000,0.0588718745,0.4445685853,0.4965595402
-88.5000000000,71.5000000000,0.0639239190,0.4315540354,0.5045220456
-87.5000000000,71.5000000000,0.0649050059,0.4192732428,0.5158217513
-86.5000000000,71.5000000000,0.0694133019,0.4078285254,0.5227581727
-85.5000000000,71.5000000000,0.0668556247,0.3984356479,0.5347087274
-84.5000000000,71.5000000000,0.0682802969,0.3826363292,0.5490833738
-83.5000000000,71.5000000000,0.0701701053,0.3626375693,0.5671923254
-82.5000000000,71.5000000000,0.0731010584,0.3397977769,0.5871011647
-81.5000000000,71.5000000000,0.0689771375,0.3154251163,0.6155977462
-80.5000000000,71.5000000000,0.0667136557,0.2928719355,0.6404144087
-79.5000000000,71.5000000000,0.0691280208,0.2644110274,0.6664609518
-78.5000000000,71.5000000000,0.0619118183,0.2426944495,0.6953937322
-77.5000000000,71.5000000000,0.0598595375,0.2218310484,0.7183094141
-76.5000000000,71.5000000000,0.0535753218,0.2046352401,0.7417894381
-75.5000000000,71.5000000000,0.0438291991,0.1858283704,0.7703424305
-74.5000000000,71.5000000000,0.0445932319,0.1575278100,0.7978789581
-72.5000000000,71.5000000000,0.0265855457,0.1239503437,0.8494641106
-158.5000000000,70.5000000000,0.0178292047,0.2599420546,0.7222287406
-157.5000000000,70.5000000000,0.0159846277,0.2290708273,0.7549445450
-156.5000000000,70.5000000000,0.0136771651,0.2094275101,0.7768953248
-155.5000000000,70.5000000000,0.0122260751,0.2008805076,0.7868934173
-154.5000000000,70.5000000000,0.0130525713,0.2185714938,0.7683759349
-153.5000000000,70.5000000000,0.0148493549,0.2444623374,0.7406883077
-152.5000000000,70.5000000000,0.0162852652,0.2654424136,0.7182723211
-149.5000000000,70.5000000000,0.0180062094,0.3011900670,0.6808037236
-111.5000000000,70.5000000000,0.0651849913,0.2738927230,0.6609222857
-110.5000000000,70.5000000000,0.0730300739,0.2957254918,0.6312444343
-109.5000000000,70.5000000000,0.0746738601,0.3182737502,0.6070523897
-108.5000000000,70.5000000000,0.0794902057,0.3403933173,0.5801164770
-107.5000000000,70.5000000000,0.0817653017,0.3639821283,0.5542525700
-106.5000000000,70.5000000000,0.0854035627,0.3827548873,0.5318415500
-105.5000000000,70.5000000000,0.0833675673,0.4004961561,0.5161362766
-104.5000000000,70.5000000000,0.0807868508,0.4204766713,0.4987364779
-103.5000000000,70.5000000000,0.0771754513,0.4377478033,0.4850767454
-95.5000000000,70.5000000000,0.0476386615,0.4767738639,0.4755874746
-94.5000000000,70.5000000000,0.0500606581,0.4719292764,0.4780100655
-93.5000000000,70.5000000000,0.0542467379,0.4622536991,0.4834995630
-92.5000000000,70.5000000000,0.0503732356,0.4623726196,0.4872541448
-88.5000000000,70.5000000000,0.0636999718,0.4323700151,0.5039300131
-87.5000000000,70.5000000000,0.0681834644,0.4223809446,0.5094355910
-86.5000000000,70.5000000000,0.0736944677,0.4107420840,0.5155634483
-85.5000000000,70.5000000000,0.0779321114,0.3960266704,0.5260412182
-84.5000000000,70.5000000000,0.0741662987,0.3827357484,0.5430979529
-83.5000000000,70.5000000000,0.0737515063,0.3623455419,0.5639029518
-82.5000000000,70.5000000000,0.0731335986,0.3416894088,0.5851769926
-81.5000000000,70.5000000000,0.0679377034,0.3209837951,0.6110785014
-80.5000000000,70.5000000000,0.0646379666,0.3001535097,0.6352085237
-79.5000000000,70.5000000000,0.0572162496,0.2768146696,0.6659690808
-78.5000000000,70.5000000000,0.0565974069,0.2494219587,0.6939806344
-77.5000000000,70.5000000000,0.0551286138,0.2262648064,0.7186065799
-76.5000000000,70.5000000000,0.0518862682,0.2081610077,0.7399527241
-75.5000000000,70.5000000000,0.0472035236,0.1846503965,0.7681460799
-74.5000000000,70.5000000000,0.0423279434,0.1599535108,0.7977185458
-73.5000000000,70.5000000000,0.0360240424,0.1402553966,0.8237205610
-72.5000000000,70.5000000000,0.0320958773,0.1209831886,0.8469209341
-71.5000000000,70.5000000000,0.0350374479,0.0998722210,0.8650903311
-70.5000000000,70.5000000000,0.0204778410,0.0903831358,0.8891390232
-69.5000000000,70.5000000000,0.0173255816,0.0795771505,0.9030972679
-68.5000000000,70.5000000000,0.0146920813,0.0708671100,0.9144408087
-162.5000000000,69.5000000000,0.0223839149,0.3821561819,0.5954599031
-161.5000000000,69.5000000000,0.0225849814,0.3808373938,0.5965776248
-160.5000000000,69.5000000000,0.0227617629,0.3579115751,0.6193266620
-159.5000000000,69.5000000000,0.0211655879,0.3306735686,0.6481608435
-158.5000000000,69.5000000000,0.0204592378,0.3032316255,0.6763091368
-157.5000000000,69.5000000000,0.0188628552,0.2792213229,0.7019158219
-156.5000000000,69.5000000000,0.0165237139,0.2587298995,0.7247463866
-155.5000000000,69.5000000000,0.0150713996,0.2457856594,0.7391429410
-154.5000000000,69.5000000000,0.0173556362,0.2834639169,0.6991804469
-153.5000000000,69.5000000000,0.0207550191,0.3204918472,0.6587531337
-152.5000000000,69.5000000000,0.0233452689,0.3427360531,0.6339186781
-151.5000000000,69.5000000000,0.0235029633,0.3513266675,0.6251703692
-150.5000000000,69.5000000000,0.0233523538,0.3483042623,0.6283433839
-149.5000000000,69.5000000000,0.0242412235,0.3528611960,0.6228975805
-148.5000000000,69.5000000000,0.0271571716,0.3954449398,0.5773978887
-147.5000000000,69.5000000000,0.0318233358,0.4377552008,0.5304214634
-146.5000000000,69.5000000000,0.0368547182,0.4664928502,0.4966524316
-145.5000000000,69.5000000000,0.0474748787,0.4886380779,0.4638870434
-144.5000000000,69.5000000000,0.0384089565,0.5173561989,0.4442348446
-143.5000000000,69.5000000000,0.0337262022,0.5238767227,0.4423970751
-142.5000000000,69.5000000000,0.0344993780,0.5130082083,0.4524924137
-141.5000000000,69.5000000000,0.0306550080,0.5010554930,0.4682894990
-140.5000000000,69.5000000000,0.0311494083,0.4900793368,0.4787712548
-139.5000000000,69.5000000000,0.0307365122,0.5108975566,0.4583659312
-132.5000000000,69.5000000000,0.0337907740,0.6772761436,0.2889330824
-131.5000000000,69.5000000000,0.0330712916,0.6707179460,0.2962107624
-130.5000000000,69.5000000000,0.0332683513,0.6543327344,0.3123989143
-129.5000000000,69.5000000000,0.0345159413,0.6329418151,0.3325422436
-128.5000000000,69.5000000000,0.0355791335,0.6065438643,0.3578770022
-127.5000000000,69.5000000000,0.0401167380,0.5788525951,0.3810306669
-126.5000000000,69.5000000000,0.0466507505,0.5424649329,0.4108843165
-125.5000000000,69.5000000000,0.0480108570,0.5156438503,0.4363452927
-124.5000000000,69.5000000000,0.0542840917,0.4753076922,0.4704082161
-122.5000000000,69.5000000000,0.0809296190,0.3957482115,0.5233221695
-121.5000000000,69.5000000000,0.0909089620,0.3649113243,0.5441797137
-116.5000000000,69.5000000000,0.0836594920,0.3023541078,0.6139864001
-115.5000000000,69.5000000000,0.0844503416,0.2932010246,0.6223486338
-114.5000000000,69.5000000000,0.0838077299,0.2878864531,0.6283058171
-113.5000000000,69.5000000000,0.0826099224,0.2872837054,0.6301063722
-112.5000000000,69.5000000000,0.0838664931,0.2892526384,0.6268808685
-111.5000000000,69.5000000000,0.0843666064,0.3037325236,0.6119008700
-110.5000000000,69.5000000000,0.0871132029,0.3206743772,0.5922124199
-109.5000000000,69.5000000000,0.0883397347,0.3390438257,0.5726164396
-108.5000000000,69.5000000000,0.0913107116,0.3592462874,0.5494430010
-107.5000000000,69.5000000000,0.0911593247,0.3766726878,0.5321679875
-106.5000000000,69.5000000000,0.0890943041,0.3954969460,0.5154087499
-105.5000000000,69.5000000000,0.0891776895,0.4109420371,0.4998802733
-104.5000000000,69.5000000000,0.0854693158,0.4277823578,0.4867483264
-103.5000000000,69.5000000000,0.0824953909,0.4424522574,0.4750523517
-97.5000000000,69.5000000000,0.0519756182,0.4809227755,0.4671016063
-96.5000000000,69.5000000000,0.0485744132,0.4804375874,0.4709879995
-95.5000000000,69.5000000000,0.0462506184,0.4778440989,0.4759052827
-92.5000000000,69.5000000000,0.0555911526,0.4613329362,0.4830759111
-91.5000000000,69.5000000000,0.0568725957,0.4566802414,0.4864471630
-90.5000000000,69.5000000000,0.0605223918,0.4512801912,0.4881974170
-85.5000000000,69.5000000000,0.0740730192,0.4067954318,0.5191315490
-84.5000000000,69.5000000000,0.0829716865,0.3836052027,0.5334231108
-83.5000000000,69.5000000000,0.0763059359,0.3664013530,0.5572927111
-82.5000000000,69.5000000000,0.0710822314,0.3492372551,0.5796805135
-76.5000000000,69.5000000000,0.0451783190,0.2148012152,0.7400204658
-75.5000000000,69.5000000000,0.0411904932,0.1913601321,0.7674493746
-74.5000000000,69.5000000000,0.0403495324,0.1656230364,0.7940274313
-73.5000000000,69.5000000000,0.0360606993,0.1442883622,0.8196509385
-72.5000000000,69.5000000000,0.0298111738,0.1235239694,0.8466648569
-71.5000000000,69.5000000000,0.0261010679,0.1057783297,0.8681206023
-70.5000000000,69.5000000000,0.0195127418,0.0904347472,0.8900525110
-69.5000000000,69.5000000000,0.0206183432,0.0753405614,0.9040410954
-68.5000000000,69.5000000000,0.0183023658,0.0656643923,0.9160332419
-165.5000000000,68.5000000000,0.0212361827,0.3385526440,0.6402111734
-164.5000000000,68.5000000000,0.0218980189,0.3591559631,0.6189460180
-163.5000000000,68.5000000000,0.0259793697,0.3719297613,0.6020908690
-162.5000000000,68.5000000000,0.0293073212,0.3885815715,0.5821111073
-161.5000000000,68.5000000000,0.0277631481,0.4003654553,0.5718713966
-160.5000000000,68.5000000000,0.0294754348,0.3776760889,0.5928484763
-159.5000000000,68.5000000000,0.0267153384,0.3644537866,0.6088308750
-158.5000000000,68.5000000000,0.0283317474,0.3505611341,0.6211071185
-157.5000000000,68.5000000000,0.0290306110,0.3454880041,0.6254813848
-156.5000000000,68.5000000000,0.0249461570,0.3547103967,0.6203434463
-155.5000000000,68.5000000000,0.0252142702,0.3561897278,0.6185960019
-154.5000000000,68.5000000000,0.0296800359,0.3953750084,0.5749449557
-153.5000000000,68.5000000000,0.0354020229,0.4307073831,0.5338905940
-152.5000000000,68.5000000000,0.0406450176,0.4485270922,0.5108278902
-151.5000000000,68.5000000000,0.0431411769,0.4425880219,0.5142708012
-150.5000000000,68.5000000000,0.0430814100,0.4258910692,0.5310275209
-149.5000000000,68.5000000000,0.0402644528,0.4217209224,0.5380146248
-148.5000000000,68.5000000000,0.0577515743,0.4616486612,0.4805997645
-147.5000000000,68.5000000000,0.0713140406,0.5022635121,0.4264224473
-146.5000000000,68.5000000000,0.0624255726,0.5358571865,0.4017172409
-145.5000000000,68.5000000000,0.0622881199,0.5661103775,0.3716015026
-144.5000000000,68.5000000000,0.0578541644,0.5780635789,0.3640822567
-143.5000000000,68.5000000000,0.0524759036,0.5748777792,0.3726463172
-142.5000000000,68.5000000000,0.0418009511,0.5601180954,0.3980809535
-141.5000000000,68.5000000000,0.0396875253,0.5243184498,0.4359940249
-140.5000000000,68.5000000000,0.0386490886,0.5015534856,0.4597974258
-139.5000000000,68.5000000000,0.0442703366,0.5121368031,0.4435928604
-138.5000000000,68.5000000000,0.0543389180,0.5406077143,0.4050533678
-137.5000000000,68.5000000000,0.0581826202,0.5944643708,0.3473530090
-136.5000000000,68.5000000000,0.0579503072,0.6478127299,0.2942369629
-135.5000000000,68.5000000000,0.0562295263,0.6911937828,0.2525766910
-134.5000000000,68.5000000000,0.0567528999,0.7164820106,0.2267650895
-133.5000000000,68.5000000000,0.0557489902,0.7296909107,0.2145600991
-132.5000000000,68.5000000000,0.0502185583,0.7206580367,0.2291234051
-131.5000000000,68.5000000000,0.0474592918,0.7078193219,0.2447213863
-130.5000000000,68.5000000000,0.0427330552,0.6875228907,0.2697440541
-129.5000000000,68.5000000000,0.0417148437,0.6631273071,0.2951578492
-128.5000000000,68.5000000000,0.0411353842,0.6304193887,0.3284452271
-127.5000000000,68.5000000000,0.0439835946,0.6032235858,0.3527928196
-126.5000000000,68.5000000000,0.0481123028,0.5755295223,0.3763581749
-125.5000000000,68.5000000000,0.0564437939,0.5449977558,0.3985584503
-124.5000000000,68.5000000000,0.0663665420,0.5083390161,0.4252944418
-123.5000000000,68.5000000000,0.0807551430,0.4723593811,0.4468854759
-122.5000000000,68.5000000000,0.0935383112,0.4417604026,0.4647012862
-121.5000000000,68.5000000000,0.1130894109,0.4070617860,0.4798488031
-120.5000000000,68.5000000000,0.1191723485,0.3895746613,0.4912529902
-119.5000000000,68.5000000000,0.1216001772,0.3766718500,0.5017279727
-118.5000000000,68.5000000000,0.1126529492,0.3700373632,0.5173096876
-117.5000000000,68.5000000000,0.1133267118,0.3618723507,0.5248009375
-116.5000000000,68.5000000000,0.1129700140,0.3530441148,0.5339858712
-115.5000000000,68.5000000000,0.1095266568,0.3470929193,0.5433804238
-114.5000000000,68.5000000000,0.1064453334,0.3397154194,0.5538392472
-112.5000000000,68.5000000000,0.1010234858,0.3366808227,0.5622956915
-107.5000000000,68.5000000000,0.1012925646,0.3950103152,0.5036971202
-105.5000000000,68.5000000000,0.0990676147,0.4223374521,0.4785949332
-104.5000000000,68.5000000000,0.0955383226,0.4376759733,0.4667857041
-97.5000000000,68.5000000000,0.0573624749,0.4834476450,0.4591898801
-96.5000000000,68.5000000000,0.0544889910,0.4811039180,0.4644070910
-93.5000000000,68.5000000000,0.0547148093,0.4647956564,0.4804895343
-92.5000000000,68.5000000000,0.0604003237,0.4610805453,0.4785191310
-91.5000000000,68.5000000000,0.0672042699,0.4538638821,0.4789318480
-89.5000000000,68.5000000000,0.0694763112,0.4404883395,0.4900353493
-88.5000000000,68.5000000000,0.0745996602,0.4306806596,0.4947196803
-85.5000000000,68.5000000000,0.0855688341,0.4042466047,0.5101845612
-84.5000000000,68.5000000000,0.0866133739,0.3848692117,0.5285174145
-83.5000000000,68.5000000000,0.0821248404,0.3675698960,0.5503052636
-73.5000000000,68.5000000000,0.0324485656,0.1487223268,0.8188291076
-72.5000000000,68.5000000000,0.0292080222,0.1264044471,0.8443875307
-71.5000000000,68.5000000000,0.0257119305,0.1078075806,0.8664804889
-70.5000000000,68.5000000000,0.0223198496,0.0903153067,0.8873648437
-69.5000000000,68.5000000000,0.0193921814,0.0755157388,0.9050920798
-68.5000000000,68.5000000000,0.0141300918,0.0662015370,0.9196683712
-163.5000000000,67.5000000000,0.0209467151,0.3726568742,0.6063964107
-162.5000000000,67.5000000000,0.0205031770,0.3964701508,0.5830266722
-161.5000000000,67.5000000000,0.0244900412,0.4010849254,0.5744250334
-160.5000000000,67.5000000000,0.0229648001,0.3983871935,0.5786480064
-159.5000000000,67.5000000000,0.0246626857,0.4036477944,0.5716895199
-158.5000000000,67.5000000000,0.0278906517,0.4087962918,0.5633130565
-157.5000000000,67.5000000000,0.0316125225,0.4209242203,0.5474632571
-156.5000000000,67.5000000000,0.0366651362,0.4372727578,0.5260621059
-155.5000000000,67.5000000000,0.0419608629,0.4629893638,0.4950497732
-154.5000000000,67.5000000000,0.0533024170,0.5082753071,0.4384222759
-153.5000000000,67.5000000000,0.0521547390,0.5450883621,0.4027568989
-152.5000000000,67.5000000000,0.0639214894,0.5594970246,0.3765814860
-151.5000000000,67.5000000000,0.0623345079,0.5505077559,0.3871577362
-150.5000000000,67.5000000000,0.0599920583,0.5434255429,0.3965823987
-149.5000000000,67.5000000000,0.0640034508,0.5520035521,0.3839929971
-148.5000000000,67.5000000000,0.0663208728,0.5964708902,0.3372082370
-147.5000000000,67.5000000000,0.0778091436,0.6298927805,0.2922980759
-146.5000000000,67.5000000000,0.0680913191,0.6526146106,0.2792940704
-145.5000000000,67.5000000000,0.0639659951,0.6678715944,0.2681624105
-144.5000000000,67.5000000000,0.0529949662,0.6662900402,0.2807149935
-143.5000000000,67.5000000000,0.0450947656,0.6540091568,0.3008960776
-142.5000000000,67.5000000000,0.0422069908,0.6228080858,0.3349849234
-141.5000000000,67.5000000000,0.0409497903,0.5638199544,0.3952302553
-140.5000000000,67.5000000000,0.0420721370,0.5161733843,0.4417544787
-139.5000000000,67.5000000000,0.0487718375,0.5366272875,0.4146008750
-138.5000000000,67.5000000000,0.0596296177,0.5719555134,0.3684148689
-137.5000000000,67.5000000000,0.0754752869,0.6107884302,0.3137362829
-136.5000000000,67.5000000000,0.0949085719,0.6442017500,0.2608896781
-135.5000000000,67.5000000000,0.0823651207,0.7002406721,0.2173942073
-134.5000000000,67.5000000000,0.0739676646,0.7322824688,0.1937498666
-133.5000000000,67.5000000000,0.0736899874,0.7426546981,0.1836553145
-132.5000000000,67.5000000000,0.0706940722,0.7412609037,0.1880450241
-131.5000000000,67.5000000000,0.0576990476,0.7354178622,0.2068830902
-130.5000000000,67.5000000000,0.0537263893,0.7116070421,0.2346665686
-129.5000000000,67.5000000000,0.0485296204,0.6871957966,0.2642745830
-128.5000000000,67.5000000000,0.0475157015,0.6533841055,0.2991001930
-127.5000000000,67.5000000000,0.0490384491,0.6270825800,0.3238789709
-126.5000000000,67.5000000000,0.0546131918,0.6059119092,0.3394748989
-125.5000000000,67.5000000000,0.0626715698,0.5800265103,0.3573019199
-124.5000000000,67.5000000000,0.0741268781,0.5508054597,0.3750676622
-123.5000000000,67.5000000000,0.0876612642,0.5203019280,0.3920368078
-122.5000000000,67.5000000000,0.1029780291,0.4954284684,0.4015935025
-121.5000000000,67.5000000000,0.1200435346,0.4689858986,0.4109705668
-120.5000000000,67.5000000000,0.1281680347,0.4510539798,0.4207779855
-119.5000000000,67.5000000000,0.1346353796,0.4347396436,0.4306249768
-118.5000000000,67.5000000000,0.1412252278,0.4182997365,0.4404750357
-117.5000000000,67.5000000000,0.1396748351,0.4120949236,0.4482302414
-116.5000000000,67.5000000000,0.1443512070,0.3984289574,0.4572198356
-115.5000000000,67.5000000000,0.1447472914,0.3917518032,0.4635009055
-114.5000000000,67.5000000000,0.1504125328,0.3803521706,0.4692352967
-113.5000000000,67.5000000000,0.1486228311,0.3725612637,0.4788159052
-112.5000000000,67.5000000000,0.1445304970,0.3677113793,0.4877581238
-111.5000000000,67.5000000000,0.1346307247,0.3694208153,0.4959484600
-110.5000000000,67.5000000000,0.1311342209,0.3742387596,0.4946270195
-109.5000000000,67.5000000000,0.1255348994,0.3834355705,0.4910295301
-107.5000000000,67.5000000000,0.1185439372,0.4069334166,0.4745226462
-106.5000000000,67.5000000000,0.1177831071,0.4192690678,0.4629478251
-105.5000000000,67.5000000000,0.1153637178,0.4329842409,0.4516520413
-104.5000000000,67.5000000000,0.1104217754,0.4447627458,0.4448154788
-103.5000000000,67.5000000000,0.1031399466,0.4530416782,0.4438183751
-102.5000000000,67.5000000000,0.0955617366,0.4617517189,0.4426865446
-101.5000000000,67.5000000000,0.0870273193,0.4669613850,0.4460112957
-100.5000000000,67.5000000000,0.0797722965,0.4695294848,0.4506982188
-99.5000000000,67.5000000000,0.0751612877,0.4761640724,0.4486746398
-98.5000000000,67.5000000000,0.0696089316,0.4802021821,0.4501888864
-97.5000000000,67.5000000000,0.0655131304,0.4838522519,0.4506346177
-96.5000000000,67.5000000000,0.0608397125,0.4813827337,0.4577775538
-94.5000000000,67.5000000000,0.0635138608,0.4652690537,0.4712170855
-93.5000000000,67.5000000000,0.0642340916,0.4597968014,0.4759691071
-92.5000000000,67.5000000000,0.0717902059,0.4549153959,0.4732943983
-91.5000000000,67.5000000000,0.0714112045,0.4555498011,0.4730389944
-90.5000000000,67.5000000000,0.0794038993,0.4435007936,0.4770953071
-89.5000000000,67.5000000000,0.0805675823,0.4394763478,0.4799560699
-88.5000000000,67.5000000000,0.0866134458,0.4307149727,0.4826715815
-85.5000000000,67.5000000000,0.0935540049,0.4010956004,0.5053503947
-84.5000000000,67.5000000000,0.0909745369,0.3840768177,0.5249486454
-83.5000000000,67.5000000000,0.0868322611,0.3701615746,0.5430061643
-82.5000000000,67.5000000000,0.0835450560,0.3557775448,0.5606773992
-81.5000000000,67.5000000000,0.0763727401,0.3375030769,0.5861241830
-76.5000000000,67.5000000000,0.0502274673,0.2231657574,0.7266067752
-75.5000000000,67.5000000000,0.0445792302,0.1999741974,0.7554465723
-71.5000000000,67.5000000000,0.0255123594,0.1127224082,0.8617652323
-70.5000000000,67.5000000000,0.0218193715,0.0930860656,0.8850945628
-69.5000000000,67.5000000000,0.0196507210,0.0770572650,0.9032920141
-68.5000000000,67.5000000000,0.0174024463,0.0647548199,0.9178427339
-67.5000000000,67.5000000000,0.0169127773,0.0547276236,0.9283595991
-66.5000000000,67.5000000000,0.0183102217,0.0485986111,0.9330911672
-65.5000000000,67.5000000000,0.0168585043,0.0493009993,0.9338404965
-64.5000000000,67.5000000000,0.0140271490,0.0533281191,0.9326447319
-164.5000000000,66.5000000000,0.0184890977,0.3426564095,0.6388544928
-160.5000000000,66.5000000000,0.0196829342,0.4190133447,0.5613037211
-159.5000000000,66.5000000000,0.0215958719,0.4393266233,0.5390775047
-158.5000000000,66.5000000000,0.0246882548,0.4631465971,0.5121651481
-157.5000000000,66.5000000000,0.0303235437,0.4908893116,0.4787871448
-156.5000000000,66.5000000000,0.0358931189,0.5172198785,0.4468870026
-155.5000000000,66.5000000000,0.0349816934,0.5639369389,0.4010813677
-154.5000000000,66.5000000000,0.0430884540,0.6013638519,0.3555476941
-153.5000000000,66.5000000000,0.0482842176,0.6290304031,0.3226853794
-152.5000000000,66.5000000000,0.0549625220,0.6480080600,0.2970294180
-151.5000000000,66.5000000000,0.0622856370,0.6451698866,0.2925444764
-150.5000000000,66.5000000000,0.0768162221,0.6411779259,0.2820058520
-149.5000000000,66.5000000000,0.0803694338,0.6542742402,0.2653563260
-148.5000000000,66.5000000000,0.0765367641,0.6878244013,0.2356388345
-147.5000000000,66.5000000000,0.0797918414,0.7137438549,0.2064643037
-146.5000000000,66.5000000000,0.0732913232,0.7257267077,0.2009819691
-145.5000000000,66.5000000000,0.0655308492,0.7353793397,0.1990898111
-144.5000000000,66.5000000000,0.0533618645,0.7237648241,0.2228733114
-143.5000000000,66.5000000000,0.0461187055,0.7028214933,0.2510598011
-142.5000000000,66.5000000000,0.0459312401,0.6633762616,0.2906924983
-141.5000000000,66.5000000000,0.0510598111,0.6066782359,0.3422619530
-140.5000000000,66.5000000000,0.0575594018,0.5654749658,0.3769656324
-139.5000000000,66.5000000000,0.0664786837,0.5693240249,0.3641972914
-138.5000000000,66.5000000000,0.0735005708,0.5998737576,0.3266256716
-137.5000000000,66.5000000000,0.0880455826,0.6305789038,0.2813755136
-136.5000000000,66.5000000000,0.1074522486,0.6594385322,0.2331092193
-135.5000000000,66.5000000000,0.1115373247,0.6961196894,0.1923429859
-134.5000000000,66.5000000000,0.1086899991,0.7138759718,0.1774340291
-133.5000000000,66.5000000000,0.0926668556,0.7378183190,0.1695148254
-132.5000000000,66.5000000000,0.0839707089,0.7424413005,0.1735879906
-131.5000000000,66.5000000000,0.0727158469,0.7386138994,0.1886702537
-130.5000000000,66.5000000000,0.0613488634,0.7268188975,0.2118322391
-129.5000000000,66.5000000000,0.0549800071,0.7049628907,0.2400571022
-128.5000000000,66.5000000000,0.0523938216,0.6798584059,0.2677477725
-127.5000000000,66.5000000000,0.0525043110,0.6556708831,0.2918248059
-126.5000000000,66.5000000000,0.0587099966,0.6373930759,0.3038969275
-125.5000000000,66.5000000000,0.0720881838,0.6130122422,0.3148995740
-124.5000000000,66.5000000000,0.0855041247,0.5895033386,0.3249925368
-123.5000000000,66.5000000000,0.0988611492,0.5640929665,0.3370458843
-122.5000000000,66.5000000000,0.1081670832,0.5483885754,0.3434443414
-121.5000000000,66.5000000000,0.1222764204,0.5313521758,0.3463714038
-120.5000000000,66.5000000000,0.1345343896,0.5142785422,0.3511870682
-119.5000000000,66.5000000000,0.1508217896,0.4881650042,0.3610132062
-118.5000000000,66.5000000000,0.1590620240,0.4724741894,0.3684637866
-117.5000000000,66.5000000000,0.1614390658,0.4644859951,0.3740749390
-116.5000000000,66.5000000000,0.1819588819,0.4398103764,0.3782307417
-115.5000000000,66.5000000000,0.1975101032,0.4212251398,0.3812647570
-114.5000000000,66.5000000000,0.1976064903,0.4139173300,0.3884761797
-113.5000000000,66.5000000000,0.1893523991,0.4048924614,0.4057551395
-112.5000000000,66.5000000000,0.1851161972,0.3943245424,0.4205592603
-111.5000000000,66.5000000000,0.1746960467,0.3888996771,0.4364042762
-110.5000000000,66.5000000000,0.1643015575,0.3907832704,0.4449151721
-109.5000000000,66.5000000000,0.1546870062,0.3952278487,0.4500851451
-108.5000000000,66.5000000000,0.1585226663,0.3994868411,0.4419904926
-107.5000000000,66.5000000000,0.1340662927,0.4219586963,0.4439750110
-106.5000000000,66.5000000000,0.1413319266,0.4261893458,0.4324787276
-105.5000000000,66.5000000000,0.1387709233,0.4373668100,0.4238622667
-104.5000000000,66.5000000000,0.1287911677,0.4467561923,0.4244526400
-103.5000000000,66.5000000000,0.1207808503,0.4523691767,0.4268499729
-102.5000000000,66.5000000000,0.1117726445,0.4603611611,0.4278661943
-101.5000000000,66.5000000000,0.1025831049,0.4651033748,0.4323135203
-100.5000000000,66.5000000000,0.0950485938,0.4684904100,0.4364609962
-99.5000000000,66.5000000000,0.0878469137,0.4728796786,0.4392734077
-98.5000000000,66.5000000000,0.0815624882,0.4767621221,0.4416753897
-97.5000000000,66.5000000000,0.0765684047,0.4800244360,0.4434071593
-96.5000000000,66.5000000000,0.0718060939,0.4788713122,0.4493225938
-95.5000000000,66.5000000000,0.0708693243,0.4756185198,0.4535121558
-94.5000000000,66.5000000000,0.0764504430,0.4634572222,0.4600923348
-93.5000000000,66.5000000000,0.0779906412,0.4616409036,0.4603684552
-92.5000000000,66.5000000000,0.0801550881,0.4583600958,0.4614848161
-91.5000000000,66.5000000000,0.0784346025,0.4533084439,0.4682569536
-90.5000000000,66.5000000000,0.0889572055,0.4406059183,0.4704368761
-89.5000000000,66.5000000000,0.0865278209,0.4362457061,0.4772264730
-88.5000000000,66.5000000000,0.0929917372,0.4298504129,0.4771578499
-87.5000000000,66.5000000000,0.0902753622,0.4284491466,0.4812754911
-84.5000000000,66.5000000000,0.0903924304,0.3904782872,0.5191292824
-83.5000000000,66.5000000000,0.0864659327,0.3765519778,0.5369820895
-73.5000000000,66.5000000000,0.0367998998,0.1605030456,0.8026970546
-72.5000000000,66.5000000000,0.0323033495,0.1386668925,0.8290297580
-71.5000000000,66.5000000000,0.0277491424,0.1182421179,0.8540087397
-70.5000000000,66.5000000000,0.0231671695,0.0987548459,0.8780779845
-69.5000000000,66.5000000000,0.0190115906,0.0825375085,0.8984509009
-68.5000000000,66.5000000000,0.0164203895,0.0686758270,0.9149037835
-67.5000000000,66.5000000000,0.0134837452,0.0581347426,0.9283815122
-66.5000000000,66.5000000000,0.0132341425,0.0500727544,0.9366931031
-65.5000000000,66.5000000000,0.0123809270,0.0522943663,0.9353247067
-64.5000000000,66.5000000000,0.0190035306,0.0535082527,0.9274882167
-63.5000000000,66.5000000000,0.0202278039,0.0588300974,0.9209420987
-62.5000000000,66.5000000000,0.0220378338,0.0654223456,0.9125398206
-167.5000000000,65.5000000000,0.0163841193,0.2513921826,0.7322236981
-166.5000000000,65.5000000000,0.0172122326,0.2787680959,0.7040196715
-165.5000000000,65.5000000000,0.0190750503,0.2992186458,0.6817063039
-164.5000000000,65.5000000000,0.0192995570,0.3245084451,0.6561919979
-163.5000000000,65.5000000000,0.0198525612,0.3470435076,0.6331039312
-162.5000000000,65.5000000000,0.0193272669,0.3731831515,0.6074895816
-161.5000000000,65.5000000000,0.0216533469,0.3901404402,0.5882062130
-160.5000000000,65.5000000000,0.0222087316,0.4146343643,0.5631569041
-159.5000000000,65.5000000000,0.0239091893,0.4443271522,0.5317636585
-158.5000000000,65.5000000000,0.0272927025,0.4779380400,0.4947692575
-157.5000000000,65.5000000000,0.0287203218,0.5206920233,0.4505876549
-156.5000000000,65.5000000000,0.0323477819,0.5596071012,0.4080451169
-155.5000000000,65.5000000000,0.0382100777,0.6012632842,0.3605266381
-154.5000000000,65.5000000000,0.0467799868,0.6367101749,0.3165098382
-153.5000000000,65.5000000000,0.0562887566,0.6629261944,0.2807850491
-152.5000000000,65.5000000000,0.0662212287,0.6823652154,0.2514135559
-151.5000000000,65.5000000000,0.0717259997,0.6967653103,0.2315086900
-150.5000000000,65.5000000000,0.0716541201,0.7137782970,0.2145675828
-149.5000000000,65.5000000000,0.0828366470,0.7174968906,0.1996664624
