Lon,Lat,C_LonLatElev,B_LonLatElev,U_LonLatElev
-112.5000000000,78.5000000000,0.0562663672,0.2931185726,0.6506150601
-111.5000000000,78.5000000000,0.0558862330,0.3032074968,0.6409062702
-110.5000000000,78.5000000000,0.0564956639,0.3134358853,0.6300684509
-109.5000000000,78.5000000000,0.0553087009,0.3228235152,0.6218677839
-104.5000000000,78.5000000000,0.0509472298,0.3309935347,0.6180592356
-103.5000000000,78.5000000000,0.0508162145,0.3302868231,0.6188969624
-102.5000000000,78.5000000000,0.0509762029,0.3294953400,0.6195284570
-101.5000000000,78.5000000000,0.0514305342,0.3288997714,0.6196696944
-100.5000000000,78.5000000000,0.0506649086,0.3257557387,0.6235793528
-97.5000000000,78.5000000000,0.0546611260,0.3364590388,0.6088798351
-96.5000000000,78.5000000000,0.0570740537,0.3510157573,0.5919101890
-95.5000000000,78.5000000000,0.0626618669,0.3648763427,0.5724617904
-92.5000000000,78.5000000000,0.0778484668,0.3927205942,0.5294309390
-91.5000000000,78.5000000000,0.1056901493,0.3956585421,0.4986513085
-90.5000000000,78.5000000000,0.1189979933,0.3927873874,0.4882146192
-89.5000000000,78.5000000000,0.1112490527,0.3892374222,0.4995135251
-86.5000000000,78.5000000000,0.1043281976,0.3574463604,0.5382254420
-85.5000000000,78.5000000000,0.1067621891,0.3488689496,0.5443688613
-84.5000000000,78.5000000000,0.1037337504,0.3362819106,0.5599843390
-83.5000000000,78.5000000000,0.1053837902,0.3248685287,0.5697476812
-82.5000000000,78.5000000000,0.0868380213,0.3087835264,0.6043784524
-81.5000000000,78.5000000000,0.0891206964,0.2953635098,0.6155157938
-80.5000000000,78.5000000000,0.0973481862,0.2827450371,0.6199067766
-79.5000000000,78.5000000000,0.1090229900,0.2696552865,0.6213217235
-78.5000000000,78.5000000000,0.0737743405,0.2481711518,0.6780545077
-77.5000000000,78.5000000000,0.0578303924,0.2290374490,0.7131321586
-116.5000000000,77.5000000000,0.0648635198,0.2539961043,0.6811403759
-112.5000000000,77.5000000000,0.0572029242,0.2926368021,0.6501602737
-111.5000000000,77.5000000000,0.0566066153,0.3025981105,0.6407952742
-110.5000000000,77.5000000000,0.0561166415,0.3121924488,0.6316909097
-105.5000000000,77.5000000000,0.0535032433,0.3354735469,0.6110232098
-95.5000000000,77.5000000000,0.0621836614,0.3635316399,0.5742846987
-94.5000000000,77.5000000000,0.0673487835,0.3763150874,0.5563361292
-93.5000000000,77.5000000000,0.0716871764,0.3864587932,0.5418540304
-90.5000000000,77.5000000000,0.0896602122,0.3882844842,0.5220553036
-87.5000000000,77.5000000000,0.0954325315,0.3665716108,0.5379958578
-86.5000000000,77.5000000000,0.1037041839,0.3562891321,0.5400066840
-82.5000000000,77.5000000000,0.0914460572,0.3088507703,0.5997031725
-81.5000000000,77.5000000000,0.0763102749,0.2908336772,0.6328560479
-80.5000000000,77.5000000000,0.0894120329,0.2801415087,0.6304464585
-79.5000000000,77.5000000000,0.0761153484,0.2616379665,0.6622466851
-78.5000000000,77.5000000000,0.0607684707,0.2423083378,0.6969231915
-120.5000000000,76.5000000000,0.0686809263,0.2223632224,0.7089558513
-119.5000000000,76.5000000000,0.0672944657,0.2255418207,0.7071637135
-117.5000000000,76.5000000000,0.0697713040,0.2448576771,0.6853710188
-109.5000000000,76.5000000000,0.0564245340,0.3213696460,0.6222058200
-104.5000000000,76.5000000000,0.0515100080,0.3292373566,0.6192526355
-103.5000000000,76.5000000000,0.0513599914,0.3285216839,0.6201183247
-100.5000000000,76.5000000000,0.0526975082,0.3249664091,0.6223360827
-99.5000000000,76.5000000000,0.0536866159,0.3246473074,0.6216660767
-98.5000000000,76.5000000000,0.0548582129,0.3262825163,0.6188592708
-95.5000000000,76.5000000000,0.0654452303,0.3639497791,0.5706049906
-94.5000000000,76.5000000000,0.0738940870,0.3777042016,0.5484017114
-93.5000000000,76.5000000000,0.0725837554,0.3856529751,0.5417632695
-92.5000000000,76.5000000000,0.0829583270,0.3918864411,0.5251552319
-90.5000000000,76.5000000000,0.0890162763,0.3870287671,0.5239549567
-88.5000000000,76.5000000000,0.0954978152,0.3762705223,0.5282316624
-86.5000000000,76.5000000000,0.0996820615,0.3546261475,0.5456917909
-85.5000000000,76.5000000000,0.1113066670,0.3472605931,0.5414327399
-84.5000000000,76.5000000000,0.0987808912,0.3334152010,0.5678039077
-83.5000000000,76.5000000000,0.1019833346,0.3223147029,0.5757019625
-82.5000000000,76.5000000000,0.1134147026,0.3113484106,0.5752368867
-81.5000000000,76.5000000000,0.0854642423,0.2925084120,0.6220273457
-80.5000000000,76.5000000000,0.0754011131,0.2753172099,0.6492816770
-79.5000000000,76.5000000000,0.0846877515,0.2631702029,0.6521420456
-78.5000000000,76.5000000000,0.0637374868,0.2427132073,0.6935493060
-115.5000000000,75.5000000000,0.0699786112,0.2641637275,0.6658576613
-114.5000000000,75.5000000000,0.0727221309,0.2745288282,0.6527490408
-113.5000000000,75.5000000000,0.0712077290,0.2846256120,0.6441666590
-112.5000000000,75.5000000000,0.0657737534,0.2947653806,0.6394608659
-111.5000000000,75.5000000000,0.0585653342,0.3016319430,0.6398027228
-110.5000000000,75.5000000000,0.0580994536,0.3112269803,0.6306735661
-109.5000000000,75.5000000000,0.0569806590,0.3206363298,0.6223830112
-108.5000000000,75.5000000000,0.0569902102,0.3296636062,0.6133461835
-107.5000000000,75.5000000000,0.0586803182,0.3338855548,0.6074341270
-106.5000000000,75.5000000000,0.0569400522,0.3351239240,0.6079360238
-99.5000000000,75.5000000000,0.0530059289,0.3231738939,0.6238201771
-98.5000000000,75.5000000000,0.0537641725,0.3245686046,0.6216672230
-95.5000000000,75.5000000000,0.0634217052,0.3619100267,0.5746682681
-94.5000000000,75.5000000000,0.0718320704,0.3758433749,0.5523245548
-91.5000000000,75.5000000000,0.0892306255,0.3897856350,0.5209837395
-90.5000000000,75.5000000000,0.0994906071,0.3877559768,0.5127534161
-89.5000000000,75.5000000000,0.1031825482,0.3851188281,0.5116986237
-88.5000000000,75.5000000000,0.1024057395,0.3762205743,0.5213736862
-85.5000000000,75.5000000000,0.1087806754,0.3459313854,0.5452879393
-84.5000000000,75.5000000000,0.1073712716,0.3336449449,0.5589837835
-83.5000000000,75.5000000000,0.1290610101,0.3238961856,0.5470428044
-82.5000000000,75.5000000000,0.1325601274,0.3117107495,0.5557291231
-81.5000000000,75.5000000000,0.0978747271,0.2942452200,0.6078800529
-80.5000000000,75.5000000000,0.0833528600,0.2767350863,0.6399120537
-121.5000000000,74.5000000000,0.0873897608,0.2453360462,0.6672741931
-113.5000000000,74.5000000000,0.0650187660,0.2812004433,0.6537807907
-112.5000000000,74.5000000000,0.0628976545,0.2925007565,0.6446015890
-97.5000000000,74.5000000000,0.0558000232,0.3328522813,0.6113476955
-88.5000000000,74.5000000000,0.0962092793,0.3741880809,0.5296026397
-87.5000000000,74.5000000000,0.1105325320,0.3653536899,0.5241137781
-86.5000000000,74.5000000000,0.1031425506,0.3529971975,0.5438602518
-123.5000000000,73.5000000000,0.1299844540,0.3147162166,0.5552993294
-122.5000000000,73.5000000000,0.1131488349,0.2780048014,0.6088463637
-121.5000000000,73.5000000000,0.0895577121,0.2449617497,0.6654805381
-120.5000000000,73.5000000000,0.0729615739,0.2213418438,0.7056965823
-119.5000000000,73.5000000000,0.0694649782,0.2238425943,0.7066924275
-118.5000000000,73.5000000000,0.0730091136,0.2337669069,0.6932239795
-117.5000000000,73.5000000000,0.0736180378,0.2435542843,0.6828276780
-116.5000000000,73.5000000000,0.0711460922,0.2528031296,0.6760507782
-115.5000000000,73.5000000000,0.0695039499,0.2621487866,0.6683472635
-106.5000000000,73.5000000000,0.0584807365,0.3338362066,0.6076830569
-105.5000000000,73.5000000000,0.0577668938,0.3336893759,0.6085437303
-104.5000000000,73.5000000000,0.0532010929,0.3271375159,0.6196613912
-101.5000000000,73.5000000000,0.0520258251,0.3239988104,0.6239753645
-100.5000000000,73.5000000000,0.0546260163,0.3229925866,0.6223813971
-99.5000000000,73.5000000000,0.0534970445,0.3213795200,0.6251234354
-98.5000000000,73.5000000000,0.0559325988,0.3237505488,0.6203168525
-95.5000000000,73.5000000000,0.0683620693,0.3618801232,0.5697578075
-94.5000000000,73.5000000000,0.0769371505,0.3753606623,0.5477021872
-93.5000000000,73.5000000000,0.0830712367,0.3854940312,0.5314347321
-92.5000000000,73.5000000000,0.0893156094,0.3899849303,0.5206994603
-91.5000000000,73.5000000000,0.0936959293,0.3884096000,0.5178944707
-87.5000000000,73.5000000000,0.1072000320,0.3639253899,0.5288745780
-86.5000000000,73.5000000000,0.1097363018,0.3527392261,0.5375244721
-83.5000000000,73.5000000000,0.0998927683,0.3189084047,0.5811988269
-82.5000000000,73.5000000000,0.0954819032,0.3056757631,0.5988423337
-81.5000000000,73.5000000000,0.0838132102,0.2891519654,0.6270348244
-80.5000000000,73.5000000000,0.0909674746,0.2767074206,0.6323251047
-79.5000000000,73.5000000000,0.0850593128,0.2605306584,0.6544100288
-78.5000000000,73.5000000000,0.0637833261,0.2401278650,0.6960888090
-77.5000000000,73.5000000000,0.0599336761,0.2258236655,0.7142426583
-124.5000000000,72.5000000000,0.1678950103,0.3577451238,0.4743598658
-123.5000000000,72.5000000000,0.1470943568,0.3258239280,0.5270817152
-122.5000000000,72.5000000000,0.1281755933,0.2935042709,0.5783201357
-121.5000000000,72.5000000000,0.1073325002,0.2661479158,0.6265195840
-120.5000000000,72.5000000000,0.0915255173,0.2456665163,0.6628079664
-119.5000000000,72.5000000000,0.0839977338,0.2437269424,0.6722753239
-117.5000000000,72.5000000000,0.0801198782,0.2545549101,0.6653252117
-116.5000000000,72.5000000000,0.0812802200,0.2653142540,0.6534055260
-115.5000000000,72.5000000000,0.0772874447,0.2737104535,0.6490021018
-114.5000000000,72.5000000000,0.0702232092,0.2789959105,0.6507808804
-113.5000000000,72.5000000000,0.0693814778,0.2885182439,0.6421002784
-112.5000000000,72.5000000000,0.0688258590,0.2989731151,0.6322010259
-111.5000000000,72.5000000000,0.0630141119,0.3077463741,0.6292395140
-109.5000000000,72.5000000000,0.0675301331,0.3273836428,0.6050862241
-107.5000000000,72.5000000000,0.0620343038,0.3361755049,0.6017901913
-106.5000000000,72.5000000000,0.0611071832,0.3385621848,0.6003306320
-105.5000000000,72.5000000000,0.0580840889,0.3374790202,0.6044368910
-101.5000000000,72.5000000000,0.0546481208,0.3242862035,0.6210656757
-100.5000000000,72.5000000000,0.0541692076,0.3243126283,0.6215181641
-99.5000000000,72.5000000000,0.0551468070,0.3237743167,0.6210788763
-98.5000000000,72.5000000000,0.0557788109,0.3276257818,0.6165954073
-97.5000000000,72.5000000000,0.0580895301,0.3365578002,0.6053526697
-96.5000000000,72.5000000000,0.0641998073,0.3511719784,0.5846282143
-94.5000000000,72.5000000000,0.0782735593,0.3770912059,0.5446352348
-93.5000000000,72.5000000000,0.0770333214,0.3842132388,0.5387534397
-89.5000000000,72.5000000000,0.1010133754,0.3831158088,0.5158708158
-88.5000000000,72.5000000000,0.1043757729,0.3754762276,0.5201479995
-87.5000000000,72.5000000000,0.1110354881,0.3659020108,0.5230625011
-86.5000000000,72.5000000000,0.1075164454,0.3532441816,0.5392393730
-85.5000000000,72.5000000000,0.1027300541,0.3427577917,0.5545121543
-84.5000000000,72.5000000000,0.1072141076,0.3328888855,0.5598970069
-83.5000000000,72.5000000000,0.1025986904,0.3198484745,0.5775528351
-82.5000000000,72.5000000000,0.1042015776,0.3069994291,0.5887989932
-81.5000000000,72.5000000000,0.0921409028,0.2909456002,0.6169134970
-80.5000000000,72.5000000000,0.0739161688,0.2722406879,0.6538431433
-78.5000000000,72.5000000000,0.0600097276,0.2389316226,0.7010586498
-77.5000000000,72.5000000000,0.0615031829,0.2267321451,0.7117646720
-76.5000000000,72.5000000000,0.0583628389,0.2122875238,0.7293496373
-75.5000000000,72.5000000000,0.0442985669,0.1943601453,0.7613412877
-123.5000000000,71.5000000000,0.1878127712,0.3433150835,0.4688721452
-122.5000000000,71.5000000000,0.1696056941,0.3193362444,0.5110580614
-121.5000000000,71.5000000000,0.1375296184,0.2986751264,0.5637952552
-117.5000000000,71.5000000000,0.0992519583,0.2797862025,0.6209618391
-116.5000000000,71.5000000000,0.0971115200,0.2873073290,0.6155811510
-114.5000000000,71.5000000000,0.0891540504,0.3013734552,0.6094724943
-113.5000000000,71.5000000000,0.0887495749,0.3084911740,0.6027592511
-112.5000000000,71.5000000000,0.0807885054,0.3160415128,0.6031699818
-111.5000000000,71.5000000000,0.0772892234,0.3240429257,0.5986678510
-110.5000000000,71.5000000000,0.0772147497,0.3342557230,0.5885295273
-109.5000000000,71.5000000000,0.0733888854,0.3382851792,0.5883259354
-108.5000000000,71.5000000000,0.0661061765,0.3394266501,0.5944671734
-107.5000000000,71.5000000000,0.0643656400,0.3436427444,0.5919916156
-106.5000000000,71.5000000000,0.0625992419,0.3429454653,0.5944552928
-105.5000000000,71.5000000000,0.0620516401,0.3400587245,0.5978896354
-104.5000000000,71.5000000000,0.0585187676,0.3340729351,0.6074082973
-98.5000000000,71.5000000000,0.0587974405,0.3316824292,0.6095201303
-95.5000000000,71.5000000000,0.0719268483,0.3690285622,0.5590445895
-94.5000000000,71.5000000000,0.0785899284,0.3800077005,0.5414023711
-93.5000000000,71.5000000000,0.0807695167,0.3855566577,0.5336738255
-89.5000000000,71.5000000000,0.1063646407,0.3844563812,0.5091789780
-88.5000000000,71.5000000000,0.1114117651,0.3769129744,0.5116752605
-87.5000000000,71.5000000000,0.1105981080,0.3670604094,0.5223414825
-86.5000000000,71.5000000000,0.1128865577,0.3572967639,0.5298166785
-85.5000000000,71.5000000000,0.1046380598,0.3455984232,0.5497635170
-84.5000000000,71.5000000000,0.1030790498,0.3340089417,0.5629120084
-83.5000000000,71.5000000000,0.1008645709,0.3219877156,0.5771477135
-82.5000000000,71.5000000000,0.0984964640,0.3084252886,0.5930782474
-81.5000000000,71.5000000000,0.0912707361,0.2925174602,0.6162118036
-80.5000000000,71.5000000000,0.0856168425,0.2770358835,0.6373472740
-79.5000000000,71.5000000000,0.0867123694,0.2626853292,0.6506023014
-78.5000000000,71.5000000000,0.0765434570,0.2467896055,0.6766669375
-77.5000000000,71.5000000000,0.0701221269,0.2316399873,0.6982378859
-76.5000000000,71.5000000000,0.0608179246,0.2156568465,0.7235252289
-75.5000000000,71.5000000000,0.0491560863,0.1994265891,0.7514173246
-74.5000000000,71.5000000000,0.0516127181,0.1893124458,0.7590748361
-72.5000000000,71.5000000000,0.0320780598,0.1567510365,0.8111709038
-158.5000000000,70.5000000000,0.0322606214,0.2966986352,0.6710407434
-157.5000000000,70.5000000000,0.0328787366,0.3026945208,0.6644267427
-156.5000000000,70.5000000000,0.0359769768,0.3399459931,0.6240770301
-155.5000000000,70.5000000000,0.0396225974,0.3862621724,0.5741152301
-154.5000000000,70.5000000000,0.0432293199,0.4299345188,0.5268361614
-153.5000000000,70.5000000000,0.0455951858,0.4591189019,0.4952859123
-152.5000000000,70.5000000000,0.0476913171,0.4729268841,0.4793817988
-149.5000000000,70.5000000000,0.0539807286,0.4598337617,0.4861855097
-111.5000000000,70.5000000000,0.0885938240,0.3466798335,0.5647263425
-110.5000000000,70.5000000000,0.0875008160,0.3521865657,0.5603126183
-109.5000000000,70.5000000000,0.0795644384,0.3520046911,0.5684308705
-108.5000000000,70.5000000000,0.0760970705,0.3536080661,0.5702948635
-107.5000000000,70.5000000000,0.0721326432,0.3540926696,0.5737746871
-106.5000000000,70.5000000000,0.0709091581,0.3526387370,0.5764521048
-105.5000000000,70.5000000000,0.0671083819,0.3458941912,0.5869974269
-104.5000000000,70.5000000000,0.0642350842,0.3414659940,0.5942989218
-103.5000000000,70.5000000000,0.0624757794,0.3353664421,0.6021577785
-95.5000000000,70.5000000000,0.0790982584,0.3759013356,0.5450004060
-94.5000000000,70.5000000000,0.0883951873,0.3852152001,0.5263896126
-93.5000000000,70.5000000000,0.0993284102,0.3931834843,0.5074881055
-92.5000000000,70.5000000000,0.0954956479,0.3927272961,0.5117770560
-88.5000000000,70.5000000000,0.1139244289,0.3769747782,0.5091007929
-87.5000000000,70.5000000000,0.1165267718,0.3700692385,0.5134039897
-86.5000000000,70.5000000000,0.1202453845,0.3599854412,0.5197691743
-85.5000000000,70.5000000000,0.1202733204,0.3479937392,0.5317329404
-84.5000000000,70.5000000000,0.1124312686,0.3367863208,0.5507824106
-83.5000000000,70.5000000000,0.1083826740,0.3241588150,0.5674585110
-82.5000000000,70.5000000000,0.1001643559,0.3095670713,0.5902685727
-81.5000000000,70.5000000000,0.0903901477,0.2931585497,0.6164513026
-80.5000000000,70.5000000000,0.0836679885,0.2777880971,0.6385439145
-79.5000000000,70.5000000000,0.0732936708,0.2623939849,0.6643123443
-78.5000000000,70.5000000000,0.0716277307,0.2486485000,0.6797237694
-77.5000000000,70.5000000000,0.0664562297,0.2342939156,0.6992498547
-76.5000000000,70.5000000000,0.0598771399,0.2187655674,0.7213572927
-75.5000000000,70.5000000000,0.0540463292,0.2050125815,0.7409410893
-74.5000000000,70.5000000000,0.0495441642,0.1923835412,0.7580722946
-73.5000000000,70.5000000000,0.0426088804,0.1783112158,0.7790799038
-72.5000000000,70.5000000000,0.0391730200,0.1656237129,0.7952032671
-71.5000000000,70.5000000000,0.0454768492,0.1598456968,0.7946774540
-70.5000000000,70.5000000000,0.0279708871,0.1404734922,0.8315556206
-69.5000000000,70.5000000000,0.0247743568,0.1336405821,0.8415850611
-68.5000000000,70.5000000000,0.0220818039,0.1281594881,0.8497587079
-162.5000000000,69.5000000000,0.0346829858,0.3191368779,0.6461801363
-161.5000000000,69.5000000000,0.0361729901,0.3357917780,0.6280352319
-160.5000000000,69.5000000000,0.0375949797,0.3434121666,0.6189928537
-159.5000000000,69.5000000000,0.0370299905,0.3452939580,0.6176760515
-158.5000000000,69.5000000000,0.0378856647,0.3508176470,0.6112966883
-157.5000000000,69.5000000000,0.0401282084,0.3702680350,0.5896037566
-156.5000000000,69.5000000000,0.0433837084,0.4115752906,0.5450410010
-155.5000000000,69.5000000000,0.0482851499,0.4579316909,0.4937831593
-154.5000000000,69.5000000000,0.0519734427,0.5001435439,0.4478830133
-153.5000000000,69.5000000000,0.0552454493,0.5267760910,0.4179784597
-152.5000000000,69.5000000000,0.0580402843,0.5351973785,0.4067623372
-151.5000000000,69.5000000000,0.0574786124,0.5254711831,0.4170502045
-150.5000000000,69.5000000000,0.0596256142,0.5079702542,0.4324041316
-149.5000000000,69.5000000000,0.0642989301,0.4941985953,0.4415024745
-148.5000000000,69.5000000000,0.0699661680,0.4969069925,0.4331268395
-147.5000000000,69.5000000000,0.0841236865,0.5055261864,0.4103501271
-146.5000000000,69.5000000000,0.1025012379,0.5161037546,0.3813950075
-145.5000000000,69.5000000000,0.1361019307,0.5237750834,0.3401229858
-144.5000000000,69.5000000000,0.1230710607,0.5325705518,0.3443583875
-143.5000000000,69.5000000000,0.1146638550,0.5318191434,0.3535170016
-142.5000000000,69.5000000000,0.1134063336,0.5186226896,0.3679709767
-141.5000000000,69.5000000000,0.0935491909,0.4942759885,0.4121748207
-140.5000000000,69.5000000000,0.0861227946,0.4743436740,0.4395335314
-139.5000000000,69.5000000000,0.0797950885,0.4750136106,0.4451913009
-132.5000000000,69.5000000000,0.1941247220,0.5582398340,0.2476354440
-131.5000000000,69.5000000000,0.2071846672,0.5412564849,0.2515588479
-130.5000000000,69.5000000000,0.2240739194,0.5195603720,0.2563657086
-129.5000000000,69.5000000000,0.2359348537,0.4980974335,0.2659677128
-128.5000000000,69.5000000000,0.2438089293,0.4784349242,0.2777561465
-127.5000000000,69.5000000000,0.2585182235,0.4545945130,0.2868872635
-126.5000000000,69.5000000000,0.2752700508,0.4300671647,0.2946627845
-125.5000000000,69.5000000000,0.2603700067,0.4181546067,0.3214753866
-124.5000000000,69.5000000000,0.2568714540,0.4007421851,0.3423863609
-122.5000000000,69.5000000000,0.2684406718,0.3651088814,0.3664504468
-121.5000000000,69.5000000000,0.2598906049,0.3556282788,0.3844811163
-116.5000000000,69.5000000000,0.1646263143,0.3522448248,0.4831288609
-115.5000000000,69.5000000000,0.1567772953,0.3548585330,0.4883641717
-114.5000000000,69.5000000000,0.1467659089,0.3587921360,0.4944419551
-113.5000000000,69.5000000000,0.1358134335,0.3645118067,0.4996747598
-112.5000000000,69.5000000000,0.1257436010,0.3687547949,0.5055016041
-111.5000000000,69.5000000000,0.1120239135,0.3726442051,0.5153318813
-110.5000000000,69.5000000000,0.1024377393,0.3744081756,0.5231540851
-109.5000000000,69.5000000000,0.0924383458,0.3728415598,0.5347200944
-108.5000000000,69.5000000000,0.0850125618,0.3691298011,0.5458576371
-107.5000000000,69.5000000000,0.0793388509,0.3672609024,0.5534002467
-106.5000000000,69.5000000000,0.0739871189,0.3604739168,0.5655389643
-105.5000000000,69.5000000000,0.0724673888,0.3554252820,0.5721073293
-104.5000000000,69.5000000000,0.0693749506,0.3486470756,0.5819779738
-103.5000000000,69.5000000000,0.0680393350,0.3402839263,0.5916767387
-97.5000000000,69.5000000000,0.0739211598,0.3546936243,0.5713852159
-96.5000000000,69.5000000000,0.0775747367,0.3684917738,0.5539334895
-95.5000000000,69.5000000000,0.0818441278,0.3811768648,0.5369790075
-92.5000000000,69.5000000000,0.1086281191,0.3969859343,0.4943859467
-91.5000000000,69.5000000000,0.1115124064,0.3967214205,0.4917661731
-90.5000000000,69.5000000000,0.1170359917,0.3943496001,0.4886144082
-85.5000000000,69.5000000000,0.1178485556,0.3508333176,0.5313181268
-84.5000000000,69.5000000000,0.1254135067,0.3394413264,0.5351451669
-83.5000000000,69.5000000000,0.1132375217,0.3246445885,0.5621178898
-82.5000000000,69.5000000000,0.1001820763,0.3098030070,0.5900149166
-76.5000000000,69.5000000000,0.0536124929,0.2195697735,0.7268177335
-75.5000000000,69.5000000000,0.0478675634,0.2060922910,0.7460401455
-74.5000000000,69.5000000000,0.0475450413,0.1966179572,0.7558370015
-73.5000000000,69.5000000000,0.0425929901,0.1829995777,0.7744074322
-72.5000000000,69.5000000000,0.0369624783,0.1685272605,0.7945102611
-71.5000000000,69.5000000000,0.0340678970,0.1584397174,0.8074923856
-70.5000000000,69.5000000000,0.0274842951,0.1453090576,0.8272066474
-69.5000000000,69.5000000000,0.0311436775,0.1431126868,0.8257436357
-68.5000000000,69.5000000000,0.0298474860,0.1383071704,0.8318453436
-165.5000000000,68.5000000000,0.0330622085,0.2623886169,0.7045491746
-164.5000000000,68.5000000000,0.0345970978,0.2873373624,0.6780655397
-163.5000000000,68.5000000000,0.0413592214,0.3191382879,0.6395024907
-162.5000000000,68.5000000000,0.0467133600,0.3503685046,0.6029181354
-161.5000000000,68.5000000000,0.0466475054,0.3756232034,0.5777292912
-160.5000000000,68.5000000000,0.0519107541,0.3940568141,0.5540324318
-159.5000000000,68.5000000000,0.0491354912,0.4032396075,0.5476249014
-158.5000000000,68.5000000000,0.0538436139,0.4251091869,0.5210471992
-157.5000000000,68.5000000000,0.0591131474,0.4561894254,0.4846974273
-156.5000000000,68.5000000000,0.0568479049,0.4992954461,0.4438566490
-155.5000000000,68.5000000000,0.0653400577,0.5465337318,0.3881262105
-154.5000000000,68.5000000000,0.0719805368,0.5802018457,0.3478176175
-153.5000000000,68.5000000000,0.0767660785,0.5974666479,0.3257672736
-152.5000000000,68.5000000000,0.0813115624,0.6030001982,0.3156882395
-151.5000000000,68.5000000000,0.0855489919,0.5884420368,0.3260089713
-150.5000000000,68.5000000000,0.0895930475,0.5618372079,0.3485697446
-149.5000000000,68.5000000000,0.0894589550,0.5393341343,0.3712069107
-148.5000000000,68.5000000000,0.1184223463,0.5430367395,0.3385409141
-147.5000000000,68.5000000000,0.1478770424,0.5461324760,0.3059904816
-146.5000000000,68.5000000000,0.1475775518,0.5512416999,0.3011807482
-145.5000000000,68.5000000000,0.1651090373,0.5594979692,0.2753929935
-144.5000000000,68.5000000000,0.1748500584,0.5614586127,0.2636913289
-143.5000000000,68.5000000000,0.1706175747,0.5602113182,0.2691711071
-142.5000000000,68.5000000000,0.1407558976,0.5525488269,0.3066952755
-141.5000000000,68.5000000000,0.1211021584,0.5248608115,0.3540370300
-140.5000000000,68.5000000000,0.1025393825,0.4935581314,0.4039024861
-139.5000000000,68.5000000000,0.1054478656,0.4899308704,0.4046212640
-138.5000000000,68.5000000000,0.1191424528,0.5018391995,0.3790183477
-137.5000000000,68.5000000000,0.1276366395,0.5244420992,0.3479212613
-136.5000000000,68.5000000000,0.1372371453,0.5478654738,0.3148973809
-135.5000000000,68.5000000000,0.1502916049,0.5690793481,0.2806290471
-134.5000000000,68.5000000000,0.1769230783,0.5785083055,0.2445686162
-133.5000000000,68.5000000000,0.2066377679,0.5751816846,0.2181805475
-132.5000000000,68.5000000000,0.2230530118,0.5576206452,0.2193263430
-131.5000000000,68.5000000000,0.2416245980,0.5343964642,0.2239789378
-130.5000000000,68.5000000000,0.2476570697,0.5152482884,0.2370946419
-129.5000000000,68.5000000000,0.2608307352,0.4939875332,0.2451817316
-128.5000000000,68.5000000000,0.2720978317,0.4743023875,0.2535997808
-127.5000000000,68.5000000000,0.2882990047,0.4521947017,0.2595062936
-126.5000000000,68.5000000000,0.2977950885,0.4339641511,0.2682407604
-125.5000000000,68.5000000000,0.3118276825,0.4153417573,0.2728305601
-124.5000000000,68.5000000000,0.3175757027,0.4004205417,0.2820037556
-123.5000000000,68.5000000000,0.3256617996,0.3854434038,0.2888947966
-122.5000000000,68.5000000000,0.3241554799,0.3741712660,0.3016732542
-121.5000000000,68.5000000000,0.3343094394,0.3607790048,0.3049115557
-120.5000000000,68.5000000000,0.3155686280,0.3600355128,0.3243958592
-119.5000000000,68.5000000000,0.2960558816,0.3600332763,0.3439108420
-118.5000000000,68.5000000000,0.2644982640,0.3669998579,0.3685018782
-117.5000000000,68.5000000000,0.2471212744,0.3703965377,0.3824821879
-116.5000000000,68.5000000000,0.2287204595,0.3750087705,0.3962707700
-115.5000000000,68.5000000000,0.2067707709,0.3815500966,0.4116791324
-114.5000000000,68.5000000000,0.1889802944,0.3881071901,0.4229125155
-112.5000000000,68.5000000000,0.1472341917,0.3966204760,0.4561453323
-107.5000000000,68.5000000000,0.0885320825,0.3808236640,0.5306442536
-105.5000000000,68.5000000000,0.0797152343,0.3672507660,0.5530339997
-104.5000000000,68.5000000000,0.0766906718,0.3559588607,0.5673504675
-97.5000000000,68.5000000000,0.0855860235,0.3569035789,0.5575103975
-96.5000000000,68.5000000000,0.0909279780,0.3723762622,0.5366957598
-93.5000000000,68.5000000000,0.1124937546,0.4013821835,0.4861240619
-92.5000000000,68.5000000000,0.1241622496,0.4030626305,0.4727751199
-91.5000000000,68.5000000000,0.1357826941,0.4008854030,0.4633319029
-89.5000000000,68.5000000000,0.1380557029,0.3926307817,0.4693135154
-88.5000000000,68.5000000000,0.1410713664,0.3832897081,0.4756389255
-85.5000000000,68.5000000000,0.1381015550,0.3546497093,0.5072487357
-84.5000000000,68.5000000000,0.1342060342,0.3430918065,0.5227021594
-83.5000000000,68.5000000000,0.1250884674,0.3292939943,0.5456175383
-73.5000000000,68.5000000000,0.0397903507,0.1871666580,0.7730429913
-72.5000000000,68.5000000000,0.0369380839,0.1751168044,0.7879451117
-71.5000000000,68.5000000000,0.0338775726,0.1653428426,0.8007795848
-70.5000000000,68.5000000000,0.0316617992,0.1559208307,0.8124173701
-69.5000000000,68.5000000000,0.0301941587,0.1487837464,0.8210220949
-68.5000000000,68.5000000000,0.0239701246,0.1387561657,0.8372737097
-163.5000000000,67.5000000000,0.0364518997,0.3273964918,0.6361516085
-162.5000000000,67.5000000000,0.0370101682,0.3592422160,0.6037476159
-161.5000000000,67.5000000000,0.0460906814,0.3996036229,0.5543056956
-160.5000000000,67.5000000000,0.0466302676,0.4254918374,0.5278778950
-159.5000000000,67.5000000000,0.0496882909,0.4516752083,0.4986365008
-158.5000000000,67.5000000000,0.0558290588,0.4880131483,0.4561577928
-157.5000000000,67.5000000000,0.0642318042,0.5316800417,0.4040881541
-156.5000000000,67.5000000000,0.0783838800,0.5801470695,0.3414690506
-155.5000000000,67.5000000000,0.0937265168,0.6150360921,0.2912373911
-154.5000000000,67.5000000000,0.1060259481,0.6371402810,0.2568337708
-153.5000000000,67.5000000000,0.0971642975,0.6499914379,0.2528442646
-152.5000000000,67.5000000000,0.1067064397,0.6492945059,0.2439990544
-151.5000000000,67.5000000000,0.1048416884,0.6374917510,0.2576665606
-150.5000000000,67.5000000000,0.1047650811,0.6146915170,0.2805434019
-149.5000000000,67.5000000000,0.1116138075,0.5976197140,0.2907664785
-148.5000000000,67.5000000000,0.1159446316,0.6000422654,0.2840131029
-147.5000000000,67.5000000000,0.1406168118,0.6040616998,0.2553214884
-146.5000000000,67.5000000000,0.1448306870,0.6073930980,0.2477762150
-145.5000000000,67.5000000000,0.1603142610,0.6073111056,0.2323746333
-144.5000000000,67.5000000000,0.1645333975,0.6076049374,0.2278616651
-143.5000000000,67.5000000000,0.1646535809,0.6036703574,0.2316760617
-142.5000000000,67.5000000000,0.1530762002,0.5906424990,0.2562813008
-141.5000000000,67.5000000000,0.1352489108,0.5628615377,0.3018895514
-140.5000000000,67.5000000000,0.1231407131,0.5323683656,0.3444909213
-139.5000000000,67.5000000000,0.1174554765,0.5182296177,0.3643149057
-138.5000000000,67.5000000000,0.1267393028,0.5227149556,0.3505457417
-137.5000000000,67.5000000000,0.1507740829,0.5327671949,0.3164587221
-136.5000000000,67.5000000000,0.1891273181,0.5407472080,0.2701254739
-135.5000000000,67.5000000000,0.1841376506,0.5627013539,0.2531609956
-134.5000000000,67.5000000000,0.1939231962,0.5734512386,0.2326255652
-133.5000000000,67.5000000000,0.2229613758,0.5660924695,0.2109461547
-132.5000000000,67.5000000000,0.2474851356,0.5484198068,0.2040950575
-131.5000000000,67.5000000000,0.2497673195,0.5347277919,0.2155048886
-130.5000000000,67.5000000000,0.2670405237,0.5097908509,0.2231686254
-129.5000000000,67.5000000000,0.2754374444,0.4895345930,0.2350279626
-128.5000000000,67.5000000000,0.2962186584,0.4684180566,0.2353632850
-127.5000000000,67.5000000000,0.3158793673,0.4478964866,0.2362241461
-126.5000000000,67.5000000000,0.3350740315,0.4276507498,0.2372752188
-125.5000000000,67.5000000000,0.3452151102,0.4141104884,0.2406744014
-124.5000000000,67.5000000000,0.3558673630,0.4019681333,0.2421645037
-123.5000000000,67.5000000000,0.3632962331,0.3909250143,0.2457787526
-122.5000000000,67.5000000000,0.3662273894,0.3818123043,0.2519603063
-121.5000000000,67.5000000000,0.3714225064,0.3718950226,0.2566824710
-120.5000000000,67.5000000000,0.3608779525,0.3729306423,0.2661914052
-119.5000000000,67.5000000000,0.3473998783,0.3747221985,0.2778779232
-118.5000000000,67.5000000000,0.3406620577,0.3741299389,0.2852080034
-117.5000000000,67.5000000000,0.3182762172,0.3820405157,0.2996832671
-116.5000000000,67.5000000000,0.3035719784,0.3868486689,0.3095793527
-115.5000000000,67.5000000000,0.2788075890,0.3955338698,0.3256585412
-114.5000000000,67.5000000000,0.2645386939,0.4007830247,0.3346782814
-113.5000000000,67.5000000000,0.2377868526,0.4096161449,0.3525970025
-112.5000000000,67.5000000000,0.2055159587,0.4163412724,0.3781427689
-111.5000000000,67.5000000000,0.1715759270,0.4190982254,0.4093258476
-110.5000000000,67.5000000000,0.1460900831,0.4156907915,0.4382191254
-109.5000000000,67.5000000000,0.1261651015,0.4095590778,0.4642758207
-107.5000000000,67.5000000000,0.1037714540,0.3968176297,0.4994109162
-106.5000000000,67.5000000000,0.0983186910,0.3886242673,0.5130570417
-105.5000000000,67.5000000000,0.0921364147,0.3772769310,0.5305866542
-104.5000000000,67.5000000000,0.0878563538,0.3636221555,0.5485214907
-103.5000000000,67.5000000000,0.0855919179,0.3458472249,0.5685608572
-102.5000000000,67.5000000000,0.0846288814,0.3321779614,0.5831931572
-101.5000000000,67.5000000000,0.0853533755,0.3241642779,0.5904823466
-100.5000000000,67.5000000000,0.0875380117,0.3226755109,0.5897864775
-99.5000000000,67.5000000000,0.0916984131,0.3293526170,0.5789489699
-98.5000000000,67.5000000000,0.0971033472,0.3423423985,0.5605542543
-97.5000000000,67.5000000000,0.1036666287,0.3583218901,0.5380114812
-96.5000000000,67.5000000000,0.1072955018,0.3730974898,0.5196070084
-94.5000000000,67.5000000000,0.1324982039,0.3999779944,0.4675238016
-93.5000000000,67.5000000000,0.1390709132,0.4054804090,0.4554486779
-92.5000000000,67.5000000000,0.1532626304,0.4040865312,0.4426508384
-91.5000000000,67.5000000000,0.1530284987,0.4014817272,0.4454897741
-90.5000000000,67.5000000000,0.1664030218,0.3982560619,0.4353409164
-89.5000000000,67.5000000000,0.1630912638,0.3934247645,0.4434839717
-88.5000000000,67.5000000000,0.1690626150,0.3867201088,0.4442172763
-85.5000000000,67.5000000000,0.1582468982,0.3571418901,0.4846112117
-84.5000000000,67.5000000000,0.1470650725,0.3463218363,0.5066130912
-83.5000000000,67.5000000000,0.1388049463,0.3350130299,0.5261820238
-82.5000000000,67.5000000000,0.1265844593,0.3202557823,0.5531597584
-81.5000000000,67.5000000000,0.1101053587,0.3044946696,0.5853999716
-76.5000000000,67.5000000000,0.0616839236,0.2336471477,0.7046689287
-75.5000000000,67.5000000000,0.0544921379,0.2200097392,0.7254981228
-71.5000000000,67.5000000000,0.0341682964,0.1749181749,0.7909135287
-70.5000000000,67.5000000000,0.0319219594,0.1655358292,0.8025422114
-69.5000000000,67.5000000000,0.0315260314,0.1600889548,0.8083850139
-68.5000000000,67.5000000000,0.0313471758,0.1543564548,0.8142963693
-67.5000000000,67.5000000000,0.0349588427,0.1562696452,0.8087715121
-66.5000000000,67.5000000000,0.0425819087,0.1628904450,0.7945276463
-65.5000000000,67.5000000000,0.0413733660,0.1700675946,0.7885590393
-64.5000000000,67.5000000000,0.0351171980,0.1768508487,0.7880319534
-164.5000000000,66.5000000000,0.0330568912,0.2976042214,0.6693388874
-160.5000000000,66.5000000000,0.0413605645,0.4435552186,0.5150842169
-159.5000000000,66.5000000000,0.0452246661,0.4846810421,0.4700942918
-158.5000000000,66.5000000000,0.0509419695,0.5319805694,0.4170774612
-157.5000000000,66.5000000000,0.0607830682,0.5848239956,0.3543929362
-156.5000000000,66.5000000000,0.0751872973,0.6340190138,0.2907936889
-155.5000000000,66.5000000000,0.0756666014,0.6577711018,0.2665622968
-154.5000000000,66.5000000000,0.0892557606,0.6743644679,0.2363797715
-153.5000000000,66.5000000000,0.0950663675,0.6811181785,0.2238154540
-152.5000000000,66.5000000000,0.0991716788,0.6765206684,0.2243076529
-151.5000000000,66.5000000000,0.1060249849,0.6650369584,0.2289380567
-150.5000000000,66.5000000000,0.1254462596,0.6483924334,0.2261613069
-149.5000000000,66.5000000000,0.1310041575,0.6382557588,0.2307400837
-148.5000000000,66.5000000000,0.1275978828,0.6475494111,0.2248527062
-147.5000000000,66.5000000000,0.1385264323,0.6548712939,0.2066022738
-146.5000000000,66.5000000000,0.1438336267,0.6530096048,0.2031567685
-145.5000000000,66.5000000000,0.1541007481,0.6483912308,0.1975080211
-144.5000000000,66.5000000000,0.1636186301,0.6410773937,0.1953039763
-143.5000000000,66.5000000000,0.1755711224,0.6305234395,0.1939054381
-142.5000000000,66.5000000000,0.1685388891,0.6126837336,0.2187773773
-141.5000000000,66.5000000000,0.1651092771,0.5826508167,0.2522399062
-140.5000000000,66.5000000000,0.1583572826,0.5559699663,0.2856727510
-139.5000000000,66.5000000000,0.1537663975,0.5410232680,0.3052103345
-138.5000000000,66.5000000000,0.1512937063,0.5391984893,0.3095078044
-137.5000000000,66.5000000000,0.1685061319,0.5420300531,0.2894638150
-136.5000000000,66.5000000000,0.1993285378,0.5445008604,0.2561706018
-135.5000000000,66.5000000000,0.2166452543,0.5523102287,0.2310445170
-134.5000000000,66.5000000000,0.2389918573,0.5495002479,0.2115078948
-133.5000000000,66.5000000000,0.2401535340,0.5513670297,0.2084794364
-132.5000000000,66.5000000000,0.2584475529,0.5364363649,0.2051160822
-131.5000000000,66.5000000000,0.2697322403,0.5206000311,0.2096677286
-130.5000000000,66.5000000000,0.2720200149,0.5043692818,0.2236107033
-129.5000000000,66.5000000000,0.2816281615,0.4863343574,0.2320374811
-128.5000000000,66.5000000000,0.3014586510,0.4672678982,0.2312734508
-127.5000000000,66.5000000000,0.3258946833,0.4473686971,0.2267366196
-126.5000000000,66.5000000000,0.3574424109,0.4260657686,0.2164918204
-125.5000000000,66.5000000000,0.3864043236,0.4058365922,0.2077590842
-124.5000000000,66.5000000000,0.3975749088,0.3971897676,0.2052353236
-123.5000000000,66.5000000000,0.4067338025,0.3873277819,0.2059384156
-122.5000000000,66.5000000000,0.3986665457,0.3874703522,0.2138631021
-121.5000000000,66.5000000000,0.4007086572,0.3832471474,0.2160441955
-120.5000000000,66.5000000000,0.3982640290,0.3809198268,0.2208161442
-119.5000000000,66.5000000000,0.4058226088,0.3751690630,0.2190083282
-118.5000000000,66.5000000000,0.4008660272,0.3744445746,0.2246893982
-117.5000000000,66.5000000000,0.3805751779,0.3834499368,0.2359748852
-116.5000000000,66.5000000000,0.3876773426,0.3795446392,0.2327780182
-115.5000000000,66.5000000000,0.3796310777,0.3827210562,0.2376478661
-114.5000000000,66.5000000000,0.3437736797,0.3959799542,0.2602463661
-113.5000000000,66.5000000000,0.3015694846,0.4124700152,0.2859605002
-112.5000000000,66.5000000000,0.2585136475,0.4249689452,0.3165174073
-111.5000000000,66.5000000000,0.2154501499,0.4328064467,0.3517434035
-110.5000000000,66.5000000000,0.1772195389,0.4314751890,0.3913052722
-109.5000000000,66.5000000000,0.1522277540,0.4263050494,0.4214671966
-108.5000000000,66.5000000000,0.1433921468,0.4173557503,0.4392521029
-107.5000000000,66.5000000000,0.1173929028,0.4087516258,0.4738554714
-106.5000000000,66.5000000000,0.1177699398,0.3977259468,0.4845041134
-105.5000000000,66.5000000000,0.1110965093,0.3845758221,0.5043276686
-104.5000000000,66.5000000000,0.1045782723,0.3691216761,0.5263000516
-103.5000000000,66.5000000000,0.1020485128,0.3457243845,0.5522271027
-102.5000000000,66.5000000000,0.1004768055,0.3272630087,0.5722601858
-101.5000000000,66.5000000000,0.1025180045,0.3161499432,0.5813320524
-100.5000000000,66.5000000000,0.1060363992,0.3148387301,0.5791248707
-99.5000000000,66.5000000000,0.1113065082,0.3227137587,0.5659797332
-98.5000000000,66.5000000000,0.1205092376,0.3380367142,0.5414540482
-97.5000000000,66.5000000000,0.1286567893,0.3565114965,0.5148317142
-96.5000000000,66.5000000000,0.1349612303,0.3739457058,0.4910930639
-95.5000000000,66.5000000000,0.1454570815,0.3888665383,0.4656763802
-94.5000000000,66.5000000000,0.1669431665,0.3988462878,0.4342105457
-93.5000000000,66.5000000000,0.1739985179,0.4054519871,0.4205494950
-92.5000000000,66.5000000000,0.1780461425,0.4070593425,0.4148945150
-91.5000000000,66.5000000000,0.1796134011,0.4036634351,0.4167231639
-90.5000000000,66.5000000000,0.1958713283,0.3988817029,0.4052469688
-89.5000000000,66.5000000000,0.1865151764,0.3961437137,0.4173411099
-88.5000000000,66.5000000000,0.1893800813,0.3884928808,0.4221270379
-87.5000000000,66.5000000000,0.1757597257,0.3815843028,0.4426559715
-84.5000000000,66.5000000000,0.1541889681,0.3497516130,0.4960594188
-83.5000000000,66.5000000000,0.1440399169,0.3391422686,0.5168178146
-73.5000000000,66.5000000000,0.0464219923,0.2067603899,0.7468176178
-72.5000000000,66.5000000000,0.0424075958,0.1982091493,0.7593832549
-71.5000000000,66.5000000000,0.0380381507,0.1894192629,0.7725425864
-70.5000000000,66.5000000000,0.0341107315,0.1804646810,0.7854245875
-69.5000000000,66.5000000000,0.0308357125,0.1731273242,0.7960369633
-68.5000000000,66.5000000000,0.0305445979,0.1685671744,0.8008882277
-67.5000000000,66.5000000000,0.0294827502,0.1650744484,0.8054428014
-66.5000000000,66.5000000000,0.0332208326,0.1695286851,0.7972504823
-65.5000000000,66.5000000000,0.0314149967,0.1780724769,0.7905125264
-64.5000000000,66.5000000000,0.0480290930,0.2025805456,0.7493903614
-63.5000000000,66.5000000000,0.0502411732,0.2153341280,0.7344246988
-62.5000000000,66.5000000000,0.0539301784,0.2304982767,0.7155715449
-167.5000000000,65.5000000000,0.0287572851,0.2039167541,0.7673259607
-166.5000000000,65.5000000000,0.0297381765,0.2296914027,0.7405704209
-165.5000000000,65.5000000000,0.0336832431,0.2652945594,0.7010221975
-164.5000000000,65.5000000000,0.0355170200,0.3018126680,0.6626703120
-163.5000000000,65.5000000000,0.0378463448,0.3406809020,0.6214727531
-162.5000000000,65.5000000000,0.0383070442,0.3776126006,0.5840803552
-161.5000000000,65.5000000000,0.0442660130,0.4232472630,0.5324867240
-160.5000000000,65.5000000000,0.0465302980,0.4636342548,0.4898354472
-159.5000000000,65.5000000000,0.0501594108,0.5096847901,0.4401557991
-158.5000000000,65.5000000000,0.0572740633,0.5610253669,0.3817005699
-157.5000000000,65.5000000000,0.0608266025,0.6094198737,0.3297535239
-156.5000000000,65.5000000000,0.0708431317,0.6546577228,0.2744991455
-155.5000000000,65.5000000000,0.0840728411,0.6792676452,0.2366595137
-154.5000000000,65.5000000000,0.1023197091,0.6901153060,0.2075649849
-153.5000000000,65.5000000000,0.1186614961,0.6898816071,0.1914568968
-152.5000000000,65.5000000000,0.1321480100,0.6817001888,0.1861518012
-151.5000000000,65.5000000000,0.1388099930,0.6746666285,0.1865233785
-150.5000000000,65.5000000000,0.1347616426,0.6711602302,0.1940781272
-149.5000000000,65.5000000000,0.1460892298,0.6618098462,0.1921009240
