Lon,Lat,C_LonLatElev,B_LonLatElev,U_LonLatElev
-123.5000000000,73.5000000000,0.0408399468,0.2943235941,0.6648364591
-122.5000000000,73.5000000000,0.0453171384,0.2572130612,0.6974698005
-121.5000000000,73.5000000000,0.0467822020,0.2221387796,0.7310790184
-120.5000000000,73.5000000000,0.0483108223,0.1990798476,0.7526093301
-119.5000000000,73.5000000000,0.0497275921,0.1934028685,0.7568695394
-118.5000000000,73.5000000000,0.0525012349,0.1945114320,0.7529873331
-117.5000000000,73.5000000000,0.0523075544,0.1970953901,0.7505970555
-116.5000000000,73.5000000000,0.0515194684,0.2025582772,0.7459222544
-115.5000000000,73.5000000000,0.0508620608,0.2106715893,0.7384663499
-106.5000000000,73.5000000000,0.0434088218,0.3176452296,0.6389459486
-105.5000000000,73.5000000000,0.0419917505,0.3271787185,0.6308295310
-104.5000000000,73.5000000000,0.0390504675,0.3363329842,0.6246165484
-101.5000000000,73.5000000000,0.0322847680,0.3644662954,0.6032489366
-100.5000000000,73.5000000000,0.0310641365,0.3705298282,0.5984060353
-99.5000000000,73.5000000000,0.0285272007,0.3745637886,0.5969090108
-98.5000000000,73.5000000000,0.0272264953,0.3776096001,0.5951639046
-95.5000000000,73.5000000000,0.0241899827,0.3786842014,0.5971258159
-94.5000000000,73.5000000000,0.0250256068,0.3793425914,0.5956318018
-93.5000000000,73.5000000000,0.0259426360,0.3818415558,0.5922158082
-92.5000000000,73.5000000000,0.0270797591,0.3816682166,0.5912520243
-91.5000000000,73.5000000000,0.0279758795,0.3810825554,0.5909415651
-87.5000000000,73.5000000000,0.0355488703,0.3737358483,0.5907152814
-86.5000000000,73.5000000000,0.0388998538,0.3731546454,0.5879455008
-83.5000000000,73.5000000000,0.0456779138,0.3574221507,0.5968999356
-82.5000000000,73.5000000000,0.0483148391,0.3534520285,0.5982331324
-81.5000000000,73.5000000000,0.0485647070,0.3487020400,0.6027332530
-80.5000000000,73.5000000000,0.0578441918,0.3506077644,0.5915480439
-79.5000000000,73.5000000000,0.0602948729,0.3435259937,0.5961791334
-78.5000000000,73.5000000000,0.0543133870,0.3343152012,0.6113714118
-77.5000000000,73.5000000000,0.0573738321,0.3302471664,0.6123790015
-124.5000000000,72.5000000000,0.0397816948,0.3476668488,0.6125514564
-123.5000000000,72.5000000000,0.0427362184,0.3075438726,0.6497199091
-122.5000000000,72.5000000000,0.0462454948,0.2686344386,0.6851200666
-121.5000000000,72.5000000000,0.0486783210,0.2356949241,0.7156267549
-120.5000000000,72.5000000000,0.0508101767,0.2124336638,0.7367561595
-119.5000000000,72.5000000000,0.0521837276,0.2046264657,0.7431898067
-117.5000000000,72.5000000000,0.0523283394,0.2019055544,0.7457661063
-116.5000000000,72.5000000000,0.0534466865,0.2065490987,0.7400042148
-115.5000000000,72.5000000000,0.0526130079,0.2139388087,0.7334481834
-114.5000000000,72.5000000000,0.0512736533,0.2228172939,0.7259090528
-113.5000000000,72.5000000000,0.0526786693,0.2332367580,0.7140845728
-112.5000000000,72.5000000000,0.0530110842,0.2452888374,0.7017000783
-111.5000000000,72.5000000000,0.0495355751,0.2558461170,0.6946183079
-109.5000000000,72.5000000000,0.0514787375,0.2836238622,0.6648974003
-107.5000000000,72.5000000000,0.0461020346,0.3042153937,0.6496825717
-106.5000000000,72.5000000000,0.0447097977,0.3149550339,0.6403351684
-105.5000000000,72.5000000000,0.0419390927,0.3234411303,0.6346197770
-101.5000000000,72.5000000000,0.0336766764,0.3619879595,0.6043353641
-100.5000000000,72.5000000000,0.0311224785,0.3697475995,0.5991299220
-99.5000000000,72.5000000000,0.0293685947,0.3748804295,0.5957509758
-98.5000000000,72.5000000000,0.0274177070,0.3789010527,0.5936812403
-97.5000000000,72.5000000000,0.0257824449,0.3787218124,0.5954957426
-96.5000000000,72.5000000000,0.0252043246,0.3786983089,0.5960973664
-94.5000000000,72.5000000000,0.0257776498,0.3788926270,0.5953297232
-93.5000000000,72.5000000000,0.0248101859,0.3762141215,0.5989756926
-89.5000000000,72.5000000000,0.0311631347,0.3752807349,0.5935561304
-88.5000000000,72.5000000000,0.0336919004,0.3724010848,0.5939070149
-87.5000000000,72.5000000000,0.0369444365,0.3722492024,0.5908063611
-86.5000000000,72.5000000000,0.0381432411,0.3682917023,0.5935650566
-85.5000000000,72.5000000000,0.0399237253,0.3621678170,0.5979084578
-84.5000000000,72.5000000000,0.0446486086,0.3599120168,0.5954393747
-83.5000000000,72.5000000000,0.0470308100,0.3562230359,0.5967461541
-82.5000000000,72.5000000000,0.0521420498,0.3538722291,0.5939857211
-81.5000000000,72.5000000000,0.0522523574,0.3483342303,0.5994134123
-80.5000000000,72.5000000000,0.0498157841,0.3415718034,0.6086124125
-78.5000000000,72.5000000000,0.0520393480,0.3284992327,0.6194614194
-77.5000000000,72.5000000000,0.0583345222,0.3274011256,0.6142643522
-76.5000000000,72.5000000000,0.0619459312,0.3214722773,0.6165817915
-75.5000000000,72.5000000000,0.0556826901,0.3089325355,0.6353847744
-123.5000000000,71.5000000000,0.0475093235,0.3287657467,0.6237249298
-122.5000000000,71.5000000000,0.0517591505,0.2927124641,0.6555283854
-121.5000000000,71.5000000000,0.0510902430,0.2592240899,0.6896856671
-117.5000000000,71.5000000000,0.0542554822,0.2123747042,0.7333698136
-116.5000000000,71.5000000000,0.0545223744,0.2150400655,0.7304375601
-114.5000000000,71.5000000000,0.0559170345,0.2284134634,0.7156695021
-113.5000000000,71.5000000000,0.0585511094,0.2384435940,0.7030052966
-112.5000000000,71.5000000000,0.0551277733,0.2477000661,0.6971721605
-111.5000000000,71.5000000000,0.0544214388,0.2590879134,0.6864906478
-110.5000000000,71.5000000000,0.0543226813,0.2708936642,0.6747836545
-109.5000000000,71.5000000000,0.0525518015,0.2833825521,0.6640656464
-108.5000000000,71.5000000000,0.0485918883,0.2935699020,0.6578382097
-107.5000000000,71.5000000000,0.0471077519,0.3042364759,0.6486557721
-106.5000000000,71.5000000000,0.0454173096,0.3147420804,0.6398406101
-105.5000000000,71.5000000000,0.0441077247,0.3250789507,0.6308133246
-104.5000000000,71.5000000000,0.0414111701,0.3339977248,0.6245911051
-98.5000000000,71.5000000000,0.0287052438,0.3813176848,0.5899770713
-95.5000000000,71.5000000000,0.0259186742,0.3804165055,0.5936648203
-94.5000000000,71.5000000000,0.0263625915,0.3799862617,0.5936511469
-93.5000000000,71.5000000000,0.0262087507,0.3782547604,0.5955364889
-89.5000000000,71.5000000000,0.0331192428,0.3754239365,0.5914568207
-88.5000000000,71.5000000000,0.0361035832,0.3729480793,0.5909483376
-87.5000000000,71.5000000000,0.0374083489,0.3696488643,0.5929427868
-86.5000000000,71.5000000000,0.0398411206,0.3658797159,0.5942791635
-85.5000000000,71.5000000000,0.0400146785,0.3596858387,0.6002994828
-84.5000000000,71.5000000000,0.0430676189,0.3561120180,0.6008203630
-83.5000000000,71.5000000000,0.0459910905,0.3539851033,0.6000238062
-82.5000000000,71.5000000000,0.0500771603,0.3504441634,0.5994786764
-81.5000000000,71.5000000000,0.0517385924,0.3451434604,0.6031179472
-80.5000000000,71.5000000000,0.0542943571,0.3407700456,0.6049355973
-79.5000000000,71.5000000000,0.0602716843,0.3372628800,0.6024654357
-78.5000000000,71.5000000000,0.0602995012,0.3294893875,0.6102111113
-77.5000000000,71.5000000000,0.0629229921,0.3247087830,0.6123682249
-76.5000000000,71.5000000000,0.0627265417,0.3173914097,0.6198820486
-75.5000000000,71.5000000000,0.0592014361,0.3074835232,0.6333150407
-74.5000000000,71.5000000000,0.0658370927,0.3008813173,0.6332815901
-72.5000000000,71.5000000000,0.0542242790,0.2813897627,0.6643859582
-158.5000000000,70.5000000000,0.0193862526,0.2621587600,0.7184549874
-157.5000000000,70.5000000000,0.0196435404,0.2640831109,0.7162733488
-156.5000000000,70.5000000000,0.0198964237,0.2805941330,0.6995094433
-155.5000000000,70.5000000000,0.0202648907,0.3041923129,0.6755427964
-154.5000000000,70.5000000000,0.0209480186,0.3351211026,0.6439308788
-153.5000000000,70.5000000000,0.0215935278,0.3666116618,0.6117948104
-152.5000000000,70.5000000000,0.0224505176,0.3947683683,0.5827811141
-149.5000000000,70.5000000000,0.0248241061,0.4551349631,0.5200409308
-111.5000000000,70.5000000000,0.0535742622,0.2588239149,0.6876018229
-110.5000000000,70.5000000000,0.0544325245,0.2726731414,0.6728943342
-109.5000000000,70.5000000000,0.0530050763,0.2838478391,0.6631470845
-108.5000000000,70.5000000000,0.0520900923,0.2963166966,0.6515932111
-107.5000000000,70.5000000000,0.0504644297,0.3069807138,0.6425548566
-106.5000000000,70.5000000000,0.0496264122,0.3186078449,0.6317657429
-105.5000000000,70.5000000000,0.0469615399,0.3291534357,0.6238850245
-104.5000000000,70.5000000000,0.0444008515,0.3384449514,0.6171541971
-103.5000000000,70.5000000000,0.0423386078,0.3489542461,0.6087071460
-95.5000000000,70.5000000000,0.0277573757,0.3847687518,0.5874738725
-94.5000000000,70.5000000000,0.0290421436,0.3854826202,0.5854752362
-93.5000000000,70.5000000000,0.0311391782,0.3847903068,0.5840705150
-92.5000000000,70.5000000000,0.0297843938,0.3812901592,0.5889254470
-88.5000000000,70.5000000000,0.0367395940,0.3717818115,0.5914785945
-87.5000000000,70.5000000000,0.0391188536,0.3688020862,0.5920790601
-86.5000000000,70.5000000000,0.0425053568,0.3668949938,0.5905996494
-85.5000000000,70.5000000000,0.0448869697,0.3612362137,0.5938768166
-84.5000000000,70.5000000000,0.0460793763,0.3541718753,0.5997487484
-83.5000000000,70.5000000000,0.0486033082,0.3509753267,0.6004213652
-82.5000000000,70.5000000000,0.0506935509,0.3470866325,0.6022198166
-81.5000000000,70.5000000000,0.0513801764,0.3404358301,0.6081839935
-80.5000000000,70.5000000000,0.0527194000,0.3365105444,0.6107700556
-79.5000000000,70.5000000000,0.0527048225,0.3287812311,0.6185139464
-78.5000000000,70.5000000000,0.0568083514,0.3242232497,0.6189683989
-77.5000000000,70.5000000000,0.0598913869,0.3189337331,0.6211748800
-76.5000000000,70.5000000000,0.0613740693,0.3130302134,0.6255957173
-75.5000000000,70.5000000000,0.0617499254,0.3049884706,0.6332616040
-74.5000000000,70.5000000000,0.0627079212,0.2964747778,0.6408173011
-73.5000000000,70.5000000000,0.0611982365,0.2896005448,0.6492012187
-72.5000000000,70.5000000000,0.0613435818,0.2822527652,0.6564036530
-71.5000000000,70.5000000000,0.0720759566,0.2789078305,0.6490162130
-70.5000000000,70.5000000000,0.0559990835,0.2660309862,0.6779699304
-69.5000000000,70.5000000000,0.0537839074,0.2571512061,0.6890648865
-68.5000000000,70.5000000000,0.0513310675,0.2509809287,0.6976880038
-162.5000000000,69.5000000000,0.0185723358,0.2824305943,0.6989970698
-161.5000000000,69.5000000000,0.0192797196,0.2897049180,0.6910153624
-160.5000000000,69.5000000000,0.0203645410,0.2939667512,0.6856687078
-159.5000000000,69.5000000000,0.0201617690,0.2933665795,0.6864716515
-158.5000000000,69.5000000000,0.0202762393,0.2954275207,0.6842962400
-157.5000000000,69.5000000000,0.0204412278,0.3022853101,0.6772734621
-156.5000000000,69.5000000000,0.0206028470,0.3199611081,0.6594360448
-155.5000000000,69.5000000000,0.0211165824,0.3442569532,0.6346264644
-154.5000000000,69.5000000000,0.0215923507,0.3789186037,0.5994890456
-153.5000000000,69.5000000000,0.0226107452,0.4124471499,0.5649421048
-152.5000000000,69.5000000000,0.0237834371,0.4377417605,0.5384748023
-151.5000000000,69.5000000000,0.0245064544,0.4534368131,0.5220567326
-150.5000000000,69.5000000000,0.0254514475,0.4690950502,0.5054535023
-149.5000000000,69.5000000000,0.0268433911,0.4896476766,0.4835089323
-148.5000000000,69.5000000000,0.0274393916,0.5149080240,0.4576525845
-147.5000000000,69.5000000000,0.0291647862,0.5346172971,0.4362179167
-146.5000000000,69.5000000000,0.0311925808,0.5385024341,0.4303049852
-145.5000000000,69.5000000000,0.0359514068,0.5424468291,0.4216017641
-144.5000000000,69.5000000000,0.0310405775,0.5272926834,0.4416667391
-143.5000000000,69.5000000000,0.0291997884,0.5116288522,0.4591713594
-142.5000000000,69.5000000000,0.0296229159,0.5024272983,0.4679497859
-141.5000000000,69.5000000000,0.0273450803,0.4874758001,0.4851791197
-140.5000000000,69.5000000000,0.0269605115,0.4807316176,0.4923078708
-139.5000000000,69.5000000000,0.0249440385,0.4746962634,0.5003596981
-132.5000000000,69.5000000000,0.0232095496,0.5101526430,0.4666378073
-131.5000000000,69.5000000000,0.0235462227,0.5151659754,0.4612878019
-130.5000000000,69.5000000000,0.0245476309,0.5174255707,0.4580267984
-129.5000000000,69.5000000000,0.0259766104,0.5147257281,0.4592976615
-128.5000000000,69.5000000000,0.0277498326,0.5097470900,0.4625030774
-127.5000000000,69.5000000000,0.0310346287,0.4964889829,0.4724763885
-126.5000000000,69.5000000000,0.0357533997,0.4765695583,0.4876770420
-125.5000000000,69.5000000000,0.0378833333,0.4469208734,0.5151957933
-124.5000000000,69.5000000000,0.0429150867,0.4176498617,0.5394350516
-122.5000000000,69.5000000000,0.0573890582,0.3532164220,0.5893945198
-121.5000000000,69.5000000000,0.0624295295,0.3238339742,0.6137364962
-116.5000000000,69.5000000000,0.0587023332,0.2395945783,0.7017030885
-115.5000000000,69.5000000000,0.0592337861,0.2397989325,0.7009672814
-114.5000000000,69.5000000000,0.0589328147,0.2421774352,0.6988897501
-113.5000000000,69.5000000000,0.0580911563,0.2483247973,0.6935840464
-112.5000000000,69.5000000000,0.0579182029,0.2548468192,0.6872349779
-111.5000000000,69.5000000000,0.0569157177,0.2638089305,0.6792753518
-110.5000000000,69.5000000000,0.0565332495,0.2759318180,0.6675349325
-109.5000000000,69.5000000000,0.0558598710,0.2872566018,0.6568835272
-108.5000000000,69.5000000000,0.0545137842,0.2979230509,0.6475631649
-107.5000000000,69.5000000000,0.0530271800,0.3094256702,0.6375471498
-106.5000000000,69.5000000000,0.0510705555,0.3222031262,0.6267263183
-105.5000000000,69.5000000000,0.0496256778,0.3333944705,0.6169798518
-104.5000000000,69.5000000000,0.0474155947,0.3427205346,0.6098638708
-103.5000000000,69.5000000000,0.0457893446,0.3553617198,0.5988489356
-97.5000000000,69.5000000000,0.0309048988,0.3874414748,0.5816536265
-96.5000000000,69.5000000000,0.0292364172,0.3859952682,0.5847683146
-95.5000000000,69.5000000000,0.0286642942,0.3859158958,0.5854198099
-92.5000000000,69.5000000000,0.0329458967,0.3839032868,0.5831508166
-91.5000000000,69.5000000000,0.0337708405,0.3802977818,0.5859313777
-90.5000000000,69.5000000000,0.0355801879,0.3763339031,0.5880859089
-85.5000000000,69.5000000000,0.0448749064,0.3570115986,0.5981134950
-84.5000000000,69.5000000000,0.0508259604,0.3532615285,0.5959125111
-83.5000000000,69.5000000000,0.0508490933,0.3475624238,0.6015884829
-82.5000000000,69.5000000000,0.0505355137,0.3421091770,0.6073553093
-76.5000000000,69.5000000000,0.0552628996,0.3065089297,0.6382281707
-75.5000000000,69.5000000000,0.0554670655,0.2984231320,0.6461098025
-74.5000000000,69.5000000000,0.0595875762,0.2931733312,0.6472390926
-73.5000000000,69.5000000000,0.0600741586,0.2862361316,0.6536897098
-72.5000000000,69.5000000000,0.0586915610,0.2785182318,0.6627902072
-71.5000000000,69.5000000000,0.0593342533,0.2721829908,0.6684827559
-70.5000000000,69.5000000000,0.0546234868,0.2622947416,0.6830817716
-69.5000000000,69.5000000000,0.0618115573,0.2581944462,0.6799939965
-68.5000000000,69.5000000000,0.0618481612,0.2525647606,0.6855870782
-165.5000000000,68.5000000000,0.0183839728,0.2531345272,0.7284815000
-164.5000000000,68.5000000000,0.0188495886,0.2683533583,0.7127970531
-163.5000000000,68.5000000000,0.0209676812,0.2851381151,0.6938942036
-162.5000000000,68.5000000000,0.0227068301,0.3033742220,0.6739189479
-161.5000000000,68.5000000000,0.0224419272,0.3166968904,0.6608611824
-160.5000000000,68.5000000000,0.0248151335,0.3258963374,0.6492885292
-159.5000000000,68.5000000000,0.0236918457,0.3311616642,0.6451464901
-158.5000000000,68.5000000000,0.0242279220,0.3421925395,0.6335795385
-157.5000000000,68.5000000000,0.0246503668,0.3601346963,0.6152149369
-156.5000000000,68.5000000000,0.0225559820,0.3817466938,0.5956973242
-155.5000000000,68.5000000000,0.0236075530,0.4112954109,0.5650970361
-154.5000000000,68.5000000000,0.0245823545,0.4439350772,0.5314825683
-153.5000000000,68.5000000000,0.0259649515,0.4746394845,0.4993955640
-152.5000000000,68.5000000000,0.0276631464,0.4962157202,0.4761211334
-151.5000000000,68.5000000000,0.0294828579,0.5120095983,0.4585075437
-150.5000000000,68.5000000000,0.0313605826,0.5248791359,0.4437602815
-149.5000000000,68.5000000000,0.0316808660,0.5400573741,0.4282617600
-148.5000000000,68.5000000000,0.0371851700,0.5740983327,0.3887164973
-147.5000000000,68.5000000000,0.0408434072,0.5953770566,0.3637795362
-146.5000000000,68.5000000000,0.0371805415,0.5831319308,0.3796875278
-145.5000000000,68.5000000000,0.0367966807,0.5769122442,0.3862910751
-144.5000000000,68.5000000000,0.0359763656,0.5576126662,0.4064109681
-143.5000000000,68.5000000000,0.0345737512,0.5364033895,0.4290228593
-142.5000000000,68.5000000000,0.0303328124,0.5167357864,0.4529314012
-141.5000000000,68.5000000000,0.0296809534,0.5016129416,0.4687061050
-140.5000000000,68.5000000000,0.0287758216,0.4919618888,0.4792622895
-139.5000000000,68.5000000000,0.0288779638,0.4895487619,0.4815732742
-138.5000000000,68.5000000000,0.0292933615,0.4861100542,0.4845965843
-137.5000000000,68.5000000000,0.0271024404,0.4771775513,0.4957200083
-136.5000000000,68.5000000000,0.0245772505,0.4681283855,0.5072943640
-135.5000000000,68.5000000000,0.0224435777,0.4671139773,0.5104424450
-134.5000000000,68.5000000000,0.0223455066,0.4810846776,0.4965698158
-133.5000000000,68.5000000000,0.0229289938,0.5014800446,0.4755909615
-132.5000000000,68.5000000000,0.0234811770,0.5144493970,0.4620694260
-131.5000000000,68.5000000000,0.0243274548,0.5238264939,0.4518460513
-130.5000000000,68.5000000000,0.0248356621,0.5282386939,0.4469256439
-129.5000000000,68.5000000000,0.0262492956,0.5297082557,0.4440424486
-128.5000000000,68.5000000000,0.0281626401,0.5276618470,0.4441755129
-127.5000000000,68.5000000000,0.0312877184,0.5186189958,0.4500932858
-126.5000000000,68.5000000000,0.0351755922,0.5031986552,0.4616257526
-125.5000000000,68.5000000000,0.0412938010,0.4788631914,0.4798430076
-124.5000000000,68.5000000000,0.0481400409,0.4483554050,0.5035045541
-123.5000000000,68.5000000000,0.0562396572,0.4161600162,0.5276003266
-122.5000000000,68.5000000000,0.0623840451,0.3835101717,0.5541057832
-121.5000000000,68.5000000000,0.0711565722,0.3542191068,0.5746243211
-120.5000000000,68.5000000000,0.0727962364,0.3240245752,0.6031791884
-119.5000000000,68.5000000000,0.0727514426,0.2984869986,0.6287615587
-118.5000000000,68.5000000000,0.0683757347,0.2791198694,0.6525043959
-117.5000000000,68.5000000000,0.0669066158,0.2641686348,0.6689247493
-116.5000000000,68.5000000000,0.0650088800,0.2566743137,0.6783168062
-115.5000000000,68.5000000000,0.0622740068,0.2510326149,0.6866933782
-114.5000000000,68.5000000000,0.0597936256,0.2496385918,0.6905677826
-112.5000000000,68.5000000000,0.0566133151,0.2578070383,0.6855796466
-107.5000000000,68.5000000000,0.0562453032,0.3151570803,0.6285976165
-105.5000000000,68.5000000000,0.0539571435,0.3399780784,0.6060647781
-104.5000000000,68.5000000000,0.0517936921,0.3501113011,0.5980950068
-97.5000000000,68.5000000000,0.0348620838,0.3937773454,0.5713605708
-96.5000000000,68.5000000000,0.0332540837,0.3921105648,0.5746353515
-93.5000000000,68.5000000000,0.0341774208,0.3891567171,0.5766658621
-92.5000000000,68.5000000000,0.0366144488,0.3863341053,0.5770514459
-91.5000000000,68.5000000000,0.0397182768,0.3847545693,0.5755271539
-89.5000000000,68.5000000000,0.0418926865,0.3768238033,0.5812835102
-88.5000000000,68.5000000000,0.0444692163,0.3719090059,0.5836217778
-85.5000000000,68.5000000000,0.0511282418,0.3577469399,0.5911248182
-84.5000000000,68.5000000000,0.0538105438,0.3521870536,0.5940024027
-83.5000000000,68.5000000000,0.0543897852,0.3473664996,0.5982437152
-73.5000000000,68.5000000000,0.0561136906,0.2822284753,0.6616578341
-72.5000000000,68.5000000000,0.0571211590,0.2752299534,0.6676488877
-71.5000000000,68.5000000000,0.0579741975,0.2679977118,0.6740280907
-70.5000000000,68.5000000000,0.0589397870,0.2605487644,0.6805114487
-69.5000000000,68.5000000000,0.0594414719,0.2528637573,0.6876947708
-68.5000000000,68.5000000000,0.0526824516,0.2448627239,0.7024548246
-163.5000000000,67.5000000000,0.0190727265,0.2868556587,0.6940716148
-162.5000000000,67.5000000000,0.0190109030,0.3055317704,0.6754573266
-161.5000000000,67.5000000000,0.0221469772,0.3287428011,0.6491102217
-160.5000000000,67.5000000000,0.0223001227,0.3415643947,0.6361354826
-159.5000000000,67.5000000000,0.0224998680,0.3586282978,0.6188718342
-158.5000000000,67.5000000000,0.0233261774,0.3802667008,0.5964071218
-157.5000000000,67.5000000000,0.0243070580,0.4107408066,0.5649521354
-156.5000000000,67.5000000000,0.0264925673,0.4492955379,0.5242118948
-155.5000000000,67.5000000000,0.0281069617,0.4836942402,0.4881987981
-154.5000000000,67.5000000000,0.0295254291,0.5132509197,0.4572236512
-153.5000000000,67.5000000000,0.0276828577,0.5360201742,0.4362969681
-152.5000000000,67.5000000000,0.0305219824,0.5536049924,0.4158730252
-151.5000000000,67.5000000000,0.0304213172,0.5663238039,0.4032548789
-150.5000000000,67.5000000000,0.0309896171,0.5799623583,0.3890480247
-149.5000000000,67.5000000000,0.0329883533,0.6010666550,0.3659449917
-148.5000000000,67.5000000000,0.0321899232,0.6240694137,0.3437406631
-147.5000000000,67.5000000000,0.0347814857,0.6453382258,0.3198802885
-146.5000000000,67.5000000000,0.0325071489,0.6260875779,0.3414052732
-145.5000000000,67.5000000000,0.0316760652,0.6018063560,0.3665175788
-144.5000000000,67.5000000000,0.0298902785,0.5724294975,0.3976802239
-143.5000000000,67.5000000000,0.0280201319,0.5439689506,0.4280109175
-142.5000000000,67.5000000000,0.0271216301,0.5256519839,0.4472263860
-141.5000000000,67.5000000000,0.0277178607,0.5112820619,0.4610000773
-140.5000000000,67.5000000000,0.0279750742,0.4994264487,0.4725984771
-139.5000000000,67.5000000000,0.0271971552,0.4954764855,0.4773263593
-138.5000000000,67.5000000000,0.0267999649,0.4892934790,0.4839065561
-137.5000000000,67.5000000000,0.0273684302,0.4773341574,0.4952974123
-136.5000000000,67.5000000000,0.0286243291,0.4686568176,0.5027188533
-135.5000000000,67.5000000000,0.0236346734,0.4583495479,0.5180157787
-134.5000000000,67.5000000000,0.0217261427,0.4674214023,0.5108524550
-133.5000000000,67.5000000000,0.0223574515,0.4912544813,0.4863880672
-132.5000000000,67.5000000000,0.0235207373,0.5118353957,0.4646438670
-131.5000000000,67.5000000000,0.0229769357,0.5252664321,0.4517566322
-130.5000000000,67.5000000000,0.0248411077,0.5377958835,0.4373630088
-129.5000000000,67.5000000000,0.0258825967,0.5445139963,0.4296034071
-128.5000000000,67.5000000000,0.0282738971,0.5478879471,0.4238381558
-127.5000000000,67.5000000000,0.0315090722,0.5413030119,0.4271879159
-126.5000000000,67.5000000000,0.0367247100,0.5304931570,0.4327821329
-125.5000000000,67.5000000000,0.0430191752,0.5078215379,0.4491592869
-124.5000000000,67.5000000000,0.0506832014,0.4785521931,0.4707646054
-123.5000000000,67.5000000000,0.0584763861,0.4478128184,0.4937107954
-122.5000000000,67.5000000000,0.0657947146,0.4144253305,0.5197799549
-121.5000000000,67.5000000000,0.0719259571,0.3827712266,0.5453028162
-120.5000000000,67.5000000000,0.0739422462,0.3494583653,0.5765993885
-119.5000000000,67.5000000000,0.0745121062,0.3212761384,0.6042117554
-118.5000000000,67.5000000000,0.0748399126,0.2990827977,0.6260772896
-117.5000000000,67.5000000000,0.0714039735,0.2814945566,0.6471014699
-116.5000000000,67.5000000000,0.0698750321,0.2687359785,0.6613889894
-115.5000000000,67.5000000000,0.0673178598,0.2610420554,0.6716400848
-114.5000000000,67.5000000000,0.0669817026,0.2580312415,0.6749870559
-113.5000000000,67.5000000000,0.0654434531,0.2595736515,0.6749828954
-112.5000000000,67.5000000000,0.0646156662,0.2638619914,0.6715223424
-111.5000000000,67.5000000000,0.0633789433,0.2706108994,0.6660101574
-110.5000000000,67.5000000000,0.0636448615,0.2822083363,0.6541468023
-109.5000000000,67.5000000000,0.0630843625,0.2943764625,0.6425391750
-107.5000000000,67.5000000000,0.0617632936,0.3213965592,0.6168401472
-106.5000000000,67.5000000000,0.0616112257,0.3343547371,0.6040340372
-105.5000000000,67.5000000000,0.0599293541,0.3470607108,0.5930099351
-104.5000000000,67.5000000000,0.0579924695,0.3588798729,0.5831276576
-103.5000000000,67.5000000000,0.0560789485,0.3676191147,0.5763019368
-102.5000000000,67.5000000000,0.0539668444,0.3771121427,0.5689210128
-101.5000000000,67.5000000000,0.0511966153,0.3849692816,0.5638341031
-100.5000000000,67.5000000000,0.0489590452,0.3935491247,0.5574918302
-99.5000000000,67.5000000000,0.0462148396,0.3989218727,0.5548632877
-98.5000000000,67.5000000000,0.0433134826,0.4004339293,0.5562525881
-97.5000000000,67.5000000000,0.0409032716,0.4008925313,0.5582041971
-96.5000000000,67.5000000000,0.0386406093,0.3986521692,0.5627072215
-94.5000000000,67.5000000000,0.0401030950,0.3955090572,0.5643878478
-93.5000000000,67.5000000000,0.0409880003,0.3924507425,0.5665612571
-92.5000000000,67.5000000000,0.0442537273,0.3918876813,0.5638585914
-91.5000000000,67.5000000000,0.0445485667,0.3873877465,0.5680636868
-90.5000000000,67.5000000000,0.0482367538,0.3840826571,0.5676805891
-89.5000000000,67.5000000000,0.0490529091,0.3788734663,0.5720736246
-88.5000000000,67.5000000000,0.0519692321,0.3743729047,0.5736578632
-85.5000000000,67.5000000000,0.0567972726,0.3556669956,0.5875357318
-84.5000000000,67.5000000000,0.0578765707,0.3484999263,0.5936235030
-83.5000000000,67.5000000000,0.0581739775,0.3439771399,0.5978488826
-82.5000000000,67.5000000000,0.0591344038,0.3405175375,0.6003480587
-81.5000000000,67.5000000000,0.0576814164,0.3325436718,0.6097749119
-76.5000000000,67.5000000000,0.0582244102,0.3013432822,0.6404323075
-75.5000000000,67.5000000000,0.0572491483,0.2934608708,0.6492899809
-71.5000000000,67.5000000000,0.0561440089,0.2652843403,0.6785716509
-70.5000000000,67.5000000000,0.0568786533,0.2567790425,0.6863423042
-69.5000000000,67.5000000000,0.0592175264,0.2506910303,0.6900914433
-68.5000000000,67.5000000000,0.0608005949,0.2458489807,0.6933504244
-67.5000000000,67.5000000000,0.0650037213,0.2419525939,0.6930436847
-66.5000000000,67.5000000000,0.0726407355,0.2393838304,0.6879754342
-65.5000000000,67.5000000000,0.0674339058,0.2311645936,0.7014015006
-64.5000000000,67.5000000000,0.0557554494,0.2215610506,0.7226835000
-164.5000000000,66.5000000000,0.0182518286,0.2683441670,0.7134040044
-160.5000000000,66.5000000000,0.0201285915,0.3519364199,0.6279349886
-159.5000000000,66.5000000000,0.0205394900,0.3767257994,0.6027347106
-158.5000000000,66.5000000000,0.0209451358,0.4053088376,0.5737460266
-157.5000000000,66.5000000000,0.0220789587,0.4443551782,0.5335658631
-156.5000000000,66.5000000000,0.0239242261,0.4922048004,0.4838709735
-155.5000000000,66.5000000000,0.0219366840,0.5174399851,0.4606233309
-154.5000000000,66.5000000000,0.0232474405,0.5463493154,0.4304032442
-153.5000000000,66.5000000000,0.0237563291,0.5700915177,0.4061521532
-152.5000000000,66.5000000000,0.0247789860,0.5878487932,0.3873722207
-151.5000000000,66.5000000000,0.0263442773,0.6032260159,0.3704297068
-150.5000000000,66.5000000000,0.0304429641,0.6234387258,0.3461183102
-149.5000000000,66.5000000000,0.0313467726,0.6450685544,0.3235846730
-148.5000000000,66.5000000000,0.0300925012,0.6611513065,0.3087561923
-147.5000000000,66.5000000000,0.0303294367,0.6670596125,0.3026109508
-146.5000000000,66.5000000000,0.0296703945,0.6494549600,0.3208746454
-145.5000000000,66.5000000000,0.0287645122,0.6204811238,0.3507543640
-144.5000000000,66.5000000000,0.0274292397,0.5899354235,0.3826353368
-143.5000000000,66.5000000000,0.0263363248,0.5604039021,0.4132597731
-142.5000000000,66.5000000000,0.0259680788,0.5452741509,0.4287577703
-141.5000000000,66.5000000000,0.0278930158,0.5349419580,0.4371650262
-140.5000000000,66.5000000000,0.0291717573,0.5270558376,0.4437724051
-139.5000000000,66.5000000000,0.0286661052,0.5180727292,0.4532611656
-138.5000000000,66.5000000000,0.0267562203,0.5037359155,0.4695078642
-137.5000000000,66.5000000000,0.0260578879,0.4836257907,0.4903163214
-136.5000000000,66.5000000000,0.0261604632,0.4638786107,0.5099609261
-135.5000000000,66.5000000000,0.0244390222,0.4507874979,0.5247734799
-134.5000000000,66.5000000000,0.0236595625,0.4636901497,0.5126502877
-133.5000000000,66.5000000000,0.0220110866,0.4859540102,0.4920349032
-132.5000000000,66.5000000000,0.0226664282,0.5114997727,0.4658337991
-131.5000000000,66.5000000000,0.0231335495,0.5330246127,0.4438418378
-130.5000000000,66.5000000000,0.0237762279,0.5468565081,0.4293672641
-129.5000000000,66.5000000000,0.0252224169,0.5565300318,0.4182475513
-128.5000000000,66.5000000000,0.0276359419,0.5621976065,0.4101664516
-127.5000000000,66.5000000000,0.0311041183,0.5609940279,0.4079018538
-126.5000000000,66.5000000000,0.0375359270,0.5552542149,0.4072098581
-125.5000000000,66.5000000000,0.0467389719,0.5367323161,0.4165287120
-124.5000000000,66.5000000000,0.0556894982,0.5084961552,0.4358143466
-123.5000000000,66.5000000000,0.0644302532,0.4785737068,0.4569960400
-122.5000000000,66.5000000000,0.0694739883,0.4434077556,0.4871182560
-121.5000000000,66.5000000000,0.0741856183,0.4077634458,0.5180509359
-120.5000000000,66.5000000000,0.0758103650,0.3731518844,0.5510377506
-119.5000000000,66.5000000000,0.0794642844,0.3430337182,0.5775019974
-118.5000000000,66.5000000000,0.0783014520,0.3177117552,0.6039867928
-117.5000000000,66.5000000000,0.0740212478,0.2965212978,0.6294574544
-116.5000000000,66.5000000000,0.0755352110,0.2800236962,0.6444410928
-115.5000000000,66.5000000000,0.0755746631,0.2692433674,0.6551819695
-114.5000000000,66.5000000000,0.0725172540,0.2638542637,0.6636284824
-113.5000000000,66.5000000000,0.0705319965,0.2638271957,0.6656408079
-112.5000000000,66.5000000000,0.0708057204,0.2680160331,0.6611782465
-111.5000000000,66.5000000000,0.0710737551,0.2748547907,0.6540714541
-110.5000000000,66.5000000000,0.0706876362,0.2854805045,0.6438318593
-109.5000000000,66.5000000000,0.0698387925,0.2988988826,0.6312623249
-108.5000000000,66.5000000000,0.0729581899,0.3171986028,0.6098432074
-107.5000000000,66.5000000000,0.0662785132,0.3273796388,0.6063418480
-106.5000000000,66.5000000000,0.0695387933,0.3407329700,0.5897282367
-105.5000000000,66.5000000000,0.0692887939,0.3554211266,0.5752900796
-104.5000000000,66.5000000000,0.0668945084,0.3668651300,0.5662403616
-103.5000000000,66.5000000000,0.0653804203,0.3761478192,0.5584717605
-102.5000000000,66.5000000000,0.0627140854,0.3852738828,0.5520120317
-101.5000000000,66.5000000000,0.0601482100,0.3943007077,0.5455510822
-100.5000000000,66.5000000000,0.0581040621,0.3997016202,0.5421943177
-99.5000000000,66.5000000000,0.0546846360,0.4049674000,0.5403479639
-98.5000000000,66.5000000000,0.0514859239,0.4065919912,0.5419220848
-97.5000000000,66.5000000000,0.0488138798,0.4064707261,0.5447153941
-96.5000000000,66.5000000000,0.0466669930,0.4037165959,0.5496164110
-95.5000000000,66.5000000000,0.0459988633,0.4017513795,0.5522497572
-94.5000000000,66.5000000000,0.0487819889,0.4003221333,0.5508958778
-93.5000000000,66.5000000000,0.0497038018,0.3973618192,0.5529343789
-92.5000000000,66.5000000000,0.0508914948,0.3947910810,0.5543174241
-91.5000000000,66.5000000000,0.0515659877,0.3917031030,0.5567309093
-90.5000000000,66.5000000000,0.0561690646,0.3881172286,0.5557137068
-89.5000000000,66.5000000000,0.0551978430,0.3804636598,0.5643384971
-88.5000000000,66.5000000000,0.0581504277,0.3745420276,0.5673075447
-87.5000000000,66.5000000000,0.0566497588,0.3661489604,0.5772012809
-84.5000000000,66.5000000000,0.0593477993,0.3450842751,0.5955679256
-83.5000000000,66.5000000000,0.0595685647,0.3414236731,0.5990077622
-73.5000000000,66.5000000000,0.0580640580,0.2782856473,0.6636502947
-72.5000000000,66.5000000000,0.0582483523,0.2711773868,0.6705742609
-71.5000000000,66.5000000000,0.0578206863,0.2642219848,0.6779573289
-70.5000000000,66.5000000000,0.0566725546,0.2556211206,0.6877063248
-69.5000000000,66.5000000000,0.0557737269,0.2479709729,0.6962553002
-68.5000000000,66.5000000000,0.0566793215,0.2423948692,0.7009258093
-67.5000000000,66.5000000000,0.0549024844,0.2352752654,0.7098222502
-66.5000000000,66.5000000000,0.0591695623,0.2311507926,0.7096796451
-65.5000000000,66.5000000000,0.0539725071,0.2220647732,0.7239627197
-64.5000000000,66.5000000000,0.0666589410,0.2222538371,0.7110872220
-63.5000000000,66.5000000000,0.0645682424,0.2190144216,0.7164173360
-62.5000000000,66.5000000000,0.0631827103,0.2173814514,0.7194358383
-167.5000000000,65.5000000000,0.0176895420,0.2166808257,0.7656296322
-166.5000000000,65.5000000000,0.0179590137,0.2316479278,0.7503930585
-165.5000000000,65.5000000000,0.0194201423,0.2504468122,0.7301330455
-164.5000000000,65.5000000000,0.0196089770,0.2690749235,0.7113160995
-163.5000000000,65.5000000000,0.0200197455,0.2891933776,0.6907868769
-162.5000000000,65.5000000000,0.0197591847,0.3095934848,0.6706473306
-161.5000000000,65.5000000000,0.0213903535,0.3352788996,0.6433307469
-160.5000000000,65.5000000000,0.0216468722,0.3609871010,0.6173660268
-159.5000000000,65.5000000000,0.0217799533,0.3894861587,0.5887338880
-158.5000000000,65.5000000000,0.0223112151,0.4242323270,0.5534564579
-157.5000000000,65.5000000000,0.0212622569,0.4605551355,0.5181826076
-156.5000000000,65.5000000000,0.0217553685,0.5049711775,0.4732734540
-155.5000000000,65.5000000000,0.0224255965,0.5420186300,0.4355557735
-154.5000000000,65.5000000000,0.0239860863,0.5738696404,0.4021442733
-153.5000000000,65.5000000000,0.0254662997,0.5975771478,0.3769565525
-152.5000000000,65.5000000000,0.0268682608,0.6171812954,0.3559504438
-151.5000000000,65.5000000000,0.0274927198,0.6313915030,0.3411157773
-150.5000000000,65.5000000000,0.0272560524,0.6490205811,0.3237233664
-149.5000000000,65.5000000000,0.0295472406,0.6711703576,0.2992824018
-148.5000000000,65.5000000000,0.0307728252,0.6838859958,0.2853411789
-147.5000000000,65.5000000000,0.0334337005,0.6864628232,0.2801034763
-146.5000000000,65.5000000000,0.0380218040,0.6728819358,0.2890962602
-145.5000000000,65.5000000000,0.0364755586,0.6469499482,0.3165744933
-144.5000000000,65.5000000000,0.0280047535,0.6124686470,0.3595265994
-143.5000000000,65.5000000000,0.0288303066,0.5918756328,0.3792940606
-142.5000000000,65.5000000000,0.0285784294,0.5769771511,0.3944444195
-141.5000000000,65.5000000000,0.0297676353,0.5684618823,0.4017704824
-140.5000000000,65.5000000000,0.0321707739,0.5626708012,0.4051584249
-139.5000000000,65.5000000000,0.0332822631,0.5535372893,0.4131804476
-138.5000000000,65.5000000000,0.0295788637,0.5355098149,0.4349113214
-137.5000000000,65.5000000000,0.0298219213,0.5125324895,0.4576455892
-136.5000000000,65.5000000000,0.0268425322,0.4785827914,0.4945746764
-135.5000000000,65.5000000000,0.0236206819,0.4517096672,0.5246696509
-134.5000000000,65.5000000000,0.0261639035,0.4725017385,0.5013343580
-133.5000000000,65.5000000000,0.0244126608,0.4960918606,0.4794954786
-132.5000000000,65.5000000000,0.0282879437,0.5281116365,0.4436004197
-131.5000000000,65.5000000000,0.0274071046,0.5489795315,0.4236133638
-130.5000000000,65.5000000000,0.0270091683,0.5632189794,0.4097718523
-129.5000000000,65.5000000000,0.0267432628,0.5700072019,0.4032495353
-128.5000000000,65.5000000000,0.0274976247,0.5754798775,0.3970224978
-127.5000000000,65.5000000000,0.0320166338,0.5786240289,0.3893593373
-126.5000000000,65.5000000000,0.0403334429,0.5766294626,0.3830370945
-125.5000000000,65.5000000000,0.0508481363,0.5570761421,0.3920757216
-124.5000000000,65.5000000000,0.0605676283,0.5300220590,0.4094103127
-123.5000000000,65.5000000000,0.0711715633,0.5019617467,0.4268666901
-122.5000000000,65.5000000000,0.0784567211,0.4683276825,0.4532155964
-121.5000000000,65.5000000000,0.0834678683,0.4322104918,0.4843216398
-120.5000000000,65.5000000000,0.0897326079,0.3981328387,0.5121345534
-119.5000000000,65.5000000000,0.0856502529,0.3650373745,0.5493123726
-118.5000000000,65.5000000000,0.0819740231,0.3351476502,0.5828783268
-117.5000000000,65.5000000000,0.0813673045,0.3107047624,0.6079279330
-116.5000000000,65.5000000000,0.0803107284,0.2884912896,0.6311979820
-115.5000000000,65.5000000000,0.0781873982,0.2737284062,0.6480841957
-114.5000000000,65.5000000000,0.0752851551,0.2658357038,0.6588791411
-113.5000000000,65.5000000000,0.0760381189,0.2656023584,0.6583595227
-112.5000000000,65.5000000000,0.0752326042,0.2692186788,0.6555487171
-111.5000000000,65.5000000000,0.0763323611,0.2773529268,0.6463147122
-110.5000000000,65.5000000000,0.0761055428,0.2880940416,0.6358004156
-109.5000000000,65.5000000000,0.0779102394,0.3041415803,0.6179481803
-108.5000000000,65.5000000000,0.0790484789,0.3204164863,0.6005350348
-107.5000000000,65.5000000000,0.0775065980,0.3341255009,0.5883679011
-106.5000000000,65.5000000000,0.0774984014,0.3480067599,0.5744948388
-105.5000000000,65.5000000000,0.0777241983,0.3614788962,0.5607969055
-104.5000000000,65.5000000000,0.0763592797,0.3730404206,0.5506002997
-103.5000000000,65.5000000000,0.0735340792,0.3818123314,0.5446535894
-102.5000000000,65.5000000000,0.0707382229,0.3925569382,0.5367048389
-101.5000000000,65.5000000000,0.0691154291,0.4009350679,0.5299495030
-100.5000000000,65.5000000000,0.0664715078,0.4061094320,0.5274190602
-99.5000000000,65.5000000000,0.0639771730,0.4082358307,0.5277869963
-98.5000000000,65.5000000000,0.0607200660,0.4107514047,0.5285285293
-97.5000000000,65.5000000000,0.0588976586,0.4104891138,0.5306132276
-96.5000000000,65.5000000000,0.0573349502,0.4086369457,0.5340281041
-95.5000000000,65.5000000000,0.0561765718,0.4071060985,0.5367173297
-94.5000000000,65.5000000000,0.0569942065,0.4035243490,0.5394814445
-93.5000000000,65.5000000000,0.0561678779,0.3979994782,0.5458326439
-92.5000000000,65.5000000000,0.0584807363,0.3953518866,0.5461673772
-91.5000000000,65.5000000000,0.0606734439,0.3936645188,0.5456620373
-90.5000000000,65.5000000000,0.0612371813,0.3875780853,0.5511847335
-89.5000000000,65.5000000000,0.0628261253,0.3811155059,0.5560583687
-87.5000000000,65.5000000000,0.0614606165,0.3654554937,0.5730838898
-85.5000000000,65.5000000000,0.0606619678,0.3505370812,0.5888009510
-73.5000000000,65.5000000000,0.0600001289,0.2775345555,0.6624653156
-72.5000000000,65.5000000000,0.0612516590,0.2707515761,0.6679967650
-71.5000000000,65.5000000000,0.0598605398,0.2624958727,0.6776435875
-70.5000000000,65.5000000000,0.0612802649,0.2558141330,0.6829056021
-69.5000000000,65.5000000000,0.0610703665,0.2482983455,0.6906312880
-68.5000000000,65.5000000000,0.0593575211,0.2409621544,0.6996803245
-67.5000000000,65.5000000000,0.0561650665,0.2331774420,0.7106574915
-64.5000000000,65.5000000000,0.0567223391,0.2161012359,0.7271764249
-160.5000000000,64.5000000000,0.0203595681,0.3561352959,0.6235051360
-159.5000000000,64.5000000000,0.0225642373,0.3908374973,0.5865982654
-158.5000000000,64.5000000000,0.0212498031,0.4242500158,0.5545001811
-157.5000000000,64.5000000000,0.0210421128,0.4638045642,0.5151533230
-156.5000000000,64.5000000000,0.0223292056,0.5075319571,0.4701388374
-155.5000000000,64.5000000000,0.0232592893,0.5473114980,0.4294292126
-154.5000000000,64.5000000000,0.0226676258,0.5787280364,0.3986043378
-153.5000000000,64.5000000000,0.0239270308,0.6073880912,0.3686848781
-152.5000000000,64.5000000000,0.0251458118,0.6292738797,0.3455803085
-151.5000000000,64.5000000000,0.0269998160,0.6466609868,0.3263391973
-150.5000000000,64.5000000000,0.0277759168,0.6654895995,0.3067344837
-149.5000000000,64.5000000000,0.0279639968,0.6821546075,0.2898813957
-148.5000000000,64.5000000000,0.0296413943,0.6925546092,0.2778039965
-147.5000000000,64.5000000000,0.0315045252,0.6946238088,0.2738716661
-146.5000000000,64.5000000000,0.0333981139,0.6777434866,0.2888583996
-145.5000000000,64.5000000000,0.0340155308,0.6550350972,0.3109493720
-144.5000000000,64.5000000000,0.0315379417,0.6364265483,0.3320355099
-143.5000000000,64.5000000000,0.0323714070,0.6241905845,0.3434380085
-142.5000000000,64.5000000000,0.0301324084,0.6105485753,0.3593190164
-141.5000000000,64.5000000000,0.0321864923,0.6044013642,0.3634121436
-140.5000000000,64.5000000000,0.0280069195,0.5917455258,0.3802475547
-139.5000000000,64.5000000000,0.0320148180,0.5881673242,0.3798178578
-138.5000000000,64.5000000000,0.0375755693,0.5822096563,0.3802147744
-137.5000000000,64.5000000000,0.0337386427,0.5530069737,0.4132543836
-136.5000000000,64.5000000000,0.0339904308,0.5231212719,0.4428882973
-135.5000000000,64.5000000000,0.0306541597,0.4998664249,0.4694794154
