Lon,Lat,C_LonLatElev,B_LonLatElev,U_LonLatElev
-112.5000000000,78.5000000000,0.0669366684,0.2239314904,0.7091318412
-111.5000000000,78.5000000000,0.0722524251,0.2271467162,0.7006008588
-110.5000000000,78.5000000000,0.0755884095,0.2229170856,0.7014945049
-109.5000000000,78.5000000000,0.0791782613,0.2323757802,0.6884459585
-104.5000000000,78.5000000000,0.0964037359,0.3037589720,0.5998372920
-103.5000000000,78.5000000000,0.0997411914,0.3193537712,0.5809050374
-102.5000000000,78.5000000000,0.1032275497,0.3306052597,0.5661671906
-101.5000000000,78.5000000000,0.1065648106,0.3382291816,0.5552060078
-100.5000000000,78.5000000000,0.1095544879,0.3530599046,0.5373856075
-97.5000000000,78.5000000000,0.1244176811,0.4028650729,0.4727172460
-96.5000000000,78.5000000000,0.1246988275,0.4247153205,0.4505858520
-95.5000000000,78.5000000000,0.1285555176,0.4418201376,0.4296243448
-92.5000000000,78.5000000000,0.1206635088,0.5002555147,0.3790809765
-91.5000000000,78.5000000000,0.1428103057,0.5119011754,0.3452885189
-90.5000000000,78.5000000000,0.1409143284,0.5360362839,0.3230493877
-89.5000000000,78.5000000000,0.1183875878,0.5627668662,0.3188455460
-86.5000000000,78.5000000000,0.0772068094,0.6366109927,0.2861821979
-85.5000000000,78.5000000000,0.0698167767,0.6593521462,0.2708310771
-84.5000000000,78.5000000000,0.0608904668,0.6831139381,0.2559955951
-83.5000000000,78.5000000000,0.0558662792,0.6995558378,0.2445778830
-82.5000000000,78.5000000000,0.0446442257,0.7066270451,0.2487287292
-81.5000000000,78.5000000000,0.0485847358,0.6711757207,0.2802395434
-80.5000000000,78.5000000000,0.0582176625,0.6288496420,0.3129326955
-79.5000000000,78.5000000000,0.0718551952,0.5749015687,0.3532432360
-78.5000000000,78.5000000000,0.0578343567,0.5397666064,0.4023990369
-77.5000000000,78.5000000000,0.0531840511,0.5009529350,0.4458630140
-116.5000000000,77.5000000000,0.0466518229,0.1896328369,0.7637153401
-112.5000000000,77.5000000000,0.0677850635,0.2230243807,0.7091905558
-111.5000000000,77.5000000000,0.0729422505,0.2262704069,0.7007873426
-110.5000000000,77.5000000000,0.0750968059,0.2223463386,0.7025568555
-105.5000000000,77.5000000000,0.0947292123,0.2874195427,0.6178512450
-95.5000000000,77.5000000000,0.1277547941,0.4413380584,0.4309071475
-94.5000000000,77.5000000000,0.1237780491,0.4517052665,0.4245166844
-93.5000000000,77.5000000000,0.1210398836,0.4716631982,0.4072969182
-90.5000000000,77.5000000000,0.1112625324,0.5538615573,0.3348759103
-87.5000000000,77.5000000000,0.0796376239,0.6191043599,0.3012580162
-86.5000000000,77.5000000000,0.0768351987,0.6360615087,0.2871032925
-82.5000000000,77.5000000000,0.0467551718,0.7042855866,0.2489592416
-81.5000000000,77.5000000000,0.0425039506,0.6747383855,0.2827576640
-80.5000000000,77.5000000000,0.0541241025,0.6307745136,0.3151013839
-79.5000000000,77.5000000000,0.0528779802,0.5859720741,0.3611499457
-78.5000000000,77.5000000000,0.0492190649,0.5438745188,0.4069064163
-120.5000000000,76.5000000000,0.0422353084,0.1930892308,0.7646754608
-119.5000000000,76.5000000000,0.0411329801,0.1747331506,0.7841338693
-117.5000000000,76.5000000000,0.0456698744,0.1783579498,0.7759721758
-109.5000000000,76.5000000000,0.0803145420,0.2306609389,0.6890245190
-104.5000000000,76.5000000000,0.0971137186,0.3018659956,0.6010202857
-103.5000000000,76.5000000000,0.1004598537,0.3174082082,0.5821319381
-100.5000000000,76.5000000000,0.1128823317,0.3499799129,0.5371377554
-99.5000000000,76.5000000000,0.1200476111,0.3660608100,0.5138915789
-98.5000000000,76.5000000000,0.1258008654,0.3815542007,0.4926449339
-95.5000000000,76.5000000000,0.1329607866,0.4377848302,0.4292543832
-94.5000000000,76.5000000000,0.1332321132,0.4458871663,0.4208807206
-93.5000000000,76.5000000000,0.1222314210,0.4701221080,0.4076464711
-92.5000000000,76.5000000000,0.1270284361,0.4948403947,0.3781311692
-90.5000000000,76.5000000000,0.1106024185,0.5534218404,0.3359757410
-88.5000000000,76.5000000000,0.0916747304,0.5915070445,0.3168182251
-86.5000000000,76.5000000000,0.0742604335,0.6370460060,0.2886935605
-85.5000000000,76.5000000000,0.0725093086,0.6558491902,0.2716415012
-84.5000000000,76.5000000000,0.0583960496,0.6834234833,0.2581804671
-83.5000000000,76.5000000000,0.0543486693,0.6992083759,0.2464429548
-82.5000000000,76.5000000000,0.0566205715,0.6961348743,0.2472445542
-81.5000000000,76.5000000000,0.0469206689,0.6707486100,0.2823307211
-80.5000000000,76.5000000000,0.0467889959,0.6349011482,0.3183098559
-79.5000000000,76.5000000000,0.0579268633,0.5818702535,0.3602028832
-78.5000000000,76.5000000000,0.0512381516,0.5417371078,0.4070247406
-115.5000000000,75.5000000000,0.0546719729,0.1977992574,0.7475287697
-114.5000000000,75.5000000000,0.0645408736,0.2032366375,0.7322224889
-113.5000000000,75.5000000000,0.0725737051,0.2116519908,0.7157743041
-112.5000000000,75.5000000000,0.0758765295,0.2196483288,0.7044751417
-111.5000000000,75.5000000000,0.0748538741,0.2243923934,0.7007537326
-110.5000000000,75.5000000000,0.0771004466,0.2204708363,0.7024287171
-109.5000000000,75.5000000000,0.0808768111,0.2298085853,0.6893146036
-108.5000000000,75.5000000000,0.0853100720,0.2418825176,0.6728074104
-107.5000000000,75.5000000000,0.0917818631,0.2528604170,0.6553577199
-106.5000000000,75.5000000000,0.0942687058,0.2725738036,0.6331574906
-99.5000000000,75.5000000000,0.1188158731,0.3657043613,0.5154797656
-98.5000000000,75.5000000000,0.1238139478,0.3815511425,0.4946349096
-95.5000000000,75.5000000000,0.1296922060,0.4385637937,0.4317440003
-94.5000000000,75.5000000000,0.1302322540,0.4465584752,0.4232092708
-91.5000000000,75.5000000000,0.1242489275,0.5205019327,0.3552491398
-90.5000000000,75.5000000000,0.1213516912,0.5458187362,0.3328295726
-89.5000000000,75.5000000000,0.1110933843,0.5649449350,0.3239616807
-88.5000000000,75.5000000000,0.0973418782,0.5869337947,0.3157243270
-85.5000000000,75.5000000000,0.0710914221,0.6560766389,0.2728319390
-84.5000000000,75.5000000000,0.0629004328,0.6793435527,0.2577560144
-83.5000000000,75.5000000000,0.0671313097,0.6888928455,0.2439758448
-82.5000000000,75.5000000000,0.0651986907,0.6889784997,0.2458228096
-81.5000000000,75.5000000000,0.0528515267,0.6656875886,0.2814608848
-80.5000000000,75.5000000000,0.0510228510,0.6311557459,0.3178214031
-121.5000000000,74.5000000000,0.0528619933,0.2554090160,0.6917289906
-113.5000000000,74.5000000000,0.0674404105,0.2164716278,0.7160879617
-112.5000000000,74.5000000000,0.0733477778,0.2192580987,0.7073941235
-97.5000000000,74.5000000000,0.1239869703,0.3926039029,0.4834091268
-88.5000000000,74.5000000000,0.0937166614,0.5825352836,0.3237480550
-87.5000000000,74.5000000000,0.0929212174,0.5969154699,0.3101633127
-86.5000000000,74.5000000000,0.0796509096,0.6243078720,0.2960412184
-123.5000000000,73.5000000000,0.0793794070,0.4716160953,0.4490044977
-122.5000000000,73.5000000000,0.0704978251,0.3839626769,0.5455394980
-121.5000000000,73.5000000000,0.0587324524,0.2858279417,0.6554396059
-120.5000000000,73.5000000000,0.0496391350,0.2122039062,0.7381569588
-119.5000000000,73.5000000000,0.0493153112,0.2006961648,0.7499885240
-118.5000000000,73.5000000000,0.0530750369,0.2016424174,0.7452825458
-117.5000000000,73.5000000000,0.0547875518,0.2051074981,0.7401049501
-116.5000000000,73.5000000000,0.0560057513,0.2080688266,0.7359254222
-115.5000000000,73.5000000000,0.0582593997,0.2123569049,0.7293836954
-106.5000000000,73.5000000000,0.0939139338,0.2718324743,0.6342535919
-105.5000000000,73.5000000000,0.0964790214,0.2860777669,0.6174432117
-104.5000000000,73.5000000000,0.0977290186,0.3028840051,0.5993869763
-101.5000000000,73.5000000000,0.1089888697,0.3405864351,0.5504246952
-100.5000000000,73.5000000000,0.1174206594,0.3455909738,0.5369883668
-99.5000000000,73.5000000000,0.1190914392,0.3611847259,0.5197238349
-98.5000000000,73.5000000000,0.1253339610,0.3712625560,0.5034034830
-95.5000000000,73.5000000000,0.1406422170,0.4278471843,0.4315105986
-94.5000000000,73.5000000000,0.1454588261,0.4461881013,0.4083530726
-93.5000000000,73.5000000000,0.1431974111,0.4621386152,0.3946639737
-92.5000000000,73.5000000000,0.1398693767,0.4833925780,0.3767380453
-91.5000000000,73.5000000000,0.1311456766,0.5060337734,0.3628205500
-87.5000000000,73.5000000000,0.0965833942,0.5872915746,0.3161250312
-86.5000000000,73.5000000000,0.0906458880,0.6071632040,0.3021909080
-83.5000000000,73.5000000000,0.0654030256,0.6566127558,0.2779842186
-82.5000000000,73.5000000000,0.0607872012,0.6544028441,0.2848099547
-81.5000000000,73.5000000000,0.0554006943,0.6329820177,0.3116172880
-80.5000000000,73.5000000000,0.0635092873,0.5906324077,0.3458583050
-79.5000000000,73.5000000000,0.0651387062,0.5529167159,0.3819445780
-78.5000000000,73.5000000000,0.0551030762,0.5148063110,0.4300906129
-77.5000000000,73.5000000000,0.0563012298,0.4748337138,0.4688650564
-124.5000000000,72.5000000000,0.0998823220,0.5795715081,0.3205461699
-123.5000000000,72.5000000000,0.0885594074,0.5350981780,0.3763424146
-122.5000000000,72.5000000000,0.0796959628,0.4668733180,0.4534307192
-121.5000000000,72.5000000000,0.0711390898,0.3643473927,0.5645135175
-120.5000000000,72.5000000000,0.0627451871,0.2761068943,0.6611479186
-119.5000000000,72.5000000000,0.0609581592,0.2557686927,0.6832731481
-117.5000000000,72.5000000000,0.0603411038,0.2352953077,0.7043635885
-116.5000000000,72.5000000000,0.0619836172,0.2303328623,0.7076835204
-115.5000000000,72.5000000000,0.0625061111,0.2280784807,0.7094154082
-114.5000000000,72.5000000000,0.0625959014,0.2265468423,0.7108572564
-113.5000000000,72.5000000000,0.0696957806,0.2221007607,0.7082034586
-112.5000000000,72.5000000000,0.0763232201,0.2147772172,0.7088995628
-111.5000000000,72.5000000000,0.0767702686,0.2132726344,0.7099570970
-109.5000000000,72.5000000000,0.0927947878,0.2295115592,0.6776936530
-107.5000000000,72.5000000000,0.0957835415,0.2610830661,0.6431333924
-106.5000000000,72.5000000000,0.0970843595,0.2774215250,0.6254941155
-105.5000000000,72.5000000000,0.0962022974,0.2949219985,0.6088757042
-101.5000000000,72.5000000000,0.1101442632,0.3390407092,0.5508150277
-100.5000000000,72.5000000000,0.1139067671,0.3482096376,0.5378835953
-99.5000000000,72.5000000000,0.1184042005,0.3568274965,0.5247683030
-98.5000000000,72.5000000000,0.1224012914,0.3704656598,0.5071330487
-97.5000000000,72.5000000000,0.1286274405,0.3863293703,0.4850431893
-96.5000000000,72.5000000000,0.1384103217,0.4057595648,0.4558301136
-94.5000000000,72.5000000000,0.1490149600,0.4418946907,0.4090903493
-93.5000000000,72.5000000000,0.1373450247,0.4612305844,0.4014243909
-89.5000000000,72.5000000000,0.1188454350,0.5365579949,0.3445965701
-88.5000000000,72.5000000000,0.1097636155,0.5570996913,0.3331366932
-87.5000000000,72.5000000000,0.1051058152,0.5750548461,0.3198393387
-86.5000000000,72.5000000000,0.0938350082,0.5919365186,0.3142284731
-85.5000000000,72.5000000000,0.0838250300,0.6095196498,0.3066553202
-84.5000000000,72.5000000000,0.0813868083,0.6215911156,0.2970220762
-83.5000000000,72.5000000000,0.0742067581,0.6261969282,0.2995963137
-82.5000000000,72.5000000000,0.0743448251,0.6184848844,0.3071702905
-81.5000000000,72.5000000000,0.0675639440,0.5989437928,0.3334922632
-80.5000000000,72.5000000000,0.0577548265,0.5652123716,0.3770328019
-78.5000000000,72.5000000000,0.0546727541,0.4951758939,0.4501513520
-77.5000000000,72.5000000000,0.0601532860,0.4533931902,0.4864535238
-76.5000000000,72.5000000000,0.0608318500,0.4171064779,0.5220616721
-75.5000000000,72.5000000000,0.0496699129,0.3783086219,0.5720214652
-123.5000000000,71.5000000000,0.1063875830,0.5915742508,0.3020381661
-122.5000000000,71.5000000000,0.0962065203,0.5534567542,0.3503367254
-121.5000000000,71.5000000000,0.0843622936,0.4616432004,0.4539945060
-117.5000000000,71.5000000000,0.0675418926,0.2729235673,0.6595345401
-116.5000000000,71.5000000000,0.0665305944,0.2541708944,0.6792985112
-114.5000000000,71.5000000000,0.0697300539,0.2335098214,0.6967601247
-113.5000000000,71.5000000000,0.0797119781,0.2235729199,0.6967151019
-112.5000000000,71.5000000000,0.0807926894,0.2130997800,0.7061075306
-111.5000000000,71.5000000000,0.0857127733,0.2074668398,0.7068203869
-110.5000000000,71.5000000000,0.0941250645,0.2165143319,0.6893606036
-109.5000000000,71.5000000000,0.0962663716,0.2307469608,0.6729866677
-108.5000000000,71.5000000000,0.0949648599,0.2522011415,0.6528339986
-107.5000000000,71.5000000000,0.0972152945,0.2656840375,0.6371006680
-106.5000000000,71.5000000000,0.0983056607,0.2838894310,0.6178049083
-105.5000000000,71.5000000000,0.0998084030,0.3023582595,0.5978333375
-104.5000000000,71.5000000000,0.0987136490,0.3138523024,0.5874340486
-98.5000000000,71.5000000000,0.1214358745,0.3684070751,0.5101570504
-95.5000000000,71.5000000000,0.1484938579,0.4245276607,0.4269784814
-94.5000000000,71.5000000000,0.1520285313,0.4391750305,0.4087964382
-93.5000000000,71.5000000000,0.1442391315,0.4540444106,0.4017164580
-89.5000000000,71.5000000000,0.1294393593,0.5192421680,0.3513184726
-88.5000000000,71.5000000000,0.1238421012,0.5371220514,0.3390358474
-87.5000000000,71.5000000000,0.1121145408,0.5569467260,0.3309387332
-86.5000000000,71.5000000000,0.1036342327,0.5717277930,0.3246379744
-85.5000000000,71.5000000000,0.0920688529,0.5826693866,0.3252617605
-84.5000000000,71.5000000000,0.0856395240,0.5911421935,0.3232182825
-83.5000000000,71.5000000000,0.0797966810,0.5928228672,0.3273804518
-82.5000000000,71.5000000000,0.0784784739,0.5815933662,0.3399281599
-81.5000000000,71.5000000000,0.0745871026,0.5654520348,0.3599608626
-80.5000000000,71.5000000000,0.0711837212,0.5350194049,0.3937968739
-79.5000000000,71.5000000000,0.0745843623,0.4989832927,0.4264323450
-78.5000000000,71.5000000000,0.0701271467,0.4691119999,0.4607608533
-77.5000000000,71.5000000000,0.0688006391,0.4341948086,0.4970045522
-76.5000000000,71.5000000000,0.0629767276,0.3973601162,0.5396631562
-75.5000000000,71.5000000000,0.0550909452,0.3634633291,0.5814457257
-74.5000000000,71.5000000000,0.0582421697,0.3267795097,0.6149783207
-72.5000000000,71.5000000000,0.0411404336,0.2689316292,0.6899279372
-158.5000000000,70.5000000000,0.0465099942,0.1425286324,0.8109613734
-157.5000000000,70.5000000000,0.0423288908,0.1334193458,0.8242517634
-156.5000000000,70.5000000000,0.0405438366,0.1418825415,0.8175736219
-155.5000000000,70.5000000000,0.0406023493,0.1571079765,0.8022896742
-154.5000000000,70.5000000000,0.0464676178,0.1937639544,0.7597684277
-153.5000000000,70.5000000000,0.0518841774,0.2272766626,0.7208391599
-152.5000000000,70.5000000000,0.0546797672,0.2497361020,0.6955841308
-149.5000000000,70.5000000000,0.0496979199,0.2533757282,0.6969263519
-111.5000000000,70.5000000000,0.0875864404,0.2053813881,0.7070321715
-110.5000000000,70.5000000000,0.0978648223,0.2191566977,0.6829784800
-109.5000000000,70.5000000000,0.1022622381,0.2399836944,0.6577540675
-108.5000000000,70.5000000000,0.1043903437,0.2573748925,0.6382347638
-107.5000000000,70.5000000000,0.1056402727,0.2758302889,0.6185294384
-106.5000000000,70.5000000000,0.1037156201,0.2864940729,0.6097903069
-105.5000000000,70.5000000000,0.1004668298,0.3032683674,0.5962648028
-104.5000000000,70.5000000000,0.1001024305,0.3163023789,0.5835951907
-103.5000000000,70.5000000000,0.0991453571,0.3233861451,0.5774684978
-95.5000000000,70.5000000000,0.1558010632,0.4153697501,0.4288291867
-94.5000000000,70.5000000000,0.1621831661,0.4301706947,0.4076461392
-93.5000000000,70.5000000000,0.1680264866,0.4357780667,0.3961954467
-92.5000000000,70.5000000000,0.1523187186,0.4586550397,0.3890262416
-88.5000000000,70.5000000000,0.1287131177,0.5236492787,0.3476376036
-87.5000000000,70.5000000000,0.1228340329,0.5386287636,0.3385372035
-86.5000000000,70.5000000000,0.1189163771,0.5490483699,0.3320352529
-85.5000000000,70.5000000000,0.1122340686,0.5538247627,0.3339411688
-84.5000000000,70.5000000000,0.1003086006,0.5568137008,0.3428776986
-83.5000000000,70.5000000000,0.0928353482,0.5563573138,0.3508073381
-82.5000000000,70.5000000000,0.0869514075,0.5484549719,0.3645936206
-81.5000000000,70.5000000000,0.0791645158,0.5324145441,0.3884209400
-80.5000000000,70.5000000000,0.0748793982,0.5084674532,0.4166531486
-79.5000000000,70.5000000000,0.0681547212,0.4835659642,0.4482793146
-78.5000000000,70.5000000000,0.0693198276,0.4500794653,0.4806007071
-77.5000000000,70.5000000000,0.0672594234,0.4166935175,0.5160470591
-76.5000000000,70.5000000000,0.0635527763,0.3766277941,0.5598194296
-75.5000000000,70.5000000000,0.0601800138,0.3433186436,0.5965013425
-74.5000000000,70.5000000000,0.0567782984,0.3132212956,0.6300004061
-73.5000000000,70.5000000000,0.0514627462,0.2849462689,0.6635909849
-72.5000000000,70.5000000000,0.0490294313,0.2604277475,0.6905428212
-71.5000000000,70.5000000000,0.0529307770,0.2309813792,0.7160878438
-70.5000000000,70.5000000000,0.0338392448,0.2050719782,0.7610887771
-69.5000000000,70.5000000000,0.0292992999,0.1835108519,0.7871898482
-68.5000000000,70.5000000000,0.0262875726,0.1713136887,0.8023987387
-162.5000000000,69.5000000000,0.0606851172,0.1866711975,0.7526436853
-161.5000000000,69.5000000000,0.0619510334,0.1867073483,0.7513416183
-160.5000000000,69.5000000000,0.0641141298,0.1899530115,0.7459328587
-159.5000000000,69.5000000000,0.0623578292,0.1883696609,0.7492725099
-158.5000000000,69.5000000000,0.0606047946,0.1852713761,0.7541238294
-157.5000000000,69.5000000000,0.0578240875,0.1889605469,0.7532153655
-156.5000000000,69.5000000000,0.0549551000,0.1974448422,0.7476000578
-155.5000000000,69.5000000000,0.0561824975,0.2127205650,0.7310969375
-154.5000000000,69.5000000000,0.0669662336,0.2716330901,0.6614006763
-153.5000000000,69.5000000000,0.0768772722,0.3172082900,0.6059144378
-152.5000000000,69.5000000000,0.0817333885,0.3427499436,0.5755166679
-151.5000000000,69.5000000000,0.0744158491,0.3405700503,0.5850141007
-150.5000000000,69.5000000000,0.0652474224,0.3145650867,0.6201874909
-149.5000000000,69.5000000000,0.0618982102,0.2944608364,0.6436409534
-148.5000000000,69.5000000000,0.0721032954,0.3208987362,0.6069979684
-147.5000000000,69.5000000000,0.0936229170,0.3545203682,0.5518567148
-146.5000000000,69.5000000000,0.1222345365,0.3851547641,0.4926106994
-145.5000000000,69.5000000000,0.1655401468,0.4072567131,0.4272031401
-144.5000000000,69.5000000000,0.1562510571,0.4375477867,0.4062011562
-143.5000000000,69.5000000000,0.1543610742,0.4564294649,0.3892094609
-142.5000000000,69.5000000000,0.1571251030,0.4536979929,0.3891769040
-141.5000000000,69.5000000000,0.1311606893,0.4481705826,0.4206687281
-140.5000000000,69.5000000000,0.1161732897,0.4353898411,0.4484368692
-139.5000000000,69.5000000000,0.0978563594,0.4292819807,0.4728616599
-132.5000000000,69.5000000000,0.1963016894,0.6310453691,0.1726529414
-131.5000000000,69.5000000000,0.1975757604,0.6261936832,0.1762305564
-130.5000000000,69.5000000000,0.1967756347,0.6251019018,0.1781224635
-129.5000000000,69.5000000000,0.1957432797,0.6235951361,0.1806615842
-128.5000000000,69.5000000000,0.1912672162,0.6298482456,0.1788845382
-127.5000000000,69.5000000000,0.1926412397,0.6263366677,0.1810220926
-126.5000000000,69.5000000000,0.1892377875,0.6270821902,0.1836800223
-125.5000000000,69.5000000000,0.1651967645,0.6373690722,0.1974341633
-124.5000000000,69.5000000000,0.1537725767,0.6366918967,0.2095355266
-122.5000000000,69.5000000000,0.1408796525,0.5909947448,0.2681256027
-121.5000000000,69.5000000000,0.1356092541,0.5425307218,0.3218600240
-116.5000000000,69.5000000000,0.0821155156,0.3295972830,0.5882872014
-115.5000000000,69.5000000000,0.0796982802,0.2943076941,0.6259940257
-114.5000000000,69.5000000000,0.0847336962,0.2648316278,0.6504346760
-113.5000000000,69.5000000000,0.0934900276,0.2372292185,0.6692807539
-112.5000000000,69.5000000000,0.1018296587,0.2095262458,0.6886440956
-111.5000000000,69.5000000000,0.1058923817,0.2153910063,0.6787166121
-110.5000000000,69.5000000000,0.1135687821,0.2361893145,0.6502419034
-109.5000000000,69.5000000000,0.1158654864,0.2547290610,0.6294054526
-108.5000000000,69.5000000000,0.1137071768,0.2700599270,0.6162328962
-107.5000000000,69.5000000000,0.1121944075,0.2885095911,0.5992960014
-106.5000000000,69.5000000000,0.1044615682,0.2993313672,0.5962070646
-105.5000000000,69.5000000000,0.1014388603,0.3069150370,0.5916461027
-104.5000000000,69.5000000000,0.0990600455,0.3184698653,0.5824700891
-103.5000000000,69.5000000000,0.0995346397,0.3246226223,0.5758427381
-97.5000000000,69.5000000000,0.1389097387,0.3736831773,0.4874070839
-96.5000000000,69.5000000000,0.1479514197,0.3922960732,0.4597525070
-95.5000000000,69.5000000000,0.1562416915,0.4108168994,0.4329414090
-92.5000000000,69.5000000000,0.1654608105,0.4533837797,0.3811554099
-91.5000000000,69.5000000000,0.1582187392,0.4674294292,0.3743518316
-90.5000000000,69.5000000000,0.1558535486,0.4824870319,0.3616594195
-85.5000000000,69.5000000000,0.1185509521,0.5338217926,0.3476272553
-84.5000000000,69.5000000000,0.1187110837,0.5248353728,0.3564535435
-83.5000000000,69.5000000000,0.1048213202,0.5253731633,0.3698055165
-82.5000000000,69.5000000000,0.0934936051,0.5196407085,0.3868656863
-76.5000000000,69.5000000000,0.0595655108,0.3588910960,0.5815433932
-75.5000000000,69.5000000000,0.0565765967,0.3318284326,0.6115949707
-74.5000000000,69.5000000000,0.0565078556,0.3039026861,0.6395894583
-73.5000000000,69.5000000000,0.0530573098,0.2772741684,0.6696685218
-72.5000000000,69.5000000000,0.0485388542,0.2557309826,0.6957301633
-71.5000000000,69.5000000000,0.0431247412,0.2266693027,0.7302059560
-70.5000000000,69.5000000000,0.0342175510,0.2059661488,0.7598163002
-69.5000000000,69.5000000000,0.0361950007,0.1848534180,0.7789515813
-68.5000000000,69.5000000000,0.0354204600,0.1737796124,0.7907999276
-165.5000000000,68.5000000000,0.0611300072,0.1888206194,0.7500493735
-164.5000000000,68.5000000000,0.0630607106,0.1910351104,0.7459041789
-163.5000000000,68.5000000000,0.0719358169,0.1958833639,0.7321808192
-162.5000000000,68.5000000000,0.0793398355,0.2007877750,0.7198723896
-161.5000000000,68.5000000000,0.0787695202,0.2087041194,0.7125263604
-160.5000000000,68.5000000000,0.0882965533,0.2203513198,0.6913521268
-159.5000000000,68.5000000000,0.0863634958,0.2316248691,0.6820116350
-158.5000000000,68.5000000000,0.0916797224,0.2460279703,0.6622923074
-157.5000000000,68.5000000000,0.0945778129,0.2658409978,0.6395811893
-156.5000000000,68.5000000000,0.0888300380,0.3034328447,0.6077371173
-155.5000000000,68.5000000000,0.0970778871,0.3274549004,0.5754672125
-154.5000000000,68.5000000000,0.1178040755,0.3960359284,0.4861599960
-153.5000000000,68.5000000000,0.1320731250,0.4390140748,0.4289128002
-152.5000000000,68.5000000000,0.1384151879,0.4531999742,0.4083848379
-151.5000000000,68.5000000000,0.1317580650,0.4407050752,0.4275368598
-150.5000000000,68.5000000000,0.1148461932,0.3987799583,0.4863738485
-149.5000000000,68.5000000000,0.0936064121,0.3576324755,0.5487611124
-148.5000000000,68.5000000000,0.1314328381,0.3838731945,0.4846939674
-147.5000000000,68.5000000000,0.1752365034,0.4077459023,0.4170175943
-146.5000000000,68.5000000000,0.1846802424,0.4356485592,0.3796711983
-145.5000000000,68.5000000000,0.2117475129,0.4595939379,0.3286585492
-144.5000000000,68.5000000000,0.2242025982,0.4713924229,0.3044049789
-143.5000000000,68.5000000000,0.2275262482,0.4702679348,0.3022058169
-142.5000000000,68.5000000000,0.1938107914,0.4777976430,0.3283915655
-141.5000000000,68.5000000000,0.1669266194,0.4593637859,0.3737095947
-140.5000000000,68.5000000000,0.1372703942,0.4341816776,0.4285479283
-139.5000000000,68.5000000000,0.1211738313,0.4044330496,0.4743931191
-138.5000000000,68.5000000000,0.1180027888,0.4065254300,0.4754717813
-137.5000000000,68.5000000000,0.1291006529,0.4685489318,0.4023504153
-136.5000000000,68.5000000000,0.1434191530,0.5445455232,0.3120353238
-135.5000000000,68.5000000000,0.1596588976,0.6044130630,0.2359280394
-134.5000000000,68.5000000000,0.1845311265,0.6281691618,0.1872997117
-133.5000000000,68.5000000000,0.2090231510,0.6314428906,0.1595339584
-132.5000000000,68.5000000000,0.2244020791,0.6184033888,0.1571945320
-131.5000000000,68.5000000000,0.2298418016,0.6070596496,0.1630985488
-130.5000000000,68.5000000000,0.2227013423,0.6091236494,0.1681750083
-129.5000000000,68.5000000000,0.2250311750,0.6084337642,0.1665350608
-128.5000000000,68.5000000000,0.2235566943,0.6130668576,0.1633764481
-127.5000000000,68.5000000000,0.2214474169,0.6124967531,0.1660558300
-126.5000000000,68.5000000000,0.2132729923,0.6153671870,0.1713598207
-125.5000000000,68.5000000000,0.2072543045,0.6141076352,0.1786380603
-124.5000000000,68.5000000000,0.1966966361,0.6138988744,0.1894044894
-123.5000000000,68.5000000000,0.1849630732,0.6047987852,0.2102381416
-122.5000000000,68.5000000000,0.1740815374,0.5854805216,0.2404379410
-121.5000000000,68.5000000000,0.1754995001,0.5464129344,0.2780875654
-120.5000000000,68.5000000000,0.1636906833,0.5154183843,0.3208909323
-119.5000000000,68.5000000000,0.1535625812,0.4797704668,0.3666669520
-118.5000000000,68.5000000000,0.1327097746,0.4475640818,0.4197261436
-117.5000000000,68.5000000000,0.1165747133,0.4128816485,0.4705436382
-116.5000000000,68.5000000000,0.1014259286,0.3779733200,0.5206007514
-115.5000000000,68.5000000000,0.0930859522,0.3432544010,0.5636596467
-114.5000000000,68.5000000000,0.0999184161,0.3120179743,0.5880636096
-112.5000000000,68.5000000000,0.1186420829,0.2563257048,0.6250322123
-107.5000000000,68.5000000000,0.1251473003,0.3097421856,0.5651105141
-105.5000000000,68.5000000000,0.1059048021,0.3153602402,0.5787349576
-104.5000000000,68.5000000000,0.1016125833,0.3217646827,0.5766227341
-97.5000000000,68.5000000000,0.1465513347,0.3659401111,0.4875085542
-96.5000000000,68.5000000000,0.1590631583,0.3817566365,0.4591802052
-93.5000000000,68.5000000000,0.1757475453,0.4327361622,0.3915162925
-92.5000000000,68.5000000000,0.1803878459,0.4442963015,0.3753158526
-91.5000000000,68.5000000000,0.1849485869,0.4520671380,0.3629842752
-89.5000000000,68.5000000000,0.1672436865,0.4835133649,0.3492429486
-88.5000000000,68.5000000000,0.1615105433,0.4876921352,0.3507973215
-85.5000000000,68.5000000000,0.1407468283,0.5001619138,0.3590912578
-84.5000000000,68.5000000000,0.1339070225,0.5025196966,0.3635732809
-83.5000000000,68.5000000000,0.1225109424,0.4982735827,0.3792154749
-73.5000000000,68.5000000000,0.0510100894,0.2734783241,0.6755115866
-72.5000000000,68.5000000000,0.0489641255,0.2506979370,0.7003379375
-71.5000000000,68.5000000000,0.0440946565,0.2270031538,0.7289021897
-70.5000000000,68.5000000000,0.0406590842,0.2087887702,0.7505521456
-69.5000000000,68.5000000000,0.0383550616,0.1897406134,0.7719043250
-68.5000000000,68.5000000000,0.0320810570,0.1785682606,0.7893506823
-163.5000000000,67.5000000000,0.0643630888,0.2095421469,0.7260947643
-162.5000000000,67.5000000000,0.0667101876,0.2205553042,0.7127345081
-161.5000000000,67.5000000000,0.0820197354,0.2341190335,0.6838612312
-160.5000000000,67.5000000000,0.0862000247,0.2568009772,0.6569989981
-159.5000000000,67.5000000000,0.0947697895,0.2812159265,0.6240142840
-158.5000000000,67.5000000000,0.1077148619,0.3180659127,0.5742192254
-157.5000000000,67.5000000000,0.1213281718,0.3590562308,0.5196155973
-156.5000000000,67.5000000000,0.1429453341,0.4013987324,0.4556559335
-155.5000000000,67.5000000000,0.1671018410,0.4307952874,0.4021028716
-154.5000000000,67.5000000000,0.2044710594,0.4889278191,0.3066011215
-153.5000000000,67.5000000000,0.1991117440,0.5342640205,0.2666242355
-152.5000000000,67.5000000000,0.2165270799,0.5284523351,0.2550205850
-151.5000000000,67.5000000000,0.2026767472,0.5283053717,0.2690178810
-150.5000000000,67.5000000000,0.1738341124,0.5078535705,0.3183123171
-149.5000000000,67.5000000000,0.1589375118,0.4872313085,0.3538311797
-148.5000000000,67.5000000000,0.1647474634,0.5099968405,0.3252556961
-147.5000000000,67.5000000000,0.1991962198,0.5235937926,0.2772099877
-146.5000000000,67.5000000000,0.1999430860,0.5403581512,0.2596987628
-145.5000000000,67.5000000000,0.2158137843,0.5456183772,0.2385678385
-144.5000000000,67.5000000000,0.2237425096,0.5373188667,0.2389386237
-143.5000000000,67.5000000000,0.2269735716,0.5202001084,0.2528263200
-142.5000000000,67.5000000000,0.2128629911,0.5118877230,0.2752492859
-141.5000000000,67.5000000000,0.1804753859,0.4689804532,0.3505441609
-140.5000000000,67.5000000000,0.1471825515,0.4204365490,0.4323808995
-139.5000000000,67.5000000000,0.1304355394,0.3989292986,0.4706351620
-138.5000000000,67.5000000000,0.1279654129,0.4237974663,0.4482371208
-137.5000000000,67.5000000000,0.1489107130,0.4796759693,0.3714133177
-136.5000000000,67.5000000000,0.1875644929,0.5383945574,0.2740409498
-135.5000000000,67.5000000000,0.1858137725,0.6075670741,0.2066191533
-134.5000000000,67.5000000000,0.1963372941,0.6246614092,0.1790012967
-133.5000000000,67.5000000000,0.2247340170,0.6141041132,0.1611618698
-132.5000000000,67.5000000000,0.2452795533,0.5944789366,0.1602415100
-131.5000000000,67.5000000000,0.2385509222,0.5991460391,0.1623030387
-130.5000000000,67.5000000000,0.2468018163,0.5910270641,0.1621711196
-129.5000000000,67.5000000000,0.2467216625,0.5898125151,0.1634658224
-128.5000000000,67.5000000000,0.2534420346,0.5884219746,0.1581359908
-127.5000000000,67.5000000000,0.2571446720,0.5901036482,0.1527516798
-126.5000000000,67.5000000000,0.2572291420,0.5886372493,0.1541336087
-125.5000000000,67.5000000000,0.2473205220,0.5902042891,0.1624751889
-124.5000000000,67.5000000000,0.2339333450,0.5910962664,0.1749703886
-123.5000000000,67.5000000000,0.2200453167,0.5896833490,0.1902713342
-122.5000000000,67.5000000000,0.2099391173,0.5761120071,0.2139488756
-121.5000000000,67.5000000000,0.2050600621,0.5538575983,0.2410823395
-120.5000000000,67.5000000000,0.1931395539,0.5344666015,0.2723938446
-119.5000000000,67.5000000000,0.1831035999,0.5128082460,0.3040881541
-118.5000000000,67.5000000000,0.1744512314,0.4800279370,0.3455208317
-117.5000000000,67.5000000000,0.1510773423,0.4572645120,0.3916581457
-116.5000000000,67.5000000000,0.1359503602,0.4284044710,0.4356451688
-115.5000000000,67.5000000000,0.1226090238,0.4059258007,0.4714651755
-114.5000000000,67.5000000000,0.1421516717,0.3691313840,0.4887169443
-113.5000000000,67.5000000000,0.1607854870,0.3393911637,0.4998233493
-112.5000000000,67.5000000000,0.1736732146,0.3184737396,0.5078530459
-111.5000000000,67.5000000000,0.1802971526,0.3188708975,0.5008319500
-110.5000000000,67.5000000000,0.1795160638,0.3206086194,0.4998753169
-109.5000000000,67.5000000000,0.1691168763,0.3227617107,0.5081214130
-107.5000000000,67.5000000000,0.1447165440,0.3332663898,0.5220170662
-106.5000000000,67.5000000000,0.1287923496,0.3330885966,0.5381190538
-105.5000000000,67.5000000000,0.1154650750,0.3289414521,0.5555934729
-104.5000000000,67.5000000000,0.1069201643,0.3262804770,0.5667993586
-103.5000000000,67.5000000000,0.1049828449,0.3178563595,0.5771607956
-102.5000000000,67.5000000000,0.1065688558,0.3147017924,0.5787293518
-101.5000000000,67.5000000000,0.1122636762,0.3159951776,0.5717411462
-100.5000000000,67.5000000000,0.1217444187,0.3184602533,0.5597953280
-99.5000000000,67.5000000000,0.1323357173,0.3226508215,0.5450134612
-98.5000000000,67.5000000000,0.1438831003,0.3370931498,0.5190237499
-97.5000000000,67.5000000000,0.1567276672,0.3560944506,0.4871778822
-96.5000000000,67.5000000000,0.1695179704,0.3736292738,0.4568527558
-94.5000000000,67.5000000000,0.1987515134,0.3969835008,0.4042649858
-93.5000000000,67.5000000000,0.2016248255,0.4169707025,0.3814044720
-92.5000000000,67.5000000000,0.2097673855,0.4262132680,0.3640193466
-91.5000000000,67.5000000000,0.1981980848,0.4382715831,0.3635303321
-90.5000000000,67.5000000000,0.2041355748,0.4458903356,0.3499740896
-89.5000000000,67.5000000000,0.1946951993,0.4568800049,0.3484247958
-88.5000000000,67.5000000000,0.1907319006,0.4636104752,0.3456576242
-85.5000000000,67.5000000000,0.1633575029,0.4774527333,0.3591897638
-84.5000000000,67.5000000000,0.1527861240,0.4814139094,0.3657999666
-83.5000000000,67.5000000000,0.1399805189,0.4752116552,0.3848078259
-82.5000000000,67.5000000000,0.1292518606,0.4676850924,0.4030630470
-81.5000000000,67.5000000000,0.1130134640,0.4533846757,0.4336018603
-76.5000000000,67.5000000000,0.0702090797,0.3296756931,0.6001152272
-75.5000000000,67.5000000000,0.0630011062,0.3062966281,0.6307022657
-71.5000000000,67.5000000000,0.0451314038,0.2262600565,0.7286085398
-70.5000000000,67.5000000000,0.0425004661,0.2105302580,0.7469692759
-69.5000000000,67.5000000000,0.0421510070,0.1957992056,0.7620497874
-68.5000000000,67.5000000000,0.0421971052,0.1836462116,0.7741566832
-67.5000000000,67.5000000000,0.0470894069,0.1781542938,0.7747562993
-66.5000000000,67.5000000000,0.0571925403,0.1767025150,0.7661049447
-65.5000000000,67.5000000000,0.0606255908,0.1896399690,0.7497344402
-64.5000000000,67.5000000000,0.0564017752,0.2043583874,0.7392398374
-164.5000000000,66.5000000000,0.0590423139,0.2107041461,0.7302535400
-160.5000000000,66.5000000000,0.0837828653,0.2964862614,0.6197308732
-159.5000000000,66.5000000000,0.0960118567,0.3342858355,0.5697023078
-158.5000000000,66.5000000000,0.1118781753,0.3853558248,0.5027659999
-157.5000000000,66.5000000000,0.1356847340,0.4458252072,0.4184900587
-156.5000000000,66.5000000000,0.1672807655,0.5022102494,0.3305089851
-155.5000000000,66.5000000000,0.1796076955,0.5511792191,0.2692130854
-154.5000000000,66.5000000000,0.2099231395,0.5663267528,0.2237501077
-153.5000000000,66.5000000000,0.2247264544,0.5759662269,0.1993073188
-152.5000000000,66.5000000000,0.2388035892,0.5664390513,0.1947573595
-151.5000000000,66.5000000000,0.2453273105,0.5542718221,0.2004008674
-150.5000000000,66.5000000000,0.2461190013,0.5379799049,0.2159010938
-149.5000000000,66.5000000000,0.2232561739,0.5554741999,0.2212696262
-148.5000000000,66.5000000000,0.2030621501,0.5913152751,0.2056225748
-147.5000000000,66.5000000000,0.2079235425,0.6238617223,0.1682147352
-146.5000000000,66.5000000000,0.2016346808,0.6170730877,0.1812922315
-145.5000000000,66.5000000000,0.2086629128,0.6145138394,0.1768232478
-144.5000000000,66.5000000000,0.2286201920,0.5777652382,0.1936145698
-143.5000000000,66.5000000000,0.2489840281,0.5340826183,0.2169333536
-142.5000000000,66.5000000000,0.2365579440,0.5175253789,0.2459166771
-141.5000000000,66.5000000000,0.2184456856,0.4767650177,0.3047892967
-140.5000000000,66.5000000000,0.1897554549,0.4369047474,0.3733397977
-139.5000000000,66.5000000000,0.1672609268,0.4272782135,0.4054608597
-138.5000000000,66.5000000000,0.1534603468,0.4541515674,0.3923880858
-137.5000000000,66.5000000000,0.1657964070,0.5013923965,0.3328111964
-136.5000000000,66.5000000000,0.1946311213,0.5525922033,0.2527766754
-135.5000000000,66.5000000000,0.2114985353,0.6003950375,0.1881064272
-134.5000000000,66.5000000000,0.2320516538,0.5992223653,0.1687259809
-133.5000000000,66.5000000000,0.2345575480,0.6017722348,0.1636702172
-132.5000000000,66.5000000000,0.2520396870,0.5887678079,0.1591925051
-131.5000000000,66.5000000000,0.2565277921,0.5787368909,0.1647353170
-130.5000000000,66.5000000000,0.2567720255,0.5790860655,0.1641419090
-129.5000000000,66.5000000000,0.2618472657,0.5726809701,0.1654717641
-128.5000000000,66.5000000000,0.2714049821,0.5680606957,0.1605343222
-127.5000000000,66.5000000000,0.2814017548,0.5694010613,0.1491971840
-126.5000000000,66.5000000000,0.2955543304,0.5618667427,0.1425789269
-125.5000000000,66.5000000000,0.2972742123,0.5550837032,0.1476420845
-124.5000000000,66.5000000000,0.2786927665,0.5585679073,0.1627393262
-123.5000000000,66.5000000000,0.2605952620,0.5610522936,0.1783524444
-122.5000000000,66.5000000000,0.2397926029,0.5615404211,0.1986669760
-121.5000000000,66.5000000000,0.2288993749,0.5579967140,0.2131039111
-120.5000000000,66.5000000000,0.2224709509,0.5440126432,0.2335164060
-119.5000000000,66.5000000000,0.2289006044,0.5245830014,0.2465163943
-118.5000000000,66.5000000000,0.2243500778,0.5044788100,0.2711711121
-117.5000000000,66.5000000000,0.2047051500,0.4896024358,0.3056924143
-116.5000000000,66.5000000000,0.2036536512,0.4699379344,0.3264084144
-115.5000000000,66.5000000000,0.2031829423,0.4446694356,0.3521476220
-114.5000000000,66.5000000000,0.2137763074,0.4150381690,0.3711855236
-113.5000000000,66.5000000000,0.2286525494,0.3892813329,0.3820661176
-112.5000000000,66.5000000000,0.2394369816,0.3688633690,0.3916996494
-111.5000000000,66.5000000000,0.2437503311,0.3649054915,0.3913441774
-110.5000000000,66.5000000000,0.2351765916,0.3673499622,0.3974734462
-109.5000000000,66.5000000000,0.2167491037,0.3656667096,0.4175841867
-108.5000000000,66.5000000000,0.2044866619,0.3608367462,0.4346765918
-107.5000000000,66.5000000000,0.1635456859,0.3636766388,0.4727776753
-106.5000000000,66.5000000000,0.1511750886,0.3514748498,0.4973500616
-105.5000000000,66.5000000000,0.1312899925,0.3405665379,0.5281434697
-104.5000000000,66.5000000000,0.1171801945,0.3301633400,0.5526564655
-103.5000000000,66.5000000000,0.1154857218,0.3140553176,0.5704589606
-102.5000000000,66.5000000000,0.1156735431,0.3008481821,0.5834782747
-101.5000000000,66.5000000000,0.1223081868,0.2981779293,0.5795138839
-100.5000000000,66.5000000000,0.1344162239,0.3031752652,0.5624085109
-99.5000000000,66.5000000000,0.1464527100,0.3127014389,0.5408458512
-98.5000000000,66.5000000000,0.1630804892,0.3256697014,0.5112498093
-97.5000000000,66.5000000000,0.1787204319,0.3447429120,0.4765366561
-96.5000000000,66.5000000000,0.1919361291,0.3635127149,0.4445511560
-95.5000000000,66.5000000000,0.2047646563,0.3780296595,0.4172056841
-94.5000000000,66.5000000000,0.2260029352,0.3831619232,0.3908351415
-93.5000000000,66.5000000000,0.2330289894,0.3998571931,0.3671138175
-92.5000000000,66.5000000000,0.2320115415,0.4126155929,0.3553728655
-91.5000000000,66.5000000000,0.2243288554,0.4213006981,0.3543704466
-90.5000000000,66.5000000000,0.2320811892,0.4236609089,0.3442579019
-89.5000000000,66.5000000000,0.2165102186,0.4367413124,0.3467484690
-88.5000000000,66.5000000000,0.2118823302,0.4426064279,0.3455112419
-87.5000000000,66.5000000000,0.1954073544,0.4517528356,0.3528398099
-84.5000000000,66.5000000000,0.1648841686,0.4602571936,0.3748586379
-83.5000000000,66.5000000000,0.1526715788,0.4584712093,0.3888572120
-73.5000000000,66.5000000000,0.0575527349,0.2610774272,0.6813698379
-72.5000000000,66.5000000000,0.0535192969,0.2434625161,0.7030181870
-71.5000000000,66.5000000000,0.0502027546,0.2273212839,0.7224759615
-70.5000000000,66.5000000000,0.0473970067,0.2165988988,0.7360040945
-69.5000000000,66.5000000000,0.0450204971,0.2065608789,0.7484186240
-68.5000000000,66.5000000000,0.0444840365,0.1941124097,0.7614035538
-67.5000000000,66.5000000000,0.0436248653,0.1870782265,0.7692969083
-66.5000000000,66.5000000000,0.0492571723,0.1853800598,0.7653627679
-65.5000000000,66.5000000000,0.0498904282,0.1955987933,0.7545107785
-64.5000000000,66.5000000000,0.0753972877,0.2070250675,0.7175776447
-63.5000000000,66.5000000000,0.0862275020,0.2283433394,0.6854291586
-62.5000000000,66.5000000000,0.0995996149,0.2460880559,0.6543123292
-167.5000000000,65.5000000000,0.0493337361,0.1743401568,0.7763261071
-166.5000000000,65.5000000000,0.0532203548,0.1898453616,0.7569342836
-165.5000000000,65.5000000000,0.0603625535,0.2029052664,0.7367321801
-164.5000000000,65.5000000000,0.0648997053,0.2192458629,0.7158544318
-163.5000000000,65.5000000000,0.0710143540,0.2400001624,0.6889854835
-162.5000000000,65.5000000000,0.0731363091,0.2536730425,0.6731906484
-161.5000000000,65.5000000000,0.0862859738,0.2788785043,0.6348355219
-160.5000000000,65.5000000000,0.0945453615,0.3139951962,0.5914594423
-159.5000000000,65.5000000000,0.1076791546,0.3599712982,0.5323495473
-158.5000000000,65.5000000000,0.1273448037,0.4191554984,0.4534996979
-157.5000000000,65.5000000000,0.1429014054,0.4943111011,0.3627874935
-156.5000000000,65.5000000000,0.1690267626,0.5468764003,0.2840968371
-155.5000000000,65.5000000000,0.2041378169,0.5731057888,0.2227563943
-154.5000000000,65.5000000000,0.2449564826,0.5707517285,0.1842917889
-153.5000000000,65.5000000000,0.2856714228,0.5540521745,0.1602764027
-152.5000000000,65.5000000000,0.3208760400,0.5265795984,0.1525443616
-151.5000000000,65.5000000000,0.3221249949,0.5243803619,0.1534946432
-150.5000000000,65.5000000000,0.2855569674,0.5505414645,0.1639015682
-149.5000000000,65.5000000000,0.2651273788,0.5694100734,0.1654625477
