Lon,Lat,C_LonLatElev,B_LonLatElev,U_LonLatElev
-112.5000000000,78.5000000000,0.0421896399,0.1773123991,0.7804979610
-111.5000000000,78.5000000000,0.0422608111,0.1757142298,0.7820249590
-110.5000000000,78.5000000000,0.0429740275,0.1725483884,0.7844775841
-109.5000000000,78.5000000000,0.0418837395,0.1683545925,0.7897616681
-104.5000000000,78.5000000000,0.0357582267,0.1407048842,0.8235368891
-103.5000000000,78.5000000000,0.0342311871,0.1330877600,0.8326810529
-102.5000000000,78.5000000000,0.0330446510,0.1271958573,0.8397594917
-101.5000000000,78.5000000000,0.0323819315,0.1223377403,0.8452803282
-100.5000000000,78.5000000000,0.0325234985,0.1203029269,0.8471735746
-97.5000000000,78.5000000000,0.0475032395,0.1603638581,0.7921329025
-96.5000000000,78.5000000000,0.0566559635,0.1933396918,0.7500043448
-95.5000000000,78.5000000000,0.0649355634,0.2272760166,0.7077884200
-92.5000000000,78.5000000000,0.0726829702,0.3106467842,0.6166702456
-91.5000000000,78.5000000000,0.0855127395,0.3566836221,0.5578036384
-90.5000000000,78.5000000000,0.0870926458,0.3858988261,0.5270085282
-89.5000000000,78.5000000000,0.0788643938,0.4058721553,0.5152634509
-86.5000000000,78.5000000000,0.0722919057,0.5292942064,0.3984138879
-85.5000000000,78.5000000000,0.0714059468,0.5740804506,0.3545136026
-84.5000000000,78.5000000000,0.0689934152,0.6164673279,0.3145392569
-83.5000000000,78.5000000000,0.0684151331,0.6583418011,0.2732430659
-82.5000000000,78.5000000000,0.0622117396,0.6732213793,0.2645668811
-81.5000000000,78.5000000000,0.0657921842,0.6669713473,0.2672364685
-80.5000000000,78.5000000000,0.0719073998,0.6506455488,0.2774470514
-79.5000000000,78.5000000000,0.0805499562,0.6226745534,0.2967754904
-78.5000000000,78.5000000000,0.0682267110,0.5709398382,0.3608334508
-77.5000000000,78.5000000000,0.0604425865,0.5184125253,0.4211448882
-116.5000000000,77.5000000000,0.0361622202,0.1713973123,0.7924404674
-112.5000000000,77.5000000000,0.0427891241,0.1768393064,0.7803715695
-111.5000000000,77.5000000000,0.0427421794,0.1750564053,0.7822014153
-110.5000000000,77.5000000000,0.0428296036,0.1709242135,0.7862461830
-105.5000000000,77.5000000000,0.0380266879,0.1476699728,0.8143033393
-95.5000000000,77.5000000000,0.0647046430,0.2252320867,0.7100632703
-94.5000000000,77.5000000000,0.0690563281,0.2524577425,0.6784859294
-93.5000000000,77.5000000000,0.0706394980,0.2790029313,0.6503575707
-90.5000000000,77.5000000000,0.0718863910,0.3632234369,0.5648901721
-87.5000000000,77.5000000000,0.0694130050,0.4757523089,0.4548346860
-86.5000000000,77.5000000000,0.0723620564,0.5265905394,0.4010474042
-82.5000000000,77.5000000000,0.0644199687,0.6739334148,0.2616466165
-81.5000000000,77.5000000000,0.0607533230,0.6565529666,0.2826937104
-80.5000000000,77.5000000000,0.0689900810,0.6440618245,0.2869480946
-79.5000000000,77.5000000000,0.0660831530,0.5999370076,0.3339798393
-78.5000000000,77.5000000000,0.0613650805,0.5559713781,0.3826635414
-120.5000000000,76.5000000000,0.0467173922,0.2312221025,0.7220605053
-119.5000000000,76.5000000000,0.0424166671,0.2025227002,0.7550606327
-117.5000000000,76.5000000000,0.0377218679,0.1749343705,0.7873437616
-109.5000000000,76.5000000000,0.0426564912,0.1668064899,0.7905370190
-104.5000000000,76.5000000000,0.0361576433,0.1389947092,0.8248476476
-103.5000000000,76.5000000000,0.0346014056,0.1314444135,0.8339541810
-100.5000000000,76.5000000000,0.0336123368,0.1198921585,0.8464955047
-99.5000000000,76.5000000000,0.0360016905,0.1238853041,0.8401130054
-98.5000000000,76.5000000000,0.0423741808,0.1391945287,0.8184312905
-95.5000000000,76.5000000000,0.0672782170,0.2265774231,0.7061443599
-94.5000000000,76.5000000000,0.0739584800,0.2564135395,0.6696279805
-93.5000000000,76.5000000000,0.0714342923,0.2779632816,0.6506024261
-92.5000000000,76.5000000000,0.0763966974,0.3110330306,0.6125702720
-90.5000000000,76.5000000000,0.0717532060,0.3605722603,0.5676745337
-88.5000000000,76.5000000000,0.0714648757,0.4291362460,0.4993988782
-86.5000000000,76.5000000000,0.0709264166,0.5215031235,0.4075704598
-85.5000000000,76.5000000000,0.0739970196,0.5723431427,0.3536598377
-84.5000000000,76.5000000000,0.0677895532,0.6091330636,0.3230773832
-83.5000000000,76.5000000000,0.0679569585,0.6524522109,0.2795908306
-82.5000000000,76.5000000000,0.0730760453,0.6824937671,0.2444301877
-81.5000000000,76.5000000000,0.0650807456,0.6607173587,0.2742018956
-80.5000000000,76.5000000000,0.0631090296,0.6323532279,0.3045377426
-79.5000000000,76.5000000000,0.0706064896,0.6042313043,0.3251622060
-78.5000000000,76.5000000000,0.0634122922,0.5569633383,0.3796243695
-115.5000000000,75.5000000000,0.0397097488,0.1735789444,0.7867113068
-114.5000000000,75.5000000000,0.0444617215,0.1813243238,0.7742139547
-113.5000000000,75.5000000000,0.0475231636,0.1827276729,0.7697491635
-112.5000000000,75.5000000000,0.0476610348,0.1813444297,0.7709945356
-111.5000000000,75.5000000000,0.0439971461,0.1741679489,0.7818349049
-110.5000000000,75.5000000000,0.0441084846,0.1700863624,0.7858051529
-109.5000000000,75.5000000000,0.0430422648,0.1660277644,0.7909299708
-108.5000000000,75.5000000000,0.0421369031,0.1600720292,0.7977910677
-107.5000000000,75.5000000000,0.0424897561,0.1575416434,0.7999686005
-106.5000000000,75.5000000000,0.0410292334,0.1538231247,0.8051476419
-99.5000000000,75.5000000000,0.0356904757,0.1224094717,0.8419000527
-98.5000000000,75.5000000000,0.0417821005,0.1372641570,0.8209537425
-95.5000000000,75.5000000000,0.0658945330,0.2231823162,0.7109231508
-94.5000000000,75.5000000000,0.0726333179,0.2529407648,0.6744259173
-91.5000000000,75.5000000000,0.0767114162,0.3385377350,0.5847508488
-90.5000000000,75.5000000000,0.0777145731,0.3665331279,0.5557522990
-89.5000000000,75.5000000000,0.0756912222,0.3936702583,0.5306385195
-88.5000000000,75.5000000000,0.0751415086,0.4321048032,0.4927536882
-85.5000000000,75.5000000000,0.0733460433,0.5686001164,0.3580538403
-84.5000000000,75.5000000000,0.0715929612,0.6120690884,0.3163379504
-83.5000000000,75.5000000000,0.0782262681,0.6625424724,0.2592312595
-82.5000000000,75.5000000000,0.0802582856,0.6873544711,0.2323872432
-81.5000000000,75.5000000000,0.0705935947,0.6657026108,0.2637037945
-80.5000000000,75.5000000000,0.0671393135,0.6360148077,0.2968458787
-121.5000000000,74.5000000000,0.0607351971,0.2879736269,0.6512911759
-113.5000000000,74.5000000000,0.0445548974,0.1795457915,0.7758993112
-112.5000000000,74.5000000000,0.0462661146,0.1789660362,0.7747678492
-97.5000000000,74.5000000000,0.0481053084,0.1573980998,0.7944965918
-88.5000000000,74.5000000000,0.0706673452,0.4140302677,0.5153023871
-87.5000000000,74.5000000000,0.0774321371,0.4675283607,0.4550395021
-86.5000000000,74.5000000000,0.0737723411,0.5061222591,0.4201053998
-123.5000000000,73.5000000000,0.0971258551,0.4476383386,0.4552358063
-122.5000000000,73.5000000000,0.0859915359,0.3879527463,0.5260557178
-121.5000000000,73.5000000000,0.0679847133,0.3050642101,0.6269510766
-120.5000000000,73.5000000000,0.0534559889,0.2366145463,0.7099294648
-119.5000000000,73.5000000000,0.0477284350,0.2112943899,0.7409771751
-118.5000000000,73.5000000000,0.0472209899,0.2044934889,0.7482855212
-117.5000000000,73.5000000000,0.0453585799,0.1952263508,0.7594150693
-116.5000000000,73.5000000000,0.0437915146,0.1878511472,0.7683573381
-115.5000000000,73.5000000000,0.0430057310,0.1846842149,0.7723100541
-106.5000000000,73.5000000000,0.0440964525,0.1582325186,0.7976710289
-105.5000000000,73.5000000000,0.0424481936,0.1526216373,0.8049301691
-104.5000000000,73.5000000000,0.0391324237,0.1450500753,0.8158175010
-101.5000000000,73.5000000000,0.0353377651,0.1258852115,0.8387770234
-100.5000000000,73.5000000000,0.0374425753,0.1260187082,0.8365387165
-99.5000000000,73.5000000000,0.0378602068,0.1267932829,0.8353465103
-98.5000000000,73.5000000000,0.0424991750,0.1362606531,0.8212401718
-95.5000000000,73.5000000000,0.0740812921,0.2388627497,0.6870559582
-94.5000000000,73.5000000000,0.0796330185,0.2673684624,0.6529985191
-93.5000000000,73.5000000000,0.0789935573,0.2855469918,0.6354594509
-92.5000000000,73.5000000000,0.0769142152,0.3010864687,0.6219993161
-91.5000000000,73.5000000000,0.0737273564,0.3186445905,0.6076280531
-87.5000000000,73.5000000000,0.0746194839,0.4391638730,0.4862166430
-86.5000000000,73.5000000000,0.0767067940,0.4813442800,0.4419489261
-83.5000000000,73.5000000000,0.0741255655,0.5890007597,0.3368736748
-82.5000000000,73.5000000000,0.0729515102,0.6031860063,0.3238624835
-81.5000000000,73.5000000000,0.0700406100,0.5978723184,0.3320870717
-80.5000000000,73.5000000000,0.0753461300,0.5936601101,0.3309937598
-79.5000000000,73.5000000000,0.0754746165,0.5667373252,0.3577880583
-78.5000000000,73.5000000000,0.0661397700,0.5216424525,0.4122177775
-77.5000000000,73.5000000000,0.0649460384,0.4879756164,0.4470783452
-124.5000000000,72.5000000000,0.1231400300,0.5158610625,0.3609989075
-123.5000000000,72.5000000000,0.1114580312,0.4773759685,0.4111660003
-122.5000000000,72.5000000000,0.0989666369,0.4256391570,0.4753942061
-121.5000000000,72.5000000000,0.0796538684,0.3350695485,0.5852765830
-120.5000000000,72.5000000000,0.0624665350,0.2587114401,0.6788220249
-119.5000000000,72.5000000000,0.0557806456,0.2324686795,0.7117506748
-117.5000000000,72.5000000000,0.0493801614,0.2075947476,0.7430250911
-116.5000000000,72.5000000000,0.0483748701,0.2017073780,0.7499177519
-115.5000000000,72.5000000000,0.0471907209,0.1973163778,0.7554929013
-114.5000000000,72.5000000000,0.0469402102,0.1935753525,0.7594844374
-113.5000000000,72.5000000000,0.0507975508,0.1957033754,0.7534990739
-112.5000000000,72.5000000000,0.0546460520,0.1976411896,0.7477127584
-111.5000000000,72.5000000000,0.0524930118,0.1892410150,0.7582659732
-109.5000000000,72.5000000000,0.0562578876,0.1894266370,0.7543154754
-107.5000000000,72.5000000000,0.0500793861,0.1749384148,0.7749821991
-106.5000000000,72.5000000000,0.0468971012,0.1652811409,0.7878217579
-105.5000000000,72.5000000000,0.0439169104,0.1580412196,0.7980418700
-101.5000000000,72.5000000000,0.0389975862,0.1352273640,0.8257750498
-100.5000000000,72.5000000000,0.0397483887,0.1354749034,0.8247767079
-99.5000000000,72.5000000000,0.0417180921,0.1388932411,0.8193886669
-98.5000000000,72.5000000000,0.0461912754,0.1509816182,0.8028271064
-97.5000000000,72.5000000000,0.0542299520,0.1767472389,0.7690228091
-96.5000000000,72.5000000000,0.0660466550,0.2127727903,0.7211805547
-94.5000000000,72.5000000000,0.0778654484,0.2651000103,0.6570345412
-93.5000000000,72.5000000000,0.0723682542,0.2746392296,0.6529925163
-89.5000000000,72.5000000000,0.0690124855,0.3459931372,0.5849943773
-88.5000000000,72.5000000000,0.0706949820,0.3733723996,0.5559326184
-87.5000000000,72.5000000000,0.0738138998,0.4078196315,0.5183664687
-86.5000000000,72.5000000000,0.0740831811,0.4451103844,0.4808064345
-85.5000000000,72.5000000000,0.0742909161,0.4838065575,0.4419025263
-84.5000000000,72.5000000000,0.0777414516,0.5218006744,0.4004578740
-83.5000000000,72.5000000000,0.0776342743,0.5483702833,0.3739954424
-82.5000000000,72.5000000000,0.0805494605,0.5620047134,0.3574458260
-81.5000000000,72.5000000000,0.0765964002,0.5591032387,0.3643003611
-80.5000000000,72.5000000000,0.0688098146,0.5371175489,0.3940726365
-78.5000000000,72.5000000000,0.0645370117,0.4851101152,0.4503528731
-77.5000000000,72.5000000000,0.0669270028,0.4651402330,0.4679327641
-76.5000000000,72.5000000000,0.0653644856,0.4389706809,0.4956648335
-75.5000000000,72.5000000000,0.0539264089,0.3925849559,0.5534886352
-123.5000000000,71.5000000000,0.1341658617,0.5081073772,0.3577267611
-122.5000000000,71.5000000000,0.1227720054,0.4713356055,0.4058923891
-121.5000000000,71.5000000000,0.0967765332,0.3766210229,0.5266024439
-117.5000000000,71.5000000000,0.0570480827,0.2317785366,0.7111733807
-116.5000000000,71.5000000000,0.0552208881,0.2234237407,0.7213553711
-114.5000000000,71.5000000000,0.0574191871,0.2205793964,0.7220014166
-113.5000000000,71.5000000000,0.0625279887,0.2207753013,0.7166967100
-112.5000000000,71.5000000000,0.0629299520,0.2133295478,0.7237405001
-111.5000000000,71.5000000000,0.0640417575,0.2079510398,0.7280072026
-110.5000000000,71.5000000000,0.0648923746,0.2072028577,0.7279047677
-109.5000000000,71.5000000000,0.0631233422,0.2045321310,0.7323445268
-108.5000000000,71.5000000000,0.0568603337,0.1935659534,0.7495737129
-107.5000000000,71.5000000000,0.0536785761,0.1845883436,0.7617330802
-106.5000000000,71.5000000000,0.0505250135,0.1761697638,0.7733052228
-105.5000000000,71.5000000000,0.0481060904,0.1683552980,0.7835386116
-104.5000000000,71.5000000000,0.0450546558,0.1613054339,0.7936399103
-98.5000000000,71.5000000000,0.0524527852,0.1705643466,0.7769828682
-95.5000000000,71.5000000000,0.0768088726,0.2551241495,0.6680669779
-94.5000000000,71.5000000000,0.0765867309,0.2668485730,0.6565646961
-93.5000000000,71.5000000000,0.0709329648,0.2685978950,0.6604691402
-89.5000000000,71.5000000000,0.0671845778,0.3212092065,0.6116062157
-88.5000000000,71.5000000000,0.0709501760,0.3505686431,0.5784811809
-87.5000000000,71.5000000000,0.0716546727,0.3786248379,0.5497204895
-86.5000000000,71.5000000000,0.0745560973,0.4141671671,0.5112767355
-85.5000000000,71.5000000000,0.0744576302,0.4461698272,0.4793725426
-84.5000000000,71.5000000000,0.0763068160,0.4761849626,0.4475082213
-83.5000000000,71.5000000000,0.0778564866,0.4984769258,0.4236665876
-82.5000000000,71.5000000000,0.0799123857,0.5131086720,0.4069789424
-81.5000000000,71.5000000000,0.0776764866,0.5139649086,0.4083586048
-80.5000000000,71.5000000000,0.0761977133,0.5047523452,0.4190499415
-79.5000000000,71.5000000000,0.0791190189,0.4967889974,0.4240919837
-78.5000000000,71.5000000000,0.0755386833,0.4699006231,0.4545606936
-77.5000000000,71.5000000000,0.0733641556,0.4474273984,0.4792084460
-76.5000000000,71.5000000000,0.0675063743,0.4143921875,0.5181014382
-75.5000000000,71.5000000000,0.0583012964,0.3776456026,0.5640531009
-74.5000000000,71.5000000000,0.0594138792,0.3570351249,0.5835509959
-72.5000000000,71.5000000000,0.0408517138,0.2859682274,0.6731800588
-158.5000000000,70.5000000000,0.0369545428,0.1854100660,0.7776353911
-157.5000000000,70.5000000000,0.0357752902,0.1717671331,0.7924575767
-156.5000000000,70.5000000000,0.0364730501,0.1766046266,0.7869223233
-155.5000000000,70.5000000000,0.0396805477,0.1931270525,0.7671923998
-154.5000000000,70.5000000000,0.0466321145,0.2229626720,0.7304052135
-153.5000000000,70.5000000000,0.0529266296,0.2505166342,0.6965567362
-152.5000000000,70.5000000000,0.0579219666,0.2711685014,0.6709095321
-149.5000000000,70.5000000000,0.0504782328,0.2441857312,0.7053360360
-111.5000000000,70.5000000000,0.0725535450,0.2254715990,0.7019748561
-110.5000000000,70.5000000000,0.0749762679,0.2250925110,0.6999312211
-109.5000000000,70.5000000000,0.0704289418,0.2193935607,0.7101774975
-108.5000000000,70.5000000000,0.0668507643,0.2127767769,0.7203724588
-107.5000000000,70.5000000000,0.0619290639,0.2026730596,0.7353978764
-106.5000000000,70.5000000000,0.0577057967,0.1921478892,0.7501463141
-105.5000000000,70.5000000000,0.0532018863,0.1828535141,0.7639445997
-104.5000000000,70.5000000000,0.0498347936,0.1738214791,0.7763437273
-103.5000000000,70.5000000000,0.0476191965,0.1664264856,0.7859543179
-95.5000000000,70.5000000000,0.0827669722,0.2683662257,0.6488668021
-94.5000000000,70.5000000000,0.0820289003,0.2736509813,0.6443201184
-93.5000000000,70.5000000000,0.0773328151,0.2685462479,0.6541209370
-92.5000000000,70.5000000000,0.0648562215,0.2545762660,0.6805675126
-88.5000000000,70.5000000000,0.0681241269,0.3173144603,0.6145614128
-87.5000000000,70.5000000000,0.0716880741,0.3488167316,0.5794951943
-86.5000000000,70.5000000000,0.0767050063,0.3819496706,0.5413453230
-85.5000000000,70.5000000000,0.0800676595,0.4122880706,0.5076442698
-84.5000000000,70.5000000000,0.0797845133,0.4348701821,0.4853453046
-83.5000000000,70.5000000000,0.0808700243,0.4523486825,0.4667812931
-82.5000000000,70.5000000000,0.0811897464,0.4668593023,0.4519509512
-81.5000000000,70.5000000000,0.0786700195,0.4704560344,0.4508739461
-80.5000000000,70.5000000000,0.0756429076,0.4593441583,0.4650129340
-79.5000000000,70.5000000000,0.0716877328,0.4435398001,0.4847724670
-78.5000000000,70.5000000000,0.0720278377,0.4248414181,0.5031307442
-77.5000000000,70.5000000000,0.0704669422,0.4057689466,0.5237641112
-76.5000000000,70.5000000000,0.0674497295,0.3831915130,0.5493587575
-75.5000000000,70.5000000000,0.0620677831,0.3559756274,0.5819565894
-74.5000000000,70.5000000000,0.0580599044,0.3331096909,0.6088304047
-73.5000000000,70.5000000000,0.0507468793,0.3055728018,0.6436803189
-72.5000000000,70.5000000000,0.0470017424,0.2860483776,0.6669498800
-71.5000000000,70.5000000000,0.0510945756,0.2857608972,0.6631445272
-70.5000000000,70.5000000000,0.0369123255,0.2463152065,0.7167724680
-69.5000000000,70.5000000000,0.0331240271,0.2265963110,0.7402796619
-68.5000000000,70.5000000000,0.0304631601,0.2140607609,0.7554760790
-162.5000000000,69.5000000000,0.0522007406,0.2912767237,0.6565225358
-161.5000000000,69.5000000000,0.0517099183,0.2857633743,0.6625267073
-160.5000000000,69.5000000000,0.0499512597,0.2678863835,0.6821623568
-159.5000000000,69.5000000000,0.0458442619,0.2419074975,0.7122482406
-158.5000000000,69.5000000000,0.0432931036,0.2210159239,0.7356909725
-157.5000000000,69.5000000000,0.0429013821,0.2099135915,0.7471850264
-156.5000000000,69.5000000000,0.0457867107,0.2198987497,0.7343145395
-155.5000000000,69.5000000000,0.0524720156,0.2449015776,0.7026264068
-154.5000000000,69.5000000000,0.0655347084,0.2927549465,0.6417103451
-153.5000000000,69.5000000000,0.0782271912,0.3347998707,0.5869729381
-152.5000000000,69.5000000000,0.0849780599,0.3546046816,0.5604172584
-151.5000000000,69.5000000000,0.0799254295,0.3432247081,0.5768498624
-150.5000000000,69.5000000000,0.0713714225,0.3166262017,0.6120023758
-149.5000000000,69.5000000000,0.0647962103,0.2915454110,0.6436583788
-148.5000000000,69.5000000000,0.0681576256,0.2891623517,0.6426800227
-147.5000000000,69.5000000000,0.0798943031,0.3016472414,0.6184584555
-146.5000000000,69.5000000000,0.0961740243,0.3158001539,0.5880258218
-145.5000000000,69.5000000000,0.1277597284,0.3424128722,0.5298273994
-144.5000000000,69.5000000000,0.1311545340,0.3510655068,0.5177799592
-143.5000000000,69.5000000000,0.1343037852,0.3592683729,0.5064278419
-142.5000000000,69.5000000000,0.1382048839,0.3667907686,0.4950043475
-141.5000000000,69.5000000000,0.1209435340,0.3588271758,0.5202292902
-140.5000000000,69.5000000000,0.1078209044,0.3534286580,0.5387504376
-139.5000000000,69.5000000000,0.0935066182,0.3580099053,0.5484834765
-132.5000000000,69.5000000000,0.1517676216,0.5561469995,0.2920853789
-131.5000000000,69.5000000000,0.1585401092,0.5551013910,0.2863584998
-130.5000000000,69.5000000000,0.1663148855,0.5551737891,0.2785113254
-129.5000000000,69.5000000000,0.1762746216,0.5579182117,0.2658071667
-128.5000000000,69.5000000000,0.1845063491,0.5587667763,0.2567268746
-127.5000000000,69.5000000000,0.1951294688,0.5544758051,0.2503947261
-126.5000000000,69.5000000000,0.2035028183,0.5486742451,0.2478229366
-125.5000000000,69.5000000000,0.1926328311,0.5394233441,0.2679438248
-124.5000000000,69.5000000000,0.1853959262,0.5220184296,0.2925856443
-122.5000000000,69.5000000000,0.1689574427,0.4515371265,0.3795054308
-121.5000000000,69.5000000000,0.1505452613,0.3984085540,0.4510461847
-116.5000000000,69.5000000000,0.0789707763,0.2977312739,0.6232979498
-115.5000000000,69.5000000000,0.0786986556,0.2915153274,0.6297860170
-114.5000000000,69.5000000000,0.0822081122,0.2861635787,0.6316283091
-113.5000000000,69.5000000000,0.0872258276,0.2755676277,0.6372065447
-112.5000000000,69.5000000000,0.0939505284,0.2661390465,0.6399104251
-111.5000000000,69.5000000000,0.0909261282,0.2566496880,0.6524241838
-110.5000000000,69.5000000000,0.0891421980,0.2514250164,0.6594327855
-109.5000000000,69.5000000000,0.0838469942,0.2434933998,0.6726596059
-108.5000000000,69.5000000000,0.0789272623,0.2361929066,0.6848798311
-107.5000000000,69.5000000000,0.0723998842,0.2256794190,0.7019206968
-106.5000000000,69.5000000000,0.0638997270,0.2093343699,0.7267659031
-105.5000000000,69.5000000000,0.0586937249,0.1982845209,0.7430217542
-104.5000000000,69.5000000000,0.0549265976,0.1891183560,0.7559550464
-103.5000000000,69.5000000000,0.0527768192,0.1807643811,0.7664587997
-97.5000000000,69.5000000000,0.0754814065,0.2305184863,0.6940001072
-96.5000000000,69.5000000000,0.0800792750,0.2528979583,0.6670227667
-95.5000000000,69.5000000000,0.0836002039,0.2721148183,0.6442849779
-92.5000000000,69.5000000000,0.0640605841,0.2357779077,0.7001615082
-91.5000000000,69.5000000000,0.0577566003,0.2283314149,0.7139119848
-90.5000000000,69.5000000000,0.0602102451,0.2412880952,0.6985016598
-85.5000000000,69.5000000000,0.0778241626,0.3685807834,0.5535950541
-84.5000000000,69.5000000000,0.0853713965,0.4007239864,0.5139046171
-83.5000000000,69.5000000000,0.0841050069,0.4147444593,0.5011505338
-82.5000000000,69.5000000000,0.0816971461,0.4215016982,0.4968011557
-76.5000000000,69.5000000000,0.0617095031,0.3424473885,0.5958431084
-75.5000000000,69.5000000000,0.0582543876,0.3231307482,0.6186148642
-74.5000000000,69.5000000000,0.0572061518,0.3086956697,0.6340981785
-73.5000000000,69.5000000000,0.0512126754,0.2844439176,0.6643434071
-72.5000000000,69.5000000000,0.0458289962,0.2655138623,0.6886571415
-71.5000000000,69.5000000000,0.0425629185,0.2511964531,0.7062406285
-70.5000000000,69.5000000000,0.0358855494,0.2280880333,0.7360264173
-69.5000000000,69.5000000000,0.0382384419,0.2249730787,0.7367884794
-68.5000000000,69.5000000000,0.0374991656,0.2194473175,0.7430535169
-165.5000000000,68.5000000000,0.0510650237,0.2784779149,0.6704570615
-164.5000000000,68.5000000000,0.0533947475,0.2949341965,0.6516710560
-163.5000000000,68.5000000000,0.0597513967,0.3149107313,0.6253378720
-162.5000000000,68.5000000000,0.0645209688,0.3273126256,0.6081664056
-161.5000000000,68.5000000000,0.0630280640,0.3280951927,0.6088767433
-160.5000000000,68.5000000000,0.0644575839,0.3175389079,0.6180035082
-159.5000000000,68.5000000000,0.0590063720,0.2943907827,0.6466028453
-158.5000000000,68.5000000000,0.0598644297,0.2817440967,0.6583914736
-157.5000000000,68.5000000000,0.0638531464,0.2831872658,0.6529595878
-156.5000000000,68.5000000000,0.0680414237,0.3031833060,0.6287752703
-155.5000000000,68.5000000000,0.0861413738,0.3533574565,0.5605011697
-154.5000000000,68.5000000000,0.1098341838,0.4108168574,0.4793489588
-153.5000000000,68.5000000000,0.1295800446,0.4502662320,0.4201537234
-152.5000000000,68.5000000000,0.1385844850,0.4643528341,0.3970626809
-151.5000000000,68.5000000000,0.1328766026,0.4495674968,0.4175559007
-150.5000000000,68.5000000000,0.1174224276,0.4146784649,0.4678991075
-149.5000000000,68.5000000000,0.0951336683,0.3665873871,0.5382789445
-148.5000000000,68.5000000000,0.1166856471,0.3826302411,0.5006841118
-147.5000000000,68.5000000000,0.1406317761,0.3950973061,0.4642709178
-146.5000000000,68.5000000000,0.1459600335,0.3854512819,0.4685886846
-145.5000000000,68.5000000000,0.1706411825,0.3964922030,0.4328666145
-144.5000000000,68.5000000000,0.1914487038,0.4061027659,0.4024485303
-143.5000000000,68.5000000000,0.1981875566,0.4074622948,0.3943501487
-142.5000000000,68.5000000000,0.1772504231,0.3999420824,0.4228074945
-141.5000000000,68.5000000000,0.1551796461,0.3855001789,0.4593201749
-140.5000000000,68.5000000000,0.1288794687,0.3692160481,0.5019044831
-139.5000000000,68.5000000000,0.1134978604,0.3740454878,0.5124566518
-138.5000000000,68.5000000000,0.1190785906,0.4105747030,0.4703467063
-137.5000000000,68.5000000000,0.1272328518,0.4564460853,0.4163210629
-136.5000000000,68.5000000000,0.1395973656,0.5059901580,0.3544124764
-135.5000000000,68.5000000000,0.1528214098,0.5497521538,0.2974264363
-134.5000000000,68.5000000000,0.1710246192,0.5816874875,0.2472878933
-133.5000000000,68.5000000000,0.1875327096,0.5918316390,0.2206356514
-132.5000000000,68.5000000000,0.1873551397,0.5808531805,0.2317916797
-131.5000000000,68.5000000000,0.1926082516,0.5709914973,0.2364002511
-130.5000000000,68.5000000000,0.1943834889,0.5644766215,0.2411398896
-129.5000000000,68.5000000000,0.2022526893,0.5604400216,0.2373072891
-128.5000000000,68.5000000000,0.2134416623,0.5548571359,0.2317012018
-127.5000000000,68.5000000000,0.2262161654,0.5472785751,0.2265052595
-126.5000000000,68.5000000000,0.2323034254,0.5381844433,0.2295121313
-125.5000000000,68.5000000000,0.2341744288,0.5277701631,0.2380554081
-124.5000000000,68.5000000000,0.2287073474,0.5106821273,0.2606105253
-123.5000000000,68.5000000000,0.2195230508,0.4843083363,0.2961686129
-122.5000000000,68.5000000000,0.2041405711,0.4516969834,0.3441624454
-121.5000000000,68.5000000000,0.1946668690,0.4191228345,0.3862102965
-120.5000000000,68.5000000000,0.1755688404,0.3936837236,0.4307474360
-119.5000000000,68.5000000000,0.1535956992,0.3771164838,0.4692878171
-118.5000000000,68.5000000000,0.1310927805,0.3637321689,0.5051750506
-117.5000000000,68.5000000000,0.1145293928,0.3524803644,0.5329902428
-116.5000000000,68.5000000000,0.1039938338,0.3473722281,0.5486339381
-115.5000000000,68.5000000000,0.0963406697,0.3381118475,0.5655474828
-114.5000000000,68.5000000000,0.0995232612,0.3291462528,0.5713304860
-112.5000000000,68.5000000000,0.1092553280,0.3025100082,0.5882346638
-107.5000000000,68.5000000000,0.0839917801,0.2504546314,0.6655535885
-105.5000000000,68.5000000000,0.0680108764,0.2209710513,0.7110180723
-104.5000000000,68.5000000000,0.0623165051,0.2078330649,0.7298504300
-97.5000000000,68.5000000000,0.0829335314,0.2348886782,0.6821777904
-96.5000000000,68.5000000000,0.0869518745,0.2512472307,0.6618008948
-93.5000000000,68.5000000000,0.0729433878,0.2364564889,0.6906001233
-92.5000000000,68.5000000000,0.0640049173,0.2159594198,0.7200356629
-91.5000000000,68.5000000000,0.0600022566,0.2087142610,0.7312834824
-89.5000000000,68.5000000000,0.0672626259,0.2433880123,0.6893493618
-88.5000000000,68.5000000000,0.0742470939,0.2725579843,0.6531949218
-85.5000000000,68.5000000000,0.0874738851,0.3457516996,0.5667744153
-84.5000000000,68.5000000000,0.0903381834,0.3687131087,0.5409487079
-83.5000000000,68.5000000000,0.0893652477,0.3797393824,0.5308953699
-73.5000000000,68.5000000000,0.0496150491,0.2588641388,0.6915208120
-72.5000000000,68.5000000000,0.0464068720,0.2445179161,0.7090752120
-71.5000000000,68.5000000000,0.0432018391,0.2325991208,0.7241990401
-70.5000000000,68.5000000000,0.0399740476,0.2212124892,0.7388134632
-69.5000000000,68.5000000000,0.0388083279,0.2144060763,0.7467855958
-68.5000000000,68.5000000000,0.0336998077,0.1984068505,0.7678933418
-163.5000000000,67.5000000000,0.0540160257,0.3072836576,0.6387003167
-162.5000000000,67.5000000000,0.0543183333,0.3163537124,0.6293279543
-161.5000000000,67.5000000000,0.0619037659,0.3357328412,0.6023633929
-160.5000000000,67.5000000000,0.0598771241,0.3273429533,0.6127799227
-159.5000000000,67.5000000000,0.0627503569,0.3280245446,0.6092250985
-158.5000000000,67.5000000000,0.0696766076,0.3358579310,0.5944654614
-157.5000000000,67.5000000000,0.0831374168,0.3621468119,0.5547157713
-156.5000000000,67.5000000000,0.1083641748,0.4106156813,0.4810201439
-155.5000000000,67.5000000000,0.1423038920,0.4701814980,0.3875146100
-154.5000000000,67.5000000000,0.1801951881,0.5142942157,0.3055105962
-153.5000000000,67.5000000000,0.1905632212,0.5333743149,0.2760624640
-152.5000000000,67.5000000000,0.2049538426,0.5385699652,0.2564761922
-151.5000000000,67.5000000000,0.1924812549,0.5282308743,0.2792878708
-150.5000000000,67.5000000000,0.1715805687,0.5056787945,0.3227406368
-149.5000000000,67.5000000000,0.1481994823,0.4717383548,0.3800621629
-148.5000000000,67.5000000000,0.1470701692,0.4661860272,0.3867438037
-147.5000000000,67.5000000000,0.1705008280,0.4744766041,0.3550225678
-146.5000000000,67.5000000000,0.1773332251,0.4631262842,0.3595404908
-145.5000000000,67.5000000000,0.1982650867,0.4560152096,0.3457197037
-144.5000000000,67.5000000000,0.2100032248,0.4457175638,0.3442792114
-143.5000000000,67.5000000000,0.2175448261,0.4333375845,0.3491175893
-142.5000000000,67.5000000000,0.2063632730,0.4225980892,0.3710386379
-141.5000000000,67.5000000000,0.1763031558,0.4016433920,0.4220534522
-140.5000000000,67.5000000000,0.1450122870,0.3792171626,0.4757705504
-139.5000000000,67.5000000000,0.1185648109,0.3696646886,0.5117705005
-138.5000000000,67.5000000000,0.1250265229,0.4111173348,0.4638561423
-137.5000000000,67.5000000000,0.1478781567,0.4691296158,0.3829922275
-136.5000000000,67.5000000000,0.1800085214,0.5223356651,0.2976558135
-135.5000000000,67.5000000000,0.1844401371,0.5603676290,0.2551922339
-134.5000000000,67.5000000000,0.1924995383,0.5824096189,0.2250908429
-133.5000000000,67.5000000000,0.2097398643,0.5894204413,0.2008396944
-132.5000000000,67.5000000000,0.2204024126,0.5822239172,0.1973736702
-131.5000000000,67.5000000000,0.2169181535,0.5705664568,0.2125153896
-130.5000000000,67.5000000000,0.2260611421,0.5614237969,0.2125150611
-129.5000000000,67.5000000000,0.2317017736,0.5528949865,0.2154032399
-128.5000000000,67.5000000000,0.2478323955,0.5434477230,0.2087198816
-127.5000000000,67.5000000000,0.2609101294,0.5327592324,0.2063306382
-126.5000000000,67.5000000000,0.2720849218,0.5222100249,0.2057050532
-125.5000000000,67.5000000000,0.2710065427,0.5110150347,0.2179784226
-124.5000000000,67.5000000000,0.2660494227,0.4952746414,0.2386759359
-123.5000000000,67.5000000000,0.2523519519,0.4778129568,0.2698350913
-122.5000000000,67.5000000000,0.2394331863,0.4532363376,0.3073304761
-121.5000000000,67.5000000000,0.2284495813,0.4305032799,0.3410471388
-120.5000000000,67.5000000000,0.2122048840,0.4160562581,0.3717388579
-119.5000000000,67.5000000000,0.1951239127,0.4108654368,0.3940106505
-118.5000000000,67.5000000000,0.1801574980,0.4064522051,0.4133902969
-117.5000000000,67.5000000000,0.1556208638,0.4005173072,0.4438618291
-116.5000000000,67.5000000000,0.1420745407,0.3997002371,0.4582252222
-115.5000000000,67.5000000000,0.1267649022,0.3922320577,0.4810030401
-114.5000000000,67.5000000000,0.1378402515,0.3844762323,0.4776835162
-113.5000000000,67.5000000000,0.1461613402,0.3704022922,0.4834363676
-112.5000000000,67.5000000000,0.1503689095,0.3558506461,0.4937804444
-111.5000000000,67.5000000000,0.1433953569,0.3357197263,0.5208849168
-110.5000000000,67.5000000000,0.1372253042,0.3233525333,0.5394221626
-109.5000000000,67.5000000000,0.1266682292,0.3099766951,0.5633550758
-107.5000000000,67.5000000000,0.1028218524,0.2800296961,0.6171484515
-106.5000000000,67.5000000000,0.0932968924,0.2665350222,0.6401680854
-105.5000000000,67.5000000000,0.0826120935,0.2482110568,0.6691768497
-104.5000000000,67.5000000000,0.0742243462,0.2292708701,0.6965047836
-103.5000000000,67.5000000000,0.0700294479,0.2128763389,0.7170942132
-102.5000000000,67.5000000000,0.0701829548,0.2039130648,0.7259039804
-101.5000000000,67.5000000000,0.0720940654,0.2004245123,0.7274814222
-100.5000000000,67.5000000000,0.0772321923,0.2023328392,0.7204349685
-99.5000000000,67.5000000000,0.0845380615,0.2123041803,0.7031577582
-98.5000000000,67.5000000000,0.0897561194,0.2241127238,0.6861311568
-97.5000000000,67.5000000000,0.0949143542,0.2378662022,0.6672194437
-96.5000000000,67.5000000000,0.0972495420,0.2470600054,0.6556904526
-94.5000000000,67.5000000000,0.0953060113,0.2483561838,0.6563378049
-93.5000000000,67.5000000000,0.0833363992,0.2318169429,0.6848466579
-92.5000000000,67.5000000000,0.0766476054,0.2186170810,0.7047353136
-91.5000000000,67.5000000000,0.0696249458,0.2097681916,0.7206068626
-90.5000000000,67.5000000000,0.0746412520,0.2219638674,0.7033948805
-89.5000000000,67.5000000000,0.0782398517,0.2372961181,0.6844640302
-88.5000000000,67.5000000000,0.0863078070,0.2638765009,0.6498156921
-85.5000000000,67.5000000000,0.0994143836,0.3263822145,0.5742034019
-84.5000000000,67.5000000000,0.0995570920,0.3431774175,0.5572654905
-83.5000000000,67.5000000000,0.0989181549,0.3543584129,0.5467234322
-82.5000000000,67.5000000000,0.0965345184,0.3596887035,0.5437767781
-81.5000000000,67.5000000000,0.0927097406,0.3603045776,0.5469856819
-76.5000000000,67.5000000000,0.0699569073,0.3001605896,0.6298825031
-75.5000000000,67.5000000000,0.0644295415,0.2812917215,0.6542787371
-71.5000000000,67.5000000000,0.0442006472,0.2161129876,0.7396863652
-70.5000000000,67.5000000000,0.0411721625,0.2065646953,0.7522631423
-69.5000000000,67.5000000000,0.0408265788,0.2008479837,0.7583254375
-68.5000000000,67.5000000000,0.0422475368,0.1999907440,0.7577617192
-67.5000000000,67.5000000000,0.0479281259,0.2060465045,0.7460253696
-66.5000000000,67.5000000000,0.0604318424,0.2234641799,0.7161039777
-65.5000000000,67.5000000000,0.0660014943,0.2271873327,0.7068111730
-64.5000000000,67.5000000000,0.0672769752,0.2291038348,0.7036191899
-164.5000000000,66.5000000000,0.0492906499,0.2855464737,0.6651628764
-160.5000000000,66.5000000000,0.0573481272,0.3367595839,0.6058922889
-159.5000000000,66.5000000000,0.0634406700,0.3539163851,0.5826429449
-158.5000000000,66.5000000000,0.0748460273,0.3783949164,0.5467590564
-157.5000000000,66.5000000000,0.0965708628,0.4220484960,0.4813806412
-156.5000000000,66.5000000000,0.1281234670,0.4723760612,0.3995004718
-155.5000000000,66.5000000000,0.1551352385,0.5200896192,0.3247751423
-154.5000000000,66.5000000000,0.1886784884,0.5502691849,0.2610523267
-153.5000000000,66.5000000000,0.2111061684,0.5607084508,0.2281853808
-152.5000000000,66.5000000000,0.2233605069,0.5618299931,0.2148094999
-151.5000000000,66.5000000000,0.2273336888,0.5520342823,0.2206320289
-150.5000000000,66.5000000000,0.2287410227,0.5417784963,0.2294804810
-149.5000000000,66.5000000000,0.2103724021,0.5338460874,0.2557815105
-148.5000000000,66.5000000000,0.1988488887,0.5334653058,0.2676858055
-147.5000000000,66.5000000000,0.2068324999,0.5405633314,0.2526041687
-146.5000000000,66.5000000000,0.2119619387,0.5203307814,0.2677072798
-145.5000000000,66.5000000000,0.2252415990,0.5032561790,0.2715022220
-144.5000000000,66.5000000000,0.2379741675,0.4726095886,0.2894162440
-143.5000000000,66.5000000000,0.2495060766,0.4453022889,0.3051916345
-142.5000000000,66.5000000000,0.2399759211,0.4310982795,0.3289257994
-141.5000000000,66.5000000000,0.2174039212,0.4168951343,0.3657009445
-140.5000000000,66.5000000000,0.1869633342,0.4057014389,0.4073352269
-139.5000000000,66.5000000000,0.1588494704,0.4060829134,0.4350676162
-138.5000000000,66.5000000000,0.1511623766,0.4339631756,0.4148744478
-137.5000000000,66.5000000000,0.1662571023,0.4780702627,0.3556726350
-136.5000000000,66.5000000000,0.1970568453,0.5206579645,0.2822851903
-135.5000000000,66.5000000000,0.2156315993,0.5556404560,0.2287279446
-134.5000000000,66.5000000000,0.2296692347,0.5710106250,0.1993201402
-133.5000000000,66.5000000000,0.2337043613,0.5759157468,0.1903798919
-132.5000000000,66.5000000000,0.2430197620,0.5678487788,0.1891314592
-131.5000000000,66.5000000000,0.2469426697,0.5573933630,0.1956639674
-130.5000000000,66.5000000000,0.2482686957,0.5484693996,0.2032619046
-129.5000000000,66.5000000000,0.2537196103,0.5375580198,0.2087223699
-128.5000000000,66.5000000000,0.2650734125,0.5271212079,0.2078053795
-127.5000000000,66.5000000000,0.2847210410,0.5157427689,0.1995361901
-126.5000000000,66.5000000000,0.3067130863,0.5040915932,0.1891953205
-125.5000000000,66.5000000000,0.3131153574,0.4904419467,0.1964426959
-124.5000000000,66.5000000000,0.3041179648,0.4801111384,0.2157708968
-123.5000000000,66.5000000000,0.2906409948,0.4666971022,0.2426619031
-122.5000000000,66.5000000000,0.2699795826,0.4498106426,0.2802097748
-121.5000000000,66.5000000000,0.2576647299,0.4373525087,0.3049827614
-120.5000000000,66.5000000000,0.2507590835,0.4306288196,0.3186120969
-119.5000000000,66.5000000000,0.2483224514,0.4301478056,0.3215297430
-118.5000000000,66.5000000000,0.2339579410,0.4320039983,0.3340380606
-117.5000000000,66.5000000000,0.2124912320,0.4338937276,0.3536150404
-116.5000000000,66.5000000000,0.2088116012,0.4417231643,0.3494652345
-115.5000000000,66.5000000000,0.2014163050,0.4403515321,0.3582321629
-114.5000000000,66.5000000000,0.2027600007,0.4309902179,0.3662497815
-113.5000000000,66.5000000000,0.2018819774,0.4143849194,0.3837331032
-112.5000000000,66.5000000000,0.1999189802,0.3977976841,0.4022833357
-111.5000000000,66.5000000000,0.1900792884,0.3782126970,0.4317080145
-110.5000000000,66.5000000000,0.1763283916,0.3615738118,0.4620977966
-109.5000000000,66.5000000000,0.1616571712,0.3468021868,0.4915406420
-108.5000000000,66.5000000000,0.1534030774,0.3372387865,0.5093581361
-107.5000000000,66.5000000000,0.1261565646,0.3113089090,0.5625345264
-106.5000000000,66.5000000000,0.1189833345,0.2984425463,0.5825741191
-105.5000000000,66.5000000000,0.1073190134,0.2785626753,0.6141183113
-104.5000000000,66.5000000000,0.0945955484,0.2566639014,0.6487405502
-103.5000000000,66.5000000000,0.0898179739,0.2362576692,0.6739243569
-102.5000000000,66.5000000000,0.0885874690,0.2223903903,0.6890221407
-101.5000000000,66.5000000000,0.0889770201,0.2124808897,0.6985420902
-100.5000000000,66.5000000000,0.0945189406,0.2123385914,0.6931424680
-99.5000000000,66.5000000000,0.1000775652,0.2189274747,0.6809949601
-98.5000000000,66.5000000000,0.1074682476,0.2298126957,0.6627190567
-97.5000000000,66.5000000000,0.1121316110,0.2388052449,0.6490631442
-96.5000000000,66.5000000000,0.1147624930,0.2465897458,0.6386477612
-95.5000000000,66.5000000000,0.1149280341,0.2486259854,0.6364459805
-94.5000000000,66.5000000000,0.1135986611,0.2444360514,0.6419652876
-93.5000000000,66.5000000000,0.1024318406,0.2326188148,0.6649493446
-92.5000000000,66.5000000000,0.0927878333,0.2208197795,0.6863923872
-91.5000000000,66.5000000000,0.0859877592,0.2149610202,0.6990512206
-90.5000000000,66.5000000000,0.0934542547,0.2270658067,0.6794799386
-89.5000000000,66.5000000000,0.0936647745,0.2371980089,0.6691372166
-88.5000000000,66.5000000000,0.1009026298,0.2574629184,0.6416344518
-87.5000000000,66.5000000000,0.0996016234,0.2700147219,0.6303836547
-84.5000000000,66.5000000000,0.1070965204,0.3187521632,0.5741513164
-83.5000000000,66.5000000000,0.1066589476,0.3303918813,0.5629491712
-73.5000000000,66.5000000000,0.0578979319,0.2318803291,0.7102217390
-72.5000000000,66.5000000000,0.0536746859,0.2183054116,0.7280199025
-71.5000000000,66.5000000000,0.0484403876,0.2040188175,0.7475407949
-70.5000000000,66.5000000000,0.0443507071,0.1948700035,0.7607792894
-69.5000000000,66.5000000000,0.0417270562,0.1848466711,0.7734262727
-68.5000000000,66.5000000000,0.0426810241,0.1838801235,0.7734388524
-67.5000000000,66.5000000000,0.0450372587,0.1852957586,0.7696669827
-66.5000000000,66.5000000000,0.0545123214,0.1988989790,0.7465886996
-65.5000000000,66.5000000000,0.0578485391,0.2035852748,0.7385661862
-64.5000000000,66.5000000000,0.0869852195,0.2386827842,0.6743319963
-63.5000000000,66.5000000000,0.1007091059,0.2536758636,0.6456150305
-62.5000000000,66.5000000000,0.1193655333,0.2678807817,0.6127536850
-167.5000000000,65.5000000000,0.0433662340,0.2298795408,0.7267542252
-166.5000000000,65.5000000000,0.0449595965,0.2480602901,0.7069801134
-165.5000000000,65.5000000000,0.0502340008,0.2749023139,0.6748636853
-164.5000000000,65.5000000000,0.0515822169,0.2903755868,0.6580421963
-163.5000000000,65.5000000000,0.0531705817,0.3104977881,0.6363316303
-162.5000000000,65.5000000000,0.0528348915,0.3223253415,0.6248397670
-161.5000000000,65.5000000000,0.0586165950,0.3403690773,0.6010143277
-160.5000000000,65.5000000000,0.0618579079,0.3506425236,0.5874995685
-159.5000000000,65.5000000000,0.0691647262,0.3750952831,0.5557399907
-158.5000000000,65.5000000000,0.0858867060,0.4137179352,0.5003953588
-157.5000000000,65.5000000000,0.1040004833,0.4540226486,0.4419768681
-156.5000000000,65.5000000000,0.1326124400,0.4982235625,0.3691639974
-155.5000000000,65.5000000000,0.1711867181,0.5388556181,0.2899576638
-154.5000000000,65.5000000000,0.2127552520,0.5622945695,0.2249501784
-153.5000000000,65.5000000000,0.2498841657,0.5646651294,0.1854507049
-152.5000000000,65.5000000000,0.2763887803,0.5586494083,0.1649618114
-151.5000000000,65.5000000000,0.2821610351,0.5513556092,0.1664833556
-150.5000000000,65.5000000000,0.2660241747,0.5493056109,0.1846702144
-149.5000000000,65.5000000000,0.2608434527,0.5466425708,0.1925139765
