Lon,Lat,C_LonLatElev,B_LonLatElev,U_LonLatElev
-112.5000000000,78.5000000000,0.0280718007,0.2189991894,0.7529290099
-111.5000000000,78.5000000000,0.0282700699,0.2306225368,0.7411073933
-110.5000000000,78.5000000000,0.0287191339,0.2427023767,0.7285784894
-109.5000000000,78.5000000000,0.0285639303,0.2566619564,0.7147741133
-104.5000000000,78.5000000000,0.0277702332,0.3234704810,0.6487592858
-103.5000000000,78.5000000000,0.0274863213,0.3365031680,0.6360105107
-102.5000000000,78.5000000000,0.0281729814,0.3545024197,0.6173245989
-101.5000000000,78.5000000000,0.0289401618,0.3692510372,0.6018088009
-100.5000000000,78.5000000000,0.0293765116,0.3860492229,0.5845742655
-97.5000000000,78.5000000000,0.0309237677,0.4193070276,0.5497692046
-96.5000000000,78.5000000000,0.0317775751,0.4285998841,0.5396225408
-95.5000000000,78.5000000000,0.0338598831,0.4310940236,0.5350460933
-92.5000000000,78.5000000000,0.0412077022,0.4272911798,0.5315011180
-91.5000000000,78.5000000000,0.0521535179,0.4061219165,0.5417245657
-90.5000000000,78.5000000000,0.0590263832,0.3950470479,0.5459265688
-89.5000000000,78.5000000000,0.0589689053,0.3932947706,0.5477363241
-86.5000000000,78.5000000000,0.0648158255,0.3643000585,0.5708841160
-85.5000000000,78.5000000000,0.0665269596,0.3476714320,0.5858016085
-84.5000000000,78.5000000000,0.0665669304,0.3343171749,0.5991158947
-83.5000000000,78.5000000000,0.0685950598,0.3178133829,0.6135915573
-82.5000000000,78.5000000000,0.0613711920,0.3107613554,0.6278674526
-81.5000000000,78.5000000000,0.0628410847,0.2894767279,0.6476821874
-80.5000000000,78.5000000000,0.0655042606,0.2617737762,0.6727219632
-79.5000000000,78.5000000000,0.0684005386,0.2324649892,0.6991344722
-78.5000000000,78.5000000000,0.0524473717,0.2273336443,0.7202189841
-77.5000000000,78.5000000000,0.0439313602,0.2160366755,0.7400319643
-116.5000000000,77.5000000000,0.0355752532,0.2119993931,0.7524253538
-112.5000000000,77.5000000000,0.0285085089,0.2182586485,0.7532328426
-111.5000000000,77.5000000000,0.0286479972,0.2300062595,0.7413457434
-110.5000000000,77.5000000000,0.0287671398,0.2429062480,0.7283266122
-105.5000000000,77.5000000000,0.0283537930,0.3100919930,0.6615542140
-95.5000000000,77.5000000000,0.0338796269,0.4314371098,0.5346832633
-94.5000000000,77.5000000000,0.0360883990,0.4331130958,0.5307985053
-93.5000000000,77.5000000000,0.0384224144,0.4306272862,0.5309502994
-90.5000000000,77.5000000000,0.0491663529,0.4143497169,0.5364839302
-87.5000000000,77.5000000000,0.0586984251,0.3833787546,0.5579228203
-86.5000000000,77.5000000000,0.0649100840,0.3645269712,0.5705629448
-82.5000000000,77.5000000000,0.0636954953,0.3075656658,0.6287388389
-81.5000000000,77.5000000000,0.0575374408,0.2979552537,0.6445073055
-80.5000000000,77.5000000000,0.0625862605,0.2661149874,0.6712987521
-79.5000000000,77.5000000000,0.0555687391,0.2498868549,0.6945444060
-78.5000000000,77.5000000000,0.0471471397,0.2358040986,0.7170487617
-120.5000000000,76.5000000000,0.0621281652,0.2847037131,0.6531681217
-119.5000000000,76.5000000000,0.0511357830,0.2502885343,0.6985756827
-117.5000000000,76.5000000000,0.0400552159,0.2164476398,0.7434971443
-109.5000000000,76.5000000000,0.0292365389,0.2555853063,0.7151781548
-104.5000000000,76.5000000000,0.0282755709,0.3226939182,0.6490305109
-103.5000000000,76.5000000000,0.0279818526,0.3357272001,0.6362909474
-100.5000000000,76.5000000000,0.0304496512,0.3835620581,0.5859882908
-99.5000000000,76.5000000000,0.0311282210,0.3969138483,0.5719579307
-98.5000000000,76.5000000000,0.0317470701,0.4072733650,0.5609795649
-95.5000000000,76.5000000000,0.0352102454,0.4281351560,0.5366545986
-94.5000000000,76.5000000000,0.0385452514,0.4270981213,0.5343566273
-93.5000000000,76.5000000000,0.0389459591,0.4296977500,0.5313562910
-92.5000000000,76.5000000000,0.0434296514,0.4228590165,0.5337113321
-90.5000000000,76.5000000000,0.0491952864,0.4146817063,0.5361230073
-88.5000000000,76.5000000000,0.0556816845,0.3933148218,0.5510034936
-86.5000000000,76.5000000000,0.0636212001,0.3669979881,0.5693808118
-85.5000000000,76.5000000000,0.0690539464,0.3445655628,0.5863804908
-84.5000000000,76.5000000000,0.0652435887,0.3370861699,0.5976702415
-83.5000000000,76.5000000000,0.0679315633,0.3195051686,0.6125632681
-82.5000000000,76.5000000000,0.0731484946,0.2945697831,0.6322817223
-81.5000000000,76.5000000000,0.0619477187,0.2915012047,0.6465510765
-80.5000000000,76.5000000000,0.0568521032,0.2748847250,0.6682631717
-79.5000000000,76.5000000000,0.0595095308,0.2445713225,0.6959191467
-78.5000000000,76.5000000000,0.0487428107,0.2335671929,0.7176899964
-115.5000000000,75.5000000000,0.0346696316,0.2049314667,0.7603989017
-114.5000000000,75.5000000000,0.0340744951,0.2010387488,0.7648867560
-113.5000000000,75.5000000000,0.0325818664,0.2028760263,0.7645421073
-112.5000000000,75.5000000000,0.0313102813,0.2125355454,0.7561541734
-111.5000000000,75.5000000000,0.0295656294,0.2284242467,0.7420101240
-110.5000000000,75.5000000000,0.0297033619,0.2412297033,0.7290669348
-109.5000000000,75.5000000000,0.0295755522,0.2550542758,0.7153701720
-108.5000000000,75.5000000000,0.0298965080,0.2695587792,0.7005447128
-107.5000000000,75.5000000000,0.0303996218,0.2815600117,0.6880403665
-106.5000000000,75.5000000000,0.0293796587,0.2951578697,0.6754624717
-99.5000000000,75.5000000000,0.0310559762,0.3975255390,0.5714184849
-98.5000000000,75.5000000000,0.0315251322,0.4083276433,0.5601472245
-95.5000000000,75.5000000000,0.0346946425,0.4299529567,0.5353524008
-94.5000000000,75.5000000000,0.0380472228,0.4287660441,0.5331867331
-91.5000000000,75.5000000000,0.0473587991,0.4171385200,0.5355026808
-90.5000000000,75.5000000000,0.0532191531,0.4069999381,0.5397809087
-89.5000000000,75.5000000000,0.0569934580,0.3980186843,0.5449878577
-88.5000000000,75.5000000000,0.0585889586,0.3884202492,0.5529907922
-85.5000000000,75.5000000000,0.0684103532,0.3459077365,0.5856819104
-84.5000000000,75.5000000000,0.0691335632,0.3315839235,0.5992825133
-83.5000000000,75.5000000000,0.0791959787,0.3044685584,0.6163354629
-82.5000000000,75.5000000000,0.0810785412,0.2848626391,0.6340588197
-81.5000000000,75.5000000000,0.0676269246,0.2837145418,0.6486585336
-80.5000000000,75.5000000000,0.0606867930,0.2694984299,0.6698147771
-121.5000000000,74.5000000000,0.0768444566,0.3158553249,0.6073002185
-113.5000000000,74.5000000000,0.0310597956,0.2063097037,0.7626305006
-112.5000000000,74.5000000000,0.0306689267,0.2142300049,0.7551010684
-97.5000000000,74.5000000000,0.0320454975,0.4175498367,0.5504046658
-88.5000000000,74.5000000000,0.0565495028,0.3924883885,0.5509621087
-87.5000000000,74.5000000000,0.0655980972,0.3728880447,0.5615138581
-86.5000000000,74.5000000000,0.0657240291,0.3643589270,0.5699170439
-123.5000000000,73.5000000000,0.1035810618,0.3868979433,0.5095209948
-122.5000000000,73.5000000000,0.0933460525,0.3465703007,0.5600836468
-121.5000000000,73.5000000000,0.0784105982,0.3141452681,0.6074441337
-120.5000000000,73.5000000000,0.0654663166,0.2809524086,0.6535812749
-119.5000000000,73.5000000000,0.0529968071,0.2483720186,0.6986311742
-118.5000000000,73.5000000000,0.0467099391,0.2249939928,0.7282960681
-117.5000000000,73.5000000000,0.0420517979,0.2139211351,0.7440270670
-116.5000000000,73.5000000000,0.0384241949,0.2079297560,0.7536460491
-115.5000000000,73.5000000000,0.0349320305,0.2050140013,0.7600539682
-106.5000000000,73.5000000000,0.0301994847,0.2936354220,0.6761650933
-105.5000000000,73.5000000000,0.0303915328,0.3057876805,0.6638207867
-104.5000000000,73.5000000000,0.0293333227,0.3207037845,0.6499628927
-101.5000000000,73.5000000000,0.0299855839,0.3680161998,0.6019982163
-100.5000000000,73.5000000000,0.0316740345,0.3811310455,0.5871949200
-99.5000000000,73.5000000000,0.0315924631,0.3967289404,0.5716785965
-98.5000000000,73.5000000000,0.0326877397,0.4057274213,0.5615848390
-95.5000000000,73.5000000000,0.0368203294,0.4250098678,0.5381698028
-94.5000000000,73.5000000000,0.0402249546,0.4241027996,0.5356722458
-93.5000000000,73.5000000000,0.0432392752,0.4205466675,0.5362140573
-92.5000000000,73.5000000000,0.0463322584,0.4175480903,0.5361196513
-91.5000000000,73.5000000000,0.0494329228,0.4135641093,0.5370029679
-87.5000000000,73.5000000000,0.0646458913,0.3748129549,0.5605411539
-86.5000000000,73.5000000000,0.0687563231,0.3599930637,0.5712506132
-83.5000000000,73.5000000000,0.0681564715,0.3202660048,0.6115775238
-82.5000000000,73.5000000000,0.0668507718,0.3043473417,0.6288018865
-81.5000000000,73.5000000000,0.0622478066,0.2921082137,0.6456439797
-80.5000000000,73.5000000000,0.0646556222,0.2645926143,0.6707517634
-79.5000000000,73.5000000000,0.0606774858,0.2439329124,0.6953896017
-78.5000000000,73.5000000000,0.0496119686,0.2331546598,0.7172333716
-77.5000000000,73.5000000000,0.0461580239,0.2139996551,0.7398423210
-124.5000000000,72.5000000000,0.1204605363,0.4221478852,0.4573915785
-123.5000000000,72.5000000000,0.1081661965,0.3889384698,0.5028953337
-122.5000000000,72.5000000000,0.0962436376,0.3509065710,0.5528497914
-121.5000000000,72.5000000000,0.0827954606,0.3165956070,0.6006089324
-120.5000000000,72.5000000000,0.0694773844,0.2799743475,0.6505482680
-119.5000000000,72.5000000000,0.0561141579,0.2514703527,0.6924154895
-117.5000000000,72.5000000000,0.0458149073,0.2240246878,0.7301604049
-116.5000000000,72.5000000000,0.0425504349,0.2150555452,0.7423940199
-115.5000000000,72.5000000000,0.0380180668,0.2117847760,0.7501971572
-114.5000000000,72.5000000000,0.0347187173,0.2117642010,0.7535170817
-113.5000000000,72.5000000000,0.0333712480,0.2112025550,0.7554261969
-112.5000000000,72.5000000000,0.0334604382,0.2195642360,0.7469753258
-111.5000000000,72.5000000000,0.0323192073,0.2345411545,0.7331396383
-109.5000000000,72.5000000000,0.0341129816,0.2557218512,0.7101651672
-107.5000000000,72.5000000000,0.0327221616,0.2841712697,0.6831065687
-106.5000000000,72.5000000000,0.0321277797,0.2970830150,0.6707892053
-105.5000000000,72.5000000000,0.0310274470,0.3102102714,0.6587622816
-101.5000000000,72.5000000000,0.0313891179,0.3700599256,0.5985509566
-100.5000000000,72.5000000000,0.0314961086,0.3838526471,0.5846512444
-99.5000000000,72.5000000000,0.0323120958,0.3964975809,0.5711903233
-98.5000000000,72.5000000000,0.0323019202,0.4050510229,0.5626470569
-97.5000000000,72.5000000000,0.0336308207,0.4174248328,0.5489443465
-96.5000000000,72.5000000000,0.0353104759,0.4219553447,0.5427341795
-94.5000000000,72.5000000000,0.0406141730,0.4234461927,0.5359396343
-93.5000000000,72.5000000000,0.0411156635,0.4274284347,0.5314559017
-89.5000000000,72.5000000000,0.0570303252,0.4002904397,0.5426792351
-88.5000000000,72.5000000000,0.0606950270,0.3876687024,0.5516362706
-87.5000000000,72.5000000000,0.0659350793,0.3736826594,0.5603822613
-86.5000000000,72.5000000000,0.0676519032,0.3621849629,0.5701631339
-85.5000000000,72.5000000000,0.0666443464,0.3486247356,0.5847309180
-84.5000000000,72.5000000000,0.0700385520,0.3304069781,0.5995544699
-83.5000000000,72.5000000000,0.0696948797,0.3170845435,0.6132205768
-82.5000000000,72.5000000000,0.0718133504,0.3005496724,0.6276369771
-81.5000000000,72.5000000000,0.0664265761,0.2867382068,0.6468352170
-80.5000000000,72.5000000000,0.0574853935,0.2757284700,0.6667861365
-78.5000000000,72.5000000000,0.0485111508,0.2393199535,0.7121688957
-77.5000000000,72.5000000000,0.0478299487,0.2153542999,0.7368157514
-76.5000000000,72.5000000000,0.0447098774,0.1966450064,0.7586451162
-75.5000000000,72.5000000000,0.0367432078,0.1868674535,0.7763893387
-123.5000000000,71.5000000000,0.1222036858,0.3904175405,0.4873787737
-122.5000000000,71.5000000000,0.1104004375,0.3560708239,0.5335287386
-121.5000000000,71.5000000000,0.0917321132,0.3282444547,0.5800234321
-117.5000000000,71.5000000000,0.0547520852,0.2430540251,0.7021938897
-116.5000000000,71.5000000000,0.0503676046,0.2344442351,0.7151881603
-114.5000000000,71.5000000000,0.0426050409,0.2236438223,0.7337511367
-113.5000000000,71.5000000000,0.0407581592,0.2204551688,0.7387866720
-112.5000000000,71.5000000000,0.0390424362,0.2329742712,0.7279832926
-111.5000000000,71.5000000000,0.0388572101,0.2437827633,0.7173600267
-110.5000000000,71.5000000000,0.0392559366,0.2557935555,0.7049505078
-109.5000000000,71.5000000000,0.0382026706,0.2688174855,0.6929798438
-108.5000000000,71.5000000000,0.0358836955,0.2837566185,0.6803596859
-107.5000000000,71.5000000000,0.0345955063,0.2943307437,0.6710737501
-106.5000000000,71.5000000000,0.0339116722,0.3052900849,0.6607982430
-105.5000000000,71.5000000000,0.0334045896,0.3156618486,0.6509335618
-104.5000000000,71.5000000000,0.0324011162,0.3279576165,0.6396412674
-98.5000000000,71.5000000000,0.0339030381,0.4073922683,0.5587046936
-95.5000000000,71.5000000000,0.0384161530,0.4249811589,0.5366026881
-94.5000000000,71.5000000000,0.0410405891,0.4269569005,0.5320025103
-93.5000000000,71.5000000000,0.0427509249,0.4273491191,0.5298999559
-89.5000000000,71.5000000000,0.0593147667,0.3993857816,0.5412994517
-88.5000000000,71.5000000000,0.0642044643,0.3861056145,0.5496899212
-87.5000000000,71.5000000000,0.0665245791,0.3742784987,0.5591969221
-86.5000000000,71.5000000000,0.0698832469,0.3600713568,0.5700453963
-85.5000000000,71.5000000000,0.0677046785,0.3490458153,0.5832495062
-84.5000000000,71.5000000000,0.0685874824,0.3342234003,0.5971891174
-83.5000000000,71.5000000000,0.0696950347,0.3203521717,0.6099527936
-82.5000000000,71.5000000000,0.0698191381,0.3050153856,0.6251654763
-81.5000000000,71.5000000000,0.0662236189,0.2887000445,0.6450763366
-80.5000000000,71.5000000000,0.0628943078,0.2705385131,0.6665671791
-79.5000000000,71.5000000000,0.0629628690,0.2492636808,0.6877734502
-78.5000000000,71.5000000000,0.0570525248,0.2333175638,0.7096299113
-77.5000000000,71.5000000000,0.0528096112,0.2144654776,0.7327249111
-76.5000000000,71.5000000000,0.0467237865,0.1982192979,0.7550569155
-75.5000000000,71.5000000000,0.0396868619,0.1863354292,0.7739777088
-74.5000000000,71.5000000000,0.0379489285,0.1648656229,0.7971854486
-72.5000000000,71.5000000000,0.0249283669,0.1439410298,0.8311306033
-158.5000000000,70.5000000000,0.0188500218,0.3148804950,0.6662694832
-157.5000000000,70.5000000000,0.0196594682,0.3153182610,0.6650222708
-156.5000000000,70.5000000000,0.0215654954,0.3403274614,0.6381070432
-155.5000000000,70.5000000000,0.0242770998,0.3725578668,0.6031650334
-154.5000000000,70.5000000000,0.0277803378,0.4060139038,0.5662057584
-153.5000000000,70.5000000000,0.0316269833,0.4302297764,0.5381432404
-152.5000000000,70.5000000000,0.0356185637,0.4439179683,0.5204634680
-149.5000000000,70.5000000000,0.0436272920,0.4460218347,0.5103508733
-111.5000000000,70.5000000000,0.0461002726,0.2700094204,0.6838903069
-110.5000000000,70.5000000000,0.0463504622,0.2796976521,0.6739518858
-109.5000000000,70.5000000000,0.0440244617,0.2907955816,0.6651799567
-108.5000000000,70.5000000000,0.0425025060,0.2990849929,0.6584125011
-107.5000000000,70.5000000000,0.0404507899,0.3084261216,0.6511230885
-106.5000000000,70.5000000000,0.0389704128,0.3156415458,0.6453880413
-105.5000000000,70.5000000000,0.0365426394,0.3243663381,0.6390910224
-104.5000000000,70.5000000000,0.0354100046,0.3356449683,0.6289450271
-103.5000000000,70.5000000000,0.0348700318,0.3486739323,0.6164560359
-95.5000000000,70.5000000000,0.0411982202,0.4277486262,0.5310531536
-94.5000000000,70.5000000000,0.0448736846,0.4255775414,0.5295487740
-93.5000000000,70.5000000000,0.0497814008,0.4203724354,0.5298461638
-92.5000000000,70.5000000000,0.0496280675,0.4243196116,0.5260523208
-88.5000000000,70.5000000000,0.0658687586,0.3890983289,0.5450329125
-87.5000000000,70.5000000000,0.0705731872,0.3762357860,0.5531910268
-86.5000000000,70.5000000000,0.0748750444,0.3604192309,0.5647057247
-85.5000000000,70.5000000000,0.0760964480,0.3430579776,0.5808455745
-84.5000000000,70.5000000000,0.0740856306,0.3333526186,0.5925617508
-83.5000000000,70.5000000000,0.0738920202,0.3199672662,0.6061407136
-82.5000000000,70.5000000000,0.0717105088,0.3083023066,0.6199871846
-81.5000000000,70.5000000000,0.0667936824,0.2937185304,0.6394877871
-80.5000000000,70.5000000000,0.0631130381,0.2771707419,0.6597162200
-79.5000000000,70.5000000000,0.0585010673,0.2634612088,0.6780377240
-78.5000000000,70.5000000000,0.0567625582,0.2431263131,0.7001111287
-77.5000000000,70.5000000000,0.0527275175,0.2220204342,0.7252520483
-76.5000000000,70.5000000000,0.0480167079,0.2037505021,0.7482327900
-75.5000000000,70.5000000000,0.0429304638,0.1864966156,0.7705729206
-74.5000000000,70.5000000000,0.0383923755,0.1690703709,0.7925372536
-73.5000000000,70.5000000000,0.0324235477,0.1556662112,0.8119102411
-72.5000000000,70.5000000000,0.0279153147,0.1401518230,0.8319328623
-71.5000000000,70.5000000000,0.0273131826,0.1212758275,0.8514109899
-70.5000000000,70.5000000000,0.0189774101,0.1191582571,0.8618643328
-69.5000000000,70.5000000000,0.0156725547,0.1095987646,0.8747286807
-68.5000000000,70.5000000000,0.0132562453,0.1027081928,0.8840355620
-162.5000000000,69.5000000000,0.0197246862,0.3614894364,0.6187858774
-161.5000000000,69.5000000000,0.0198808944,0.3643019292,0.6158171763
-160.5000000000,69.5000000000,0.0199452102,0.3556423600,0.6244124297
-159.5000000000,69.5000000000,0.0196152733,0.3513444810,0.6290402457
-158.5000000000,69.5000000000,0.0201771117,0.3477949074,0.6320279809
-157.5000000000,69.5000000000,0.0214369561,0.3552702215,0.6232928224
-156.5000000000,69.5000000000,0.0237804963,0.3856258305,0.5905936732
-155.5000000000,69.5000000000,0.0275072967,0.4200074968,0.5524852065
-154.5000000000,69.5000000000,0.0321623990,0.4571417493,0.5106958517
-153.5000000000,69.5000000000,0.0380131180,0.4829653014,0.4790215805
-152.5000000000,69.5000000000,0.0436604234,0.4953149692,0.4610246074
-151.5000000000,69.5000000000,0.0458245238,0.4910383407,0.4631371355
-150.5000000000,69.5000000000,0.0473722148,0.4794280786,0.4731997067
-149.5000000000,69.5000000000,0.0504851393,0.4690183232,0.4804965375
-148.5000000000,69.5000000000,0.0579440159,0.4828555695,0.4592004146
-147.5000000000,69.5000000000,0.0699703462,0.5012057364,0.4288239174
-146.5000000000,69.5000000000,0.0838022268,0.5140742544,0.4021235188
-145.5000000000,69.5000000000,0.1027869132,0.5170592455,0.3801538413
-144.5000000000,69.5000000000,0.0955775298,0.5497951944,0.3546272758
-143.5000000000,69.5000000000,0.0941877991,0.5686744211,0.3371377798
-142.5000000000,69.5000000000,0.0981221299,0.5694556020,0.3324222680
-141.5000000000,69.5000000000,0.0907716902,0.5752953093,0.3339330005
-140.5000000000,69.5000000000,0.0893952976,0.5698252616,0.3407794408
-139.5000000000,69.5000000000,0.0854267066,0.5745376372,0.3400356562
-132.5000000000,69.5000000000,0.2066093207,0.5829683656,0.2104223137
-131.5000000000,69.5000000000,0.2067709020,0.5774397249,0.2157893731
-130.5000000000,69.5000000000,0.1979955443,0.5722512407,0.2297532150
-129.5000000000,69.5000000000,0.1875543925,0.5632165848,0.2492290226
-128.5000000000,69.5000000000,0.1736490841,0.5527619212,0.2735889947
-127.5000000000,69.5000000000,0.1672309497,0.5322482704,0.3005207799
-126.5000000000,69.5000000000,0.1655070082,0.5062843962,0.3282085957
-125.5000000000,69.5000000000,0.1520979575,0.4916088490,0.3562931935
-124.5000000000,69.5000000000,0.1476600199,0.4627957851,0.3895441950
-122.5000000000,69.5000000000,0.1483780381,0.3905485597,0.4610734022
-121.5000000000,69.5000000000,0.1418776357,0.3622080880,0.4959142763
-116.5000000000,69.5000000000,0.0870960155,0.3015539566,0.6113500279
-115.5000000000,69.5000000000,0.0815473411,0.2958442130,0.6226084460
-114.5000000000,69.5000000000,0.0753648811,0.2917087684,0.6329263505
-113.5000000000,69.5000000000,0.0701001333,0.2897626250,0.6401372416
-112.5000000000,69.5000000000,0.0660430808,0.2904263039,0.6435306153
-111.5000000000,69.5000000000,0.0606029101,0.2980511877,0.6413459022
-110.5000000000,69.5000000000,0.0574004247,0.3060508411,0.6365487342
-109.5000000000,69.5000000000,0.0540023180,0.3139963635,0.6320013185
-108.5000000000,69.5000000000,0.0505092167,0.3206225653,0.6288682180
-107.5000000000,69.5000000000,0.0467632991,0.3267355554,0.6265011456
-106.5000000000,69.5000000000,0.0432882172,0.3345388058,0.6221729770
-105.5000000000,69.5000000000,0.0406703144,0.3381000630,0.6212296226
-104.5000000000,69.5000000000,0.0387165225,0.3447033568,0.6165801207
-103.5000000000,69.5000000000,0.0379951352,0.3555870580,0.6064178067
-97.5000000000,69.5000000000,0.0407873493,0.4259429728,0.5332696778
-96.5000000000,69.5000000000,0.0415980107,0.4316833813,0.5267186080
-95.5000000000,69.5000000000,0.0423307682,0.4351448649,0.5225243669
-92.5000000000,69.5000000000,0.0546408582,0.4241478051,0.5212113367
-91.5000000000,69.5000000000,0.0579513589,0.4205852088,0.5214634324
-90.5000000000,69.5000000000,0.0631348883,0.4120181124,0.5248469993
-85.5000000000,69.5000000000,0.0774585951,0.3495928045,0.5729486004
-84.5000000000,69.5000000000,0.0819709223,0.3314758124,0.5865532652
-83.5000000000,69.5000000000,0.0786491724,0.3231335350,0.5982172926
-82.5000000000,69.5000000000,0.0738796529,0.3136242558,0.6124960914
-76.5000000000,69.5000000000,0.0457611634,0.2124048766,0.7418339601
-75.5000000000,69.5000000000,0.0409177626,0.1949644303,0.7641178070
-74.5000000000,69.5000000000,0.0378403705,0.1752312387,0.7869283908
-73.5000000000,69.5000000000,0.0327850534,0.1590111540,0.8082037927
-72.5000000000,69.5000000000,0.0271901999,0.1441546547,0.8286551454
-71.5000000000,69.5000000000,0.0233319270,0.1299981751,0.8466698979
-70.5000000000,69.5000000000,0.0184754090,0.1212801319,0.8602444591
-69.5000000000,69.5000000000,0.0175021556,0.1060507804,0.8764470639
-68.5000000000,69.5000000000,0.0152688405,0.0977862796,0.8869448799
-165.5000000000,68.5000000000,0.0202104294,0.3284224753,0.6513670953
-164.5000000000,68.5000000000,0.0203279753,0.3425522098,0.6371198148
-163.5000000000,68.5000000000,0.0219878048,0.3506492791,0.6273629161
-162.5000000000,68.5000000000,0.0233769388,0.3629672014,0.6136558598
-161.5000000000,68.5000000000,0.0227736148,0.3797745996,0.5974517856
-160.5000000000,68.5000000000,0.0239705553,0.3768501538,0.5991792909
-159.5000000000,68.5000000000,0.0234728625,0.3807187160,0.5958084215
-158.5000000000,68.5000000000,0.0248322127,0.3833435941,0.5918241933
-157.5000000000,68.5000000000,0.0272099133,0.3962119170,0.5765781696
-156.5000000000,68.5000000000,0.0282133164,0.4415911830,0.5301955006
-155.5000000000,68.5000000000,0.0336913795,0.4751638412,0.4911447792
-154.5000000000,68.5000000000,0.0418144917,0.5107451821,0.4474403262
-153.5000000000,68.5000000000,0.0511385701,0.5360196499,0.4128417799
-152.5000000000,68.5000000000,0.0605157373,0.5456197497,0.3938645130
-151.5000000000,68.5000000000,0.0666839168,0.5315428357,0.4017732476
-150.5000000000,68.5000000000,0.0678037240,0.5068037149,0.4253925612
-149.5000000000,68.5000000000,0.0664137873,0.4905066668,0.4430795458
-148.5000000000,68.5000000000,0.0890434729,0.4928741872,0.4180823399
-147.5000000000,68.5000000000,0.1129784446,0.5041058291,0.3829157263
-146.5000000000,68.5000000000,0.1137746231,0.5297829545,0.3564424224
-145.5000000000,68.5000000000,0.1185775415,0.5474289266,0.3339935319
-144.5000000000,68.5000000000,0.1181691356,0.5616372393,0.3201936250
-143.5000000000,68.5000000000,0.1174397817,0.5728231149,0.3097371034
-142.5000000000,68.5000000000,0.1070258497,0.5888030883,0.3041710620
-141.5000000000,68.5000000000,0.1016462484,0.5826361767,0.3157175750
-140.5000000000,68.5000000000,0.0963070283,0.5753093314,0.3283836403
-139.5000000000,68.5000000000,0.0988852732,0.5671287225,0.3339860043
-138.5000000000,68.5000000000,0.1085516584,0.5610875656,0.3303607761
-137.5000000000,68.5000000000,0.1203494324,0.5784695503,0.3011810173
-136.5000000000,68.5000000000,0.1356013365,0.5964682086,0.2679304549
-135.5000000000,68.5000000000,0.1537217058,0.6103385920,0.2359397023
-134.5000000000,68.5000000000,0.1843495892,0.6053715917,0.2102788190
-133.5000000000,68.5000000000,0.2149546493,0.5897615263,0.1952838244
-132.5000000000,68.5000000000,0.2274129927,0.5791053223,0.1934816851
-131.5000000000,68.5000000000,0.2264781615,0.5711425365,0.2023793021
-130.5000000000,68.5000000000,0.2116911975,0.5711794839,0.2171293186
-129.5000000000,68.5000000000,0.1975102810,0.5657087824,0.2367809367
-128.5000000000,68.5000000000,0.1825432882,0.5578238706,0.2596328412
-127.5000000000,68.5000000000,0.1735262120,0.5409691435,0.2855046445
-126.5000000000,68.5000000000,0.1678471068,0.5235316920,0.3086212011
-125.5000000000,68.5000000000,0.1690846511,0.4985135461,0.3324018029
-124.5000000000,68.5000000000,0.1712853793,0.4710979742,0.3576166466
-123.5000000000,68.5000000000,0.1753669208,0.4408619825,0.3837710967
-122.5000000000,68.5000000000,0.1766386522,0.4135622297,0.4097991181
-121.5000000000,68.5000000000,0.1816701789,0.3829753014,0.4353545197
-120.5000000000,68.5000000000,0.1737921646,0.3664763376,0.4597314977
-119.5000000000,68.5000000000,0.1628614455,0.3538630280,0.4832755265
-118.5000000000,68.5000000000,0.1470748644,0.3506834335,0.5022417021
-117.5000000000,68.5000000000,0.1346532587,0.3449738125,0.5203729288
-116.5000000000,68.5000000000,0.1234060118,0.3387589189,0.5378350693
-115.5000000000,68.5000000000,0.1109940714,0.3368933974,0.5521125312
-114.5000000000,68.5000000000,0.1024579718,0.3344138777,0.5631281505
-112.5000000000,68.5000000000,0.0846170073,0.3320740614,0.5833089313
-107.5000000000,68.5000000000,0.0554481406,0.3489545136,0.5955973458
-105.5000000000,68.5000000000,0.0459691820,0.3488547989,0.6051760191
-104.5000000000,68.5000000000,0.0434679775,0.3522740533,0.6042579692
-97.5000000000,68.5000000000,0.0462530371,0.4303062023,0.5234407606
-96.5000000000,68.5000000000,0.0476307789,0.4356828508,0.5166863703
-93.5000000000,68.5000000000,0.0551555601,0.4337607365,0.5110837035
-92.5000000000,68.5000000000,0.0608419065,0.4246739964,0.5144840971
-91.5000000000,68.5000000000,0.0675936014,0.4158223870,0.5165840116
-89.5000000000,68.5000000000,0.0742568877,0.3980299718,0.5277131405
-88.5000000000,68.5000000000,0.0802040404,0.3872087427,0.5325872169
-85.5000000000,68.5000000000,0.0887370627,0.3475825249,0.5636804124
-84.5000000000,68.5000000000,0.0889377574,0.3331727622,0.5778894804
-83.5000000000,68.5000000000,0.0864494923,0.3229309908,0.5906195169
-73.5000000000,68.5000000000,0.0314865502,0.1653554519,0.8031579979
-72.5000000000,68.5000000000,0.0272526611,0.1486590201,0.8240883188
-71.5000000000,68.5000000000,0.0231315699,0.1337625526,0.8431058775
-70.5000000000,68.5000000000,0.0197575093,0.1201814745,0.8600610162
-69.5000000000,68.5000000000,0.0170531000,0.1084347017,0.8745121984
-68.5000000000,68.5000000000,0.0134300254,0.1029798197,0.8835901549
-163.5000000000,67.5000000000,0.0200383399,0.3635027651,0.6164588950
-162.5000000000,67.5000000000,0.0196091835,0.3869592279,0.5934315887
-161.5000000000,67.5000000000,0.0219496906,0.3958903161,0.5821599933
-160.5000000000,67.5000000000,0.0215813051,0.4133990136,0.5650196813
-159.5000000000,67.5000000000,0.0234295178,0.4274105480,0.5491599341
-158.5000000000,67.5000000000,0.0265269494,0.4461643959,0.5273086547
-157.5000000000,67.5000000000,0.0310522986,0.4725042417,0.4964434597
-156.5000000000,67.5000000000,0.0375209098,0.5043992016,0.4580798885
-155.5000000000,67.5000000000,0.0449153636,0.5274212212,0.4276634152
-154.5000000000,67.5000000000,0.0587469994,0.5545867760,0.3866662246
-153.5000000000,67.5000000000,0.0656787924,0.5895180742,0.3448031334
-152.5000000000,67.5000000000,0.0806358311,0.5947344447,0.3246297241
-151.5000000000,67.5000000000,0.0873800534,0.5873061005,0.3253138462
-150.5000000000,67.5000000000,0.0853260831,0.5692823432,0.3453915737
-149.5000000000,67.5000000000,0.0887406697,0.5510131234,0.3602462069
-148.5000000000,67.5000000000,0.0964470116,0.5674663545,0.3360866340
-147.5000000000,67.5000000000,0.1184789279,0.5747844318,0.3067366403
-146.5000000000,67.5000000000,0.1146022755,0.5923097353,0.2930879892
-145.5000000000,67.5000000000,0.1134049438,0.6048314005,0.2817636557
-144.5000000000,67.5000000000,0.1055761623,0.6169888480,0.2774349896
-143.5000000000,67.5000000000,0.1000243607,0.6247480267,0.2752276126
-142.5000000000,67.5000000000,0.1017841322,0.6261608218,0.2720550460
-141.5000000000,67.5000000000,0.0988687237,0.6112182818,0.2899129944
-140.5000000000,67.5000000000,0.0974390716,0.5941244754,0.3084364530
-139.5000000000,67.5000000000,0.0999875194,0.5879961143,0.3120163663
-138.5000000000,67.5000000000,0.1104920020,0.5861686982,0.3033392999
-137.5000000000,67.5000000000,0.1331406709,0.5852725781,0.2815867510
-136.5000000000,67.5000000000,0.1671663840,0.5803767887,0.2524568273
-135.5000000000,67.5000000000,0.1732027539,0.6043530201,0.2224442260
-134.5000000000,67.5000000000,0.1917226799,0.6086280947,0.1996492254
-133.5000000000,67.5000000000,0.2227884814,0.5932721096,0.1839394090
-132.5000000000,67.5000000000,0.2423754584,0.5775302671,0.1800942744
-131.5000000000,67.5000000000,0.2288149945,0.5812336010,0.1899514046
-130.5000000000,67.5000000000,0.2212540480,0.5727009225,0.2060450295
-129.5000000000,67.5000000000,0.2008657813,0.5723771215,0.2267570971
-128.5000000000,67.5000000000,0.1894495244,0.5612441834,0.2493062922
-127.5000000000,67.5000000000,0.1808620057,0.5497938359,0.2693441584
-126.5000000000,67.5000000000,0.1790347964,0.5336227971,0.2873424065
-125.5000000000,67.5000000000,0.1823082319,0.5135261691,0.3041655991
-124.5000000000,67.5000000000,0.1889214654,0.4881121622,0.3229663725
-123.5000000000,67.5000000000,0.1983532862,0.4629627643,0.3386839495
-122.5000000000,67.5000000000,0.2053052928,0.4387004752,0.3559942320
-121.5000000000,67.5000000000,0.2123556429,0.4149575312,0.3726868259
-120.5000000000,67.5000000000,0.2105967718,0.4001797557,0.3892234724
-119.5000000000,67.5000000000,0.2058814712,0.3896690198,0.4044495090
-118.5000000000,67.5000000000,0.1994024336,0.3808356731,0.4197618933
-117.5000000000,67.5000000000,0.1842572260,0.3789433194,0.4367994545
-116.5000000000,67.5000000000,0.1728215381,0.3736545596,0.4535239023
-115.5000000000,67.5000000000,0.1588784656,0.3728065041,0.4683150303
-114.5000000000,67.5000000000,0.1499114147,0.3666491196,0.4834394656
-113.5000000000,67.5000000000,0.1366656567,0.3638203550,0.4995139884
-112.5000000000,67.5000000000,0.1224634925,0.3620087222,0.5155277853
-111.5000000000,67.5000000000,0.1086986386,0.3649733568,0.5263280046
-110.5000000000,67.5000000000,0.0971110420,0.3694403348,0.5334486233
-109.5000000000,67.5000000000,0.0865369095,0.3716416446,0.5418214459
-107.5000000000,67.5000000000,0.0681823321,0.3720319274,0.5597857405
-106.5000000000,67.5000000000,0.0615754411,0.3695358845,0.5688886744
-105.5000000000,67.5000000000,0.0547219528,0.3639578476,0.5813201996
-104.5000000000,67.5000000000,0.0501495090,0.3654772840,0.5843732070
-103.5000000000,67.5000000000,0.0490378354,0.3728605113,0.5781016532
-102.5000000000,67.5000000000,0.0496280323,0.3848949783,0.5654769894
-101.5000000000,67.5000000000,0.0503344181,0.3985884284,0.5510771536
-100.5000000000,67.5000000000,0.0514501597,0.4103850758,0.5381647645
-99.5000000000,67.5000000000,0.0527413188,0.4196114647,0.5276472165
-98.5000000000,67.5000000000,0.0538272531,0.4288410147,0.5173317322
-97.5000000000,67.5000000000,0.0550673236,0.4359173677,0.5090153087
-96.5000000000,67.5000000000,0.0552646500,0.4394782378,0.5052571123
-94.5000000000,67.5000000000,0.0631727704,0.4352102930,0.5016169365
-93.5000000000,67.5000000000,0.0665014203,0.4315460644,0.5019525153
-92.5000000000,67.5000000000,0.0734090737,0.4216007374,0.5049901889
-91.5000000000,67.5000000000,0.0768370906,0.4172373724,0.5059255370
-90.5000000000,67.5000000000,0.0841933001,0.4039669751,0.5118397248
-89.5000000000,67.5000000000,0.0870255307,0.3938351279,0.5191393414
-88.5000000000,67.5000000000,0.0938673937,0.3822781940,0.5238544123
-85.5000000000,67.5000000000,0.1009704698,0.3477746935,0.5512548366
-84.5000000000,67.5000000000,0.0994777026,0.3356187000,0.5649035974
-83.5000000000,67.5000000000,0.0951720301,0.3238469631,0.5809810067
-82.5000000000,67.5000000000,0.0906832151,0.3128442947,0.5964724902
-81.5000000000,67.5000000000,0.0827871509,0.3000097519,0.6172030972
-76.5000000000,67.5000000000,0.0529302271,0.2221188822,0.7249508907
-75.5000000000,67.5000000000,0.0457535649,0.2044617146,0.7497847204
-71.5000000000,67.5000000000,0.0235278402,0.1393954375,0.8370767223
-70.5000000000,67.5000000000,0.0200563437,0.1253156003,0.8546280559
-69.5000000000,67.5000000000,0.0175499136,0.1119983703,0.8704517161
-68.5000000000,67.5000000000,0.0152872284,0.1010717807,0.8836409909
-67.5000000000,67.5000000000,0.0142636574,0.0920252234,0.8937111192
-66.5000000000,67.5000000000,0.0144151155,0.0856951681,0.8998897163
-65.5000000000,67.5000000000,0.0133347868,0.0880638745,0.8986013387
-64.5000000000,67.5000000000,0.0116280766,0.0954435371,0.8929283863
-164.5000000000,66.5000000000,0.0191721242,0.3428218547,0.6380060210
-160.5000000000,66.5000000000,0.0205409023,0.4395860515,0.5398730462
-159.5000000000,66.5000000000,0.0226597269,0.4669238149,0.5104164583
-158.5000000000,66.5000000000,0.0266009687,0.5028909123,0.4705081190
-157.5000000000,66.5000000000,0.0328533811,0.5447431058,0.4224035131
-156.5000000000,66.5000000000,0.0409973215,0.5818509903,0.3771516882
-155.5000000000,66.5000000000,0.0431203126,0.6047920244,0.3520876630
-154.5000000000,66.5000000000,0.0550734610,0.6248273141,0.3200992249
-153.5000000000,66.5000000000,0.0664061055,0.6431587713,0.2904351232
-152.5000000000,66.5000000000,0.0769771952,0.6498275355,0.2731952692
-151.5000000000,66.5000000000,0.0886665204,0.6368122543,0.2745212253
-150.5000000000,66.5000000000,0.1035801210,0.6169037702,0.2795161087
-149.5000000000,66.5000000000,0.1075863227,0.6106453627,0.2817683146
-148.5000000000,66.5000000000,0.1083252275,0.6222546076,0.2694201649
-147.5000000000,66.5000000000,0.1136597171,0.6315283107,0.2548119723
-146.5000000000,66.5000000000,0.1101749308,0.6375312811,0.2522937881
-145.5000000000,66.5000000000,0.1050964931,0.6488323998,0.2460711071
-144.5000000000,66.5000000000,0.0957559421,0.6496744452,0.2545696127
-143.5000000000,66.5000000000,0.0901255735,0.6494271529,0.2604472735
-142.5000000000,66.5000000000,0.0934992942,0.6451943331,0.2613063727
-141.5000000000,66.5000000000,0.1023629671,0.6249474114,0.2726896215
-140.5000000000,66.5000000000,0.1075984620,0.6062892775,0.2861122605
-139.5000000000,66.5000000000,0.1155290335,0.5983752469,0.2860957196
-138.5000000000,66.5000000000,0.1233066228,0.6012451457,0.2754482315
-137.5000000000,66.5000000000,0.1438623118,0.6005108229,0.2556268653
-136.5000000000,66.5000000000,0.1744203106,0.5947450113,0.2308346781
-135.5000000000,66.5000000000,0.1928734331,0.5987922456,0.2083343212
-134.5000000000,66.5000000000,0.2196013828,0.5898732448,0.1905253724
-133.5000000000,66.5000000000,0.2299960213,0.5926070249,0.1773969538
-132.5000000000,66.5000000000,0.2441390331,0.5812965139,0.1745644529
-131.5000000000,66.5000000000,0.2384254458,0.5786461948,0.1829283594
-130.5000000000,66.5000000000,0.2206080849,0.5805594875,0.1988324276
-129.5000000000,66.5000000000,0.2009164870,0.5800003925,0.2190831205
-128.5000000000,66.5000000000,0.1866006582,0.5740611337,0.2393382081
-127.5000000000,66.5000000000,0.1788556503,0.5649377723,0.2562065774
-126.5000000000,66.5000000000,0.1842640898,0.5487945947,0.2669413155
-125.5000000000,66.5000000000,0.2003907203,0.5227166380,0.2768926416
-124.5000000000,66.5000000000,0.2147775995,0.4990265822,0.2861958184
-123.5000000000,66.5000000000,0.2296343950,0.4764372792,0.2939283258
-122.5000000000,66.5000000000,0.2352357828,0.4617853311,0.3029788861
-121.5000000000,66.5000000000,0.2455151548,0.4425788052,0.3119060400
-120.5000000000,66.5000000000,0.2505532625,0.4282945191,0.3211522184
-119.5000000000,66.5000000000,0.2580797937,0.4125719095,0.3293482968
-118.5000000000,66.5000000000,0.2526463301,0.4063420185,0.3410116514
-117.5000000000,66.5000000000,0.2361413995,0.4063073486,0.3575512519
-116.5000000000,66.5000000000,0.2334540927,0.3962321983,0.3703137090
-115.5000000000,66.5000000000,0.2230114238,0.3906808728,0.3863077034
-114.5000000000,66.5000000000,0.2032860325,0.3927636491,0.4039503184
-113.5000000000,66.5000000000,0.1830798518,0.3931915669,0.4237285812
-112.5000000000,66.5000000000,0.1641965655,0.3914238933,0.4443795412
-111.5000000000,66.5000000000,0.1451389960,0.3912013113,0.4636596927
-110.5000000000,66.5000000000,0.1282580366,0.3947925843,0.4769493790
-109.5000000000,66.5000000000,0.1112569413,0.3965758174,0.4921672413
-108.5000000000,66.5000000000,0.1012087667,0.3906574087,0.5081338245
-107.5000000000,66.5000000000,0.0823028932,0.3979452754,0.5197518314
-106.5000000000,66.5000000000,0.0775918875,0.3890692477,0.5333388648
-105.5000000000,66.5000000000,0.0682822663,0.3815981731,0.5501195607
-104.5000000000,66.5000000000,0.0618924945,0.3810575005,0.5570500050
-103.5000000000,66.5000000000,0.0605947822,0.3874823618,0.5519228560
-102.5000000000,66.5000000000,0.0605853334,0.3961699496,0.5432447169
-101.5000000000,66.5000000000,0.0613664085,0.4073447780,0.5312888135
-100.5000000000,66.5000000000,0.0624477374,0.4163641792,0.5211880833
-99.5000000000,66.5000000000,0.0639441118,0.4240788196,0.5119770686
-98.5000000000,66.5000000000,0.0652870231,0.4323579082,0.5023550687
-97.5000000000,66.5000000000,0.0665306876,0.4392539662,0.4942153462
-96.5000000000,66.5000000000,0.0678279501,0.4420507200,0.4901213299
-95.5000000000,66.5000000000,0.0710932266,0.4422810212,0.4866257522
-94.5000000000,66.5000000000,0.0785640285,0.4345987886,0.4868371828
-93.5000000000,66.5000000000,0.0820401795,0.4299889891,0.4879708314
-92.5000000000,66.5000000000,0.0869675885,0.4246769934,0.4883554182
-91.5000000000,66.5000000000,0.0907610060,0.4182102210,0.4910287730
-90.5000000000,66.5000000000,0.1003581411,0.4024424930,0.4971993659
-89.5000000000,66.5000000000,0.1009815374,0.3959153311,0.5031031315
-88.5000000000,66.5000000000,0.1080457978,0.3837593608,0.5081948414
-87.5000000000,66.5000000000,0.1073576121,0.3779826731,0.5146597148
-84.5000000000,66.5000000000,0.1071591336,0.3414253573,0.5514155092
-83.5000000000,66.5000000000,0.1023430266,0.3293359408,0.5683210327
-73.5000000000,66.5000000000,0.0363330285,0.1782408948,0.7854260768
-72.5000000000,66.5000000000,0.0310710214,0.1625256985,0.8064032801
-71.5000000000,66.5000000000,0.0256857786,0.1457047440,0.8286094774
-70.5000000000,66.5000000000,0.0213369795,0.1326120540,0.8460509665
-69.5000000000,66.5000000000,0.0176842481,0.1202391281,0.8620766238
-68.5000000000,66.5000000000,0.0155288254,0.1096119261,0.8748592486
-67.5000000000,66.5000000000,0.0133992889,0.1017186724,0.8848820387
-66.5000000000,66.5000000000,0.0129398461,0.0953110857,0.8917490682
-65.5000000000,66.5000000000,0.0118833110,0.0987349107,0.8893817783
-64.5000000000,66.5000000000,0.0142146449,0.0964033410,0.8893820140
-63.5000000000,66.5000000000,0.0140760988,0.1019174674,0.8840064338
-62.5000000000,66.5000000000,0.0139765535,0.1082496159,0.8777738306
-167.5000000000,65.5000000000,0.0195170021,0.2797988959,0.7006841020
-166.5000000000,65.5000000000,0.0193971058,0.2978911861,0.6827117081
-165.5000000000,65.5000000000,0.0202305219,0.3132930097,0.6664764684
-164.5000000000,65.5000000000,0.0198146573,0.3329672199,0.6472181228
-163.5000000000,65.5000000000,0.0196375017,0.3541448563,0.6262176420
-162.5000000000,65.5000000000,0.0194211200,0.3829189705,0.5976599095
-161.5000000000,65.5000000000,0.0212519924,0.4051220758,0.5736259319
-160.5000000000,65.5000000000,0.0225459881,0.4387522970,0.5387017149
-159.5000000000,65.5000000000,0.0250055742,0.4758292953,0.4991651305
-158.5000000000,65.5000000000,0.0295150777,0.5198111169,0.4506738054
-157.5000000000,65.5000000000,0.0333100591,0.5701606533,0.3965292876
-156.5000000000,65.5000000000,0.0404308410,0.6110967204,0.3484724386
-155.5000000000,65.5000000000,0.0494689644,0.6329288795,0.3176021560
-154.5000000000,65.5000000000,0.0633956101,0.6502166122,0.2863877777
-153.5000000000,65.5000000000,0.0794621169,0.6616612373,0.2588766458
-152.5000000000,65.5000000000,0.0958715947,0.6637886726,0.2403397327
-151.5000000000,65.5000000000,0.1072496467,0.6633004894,0.2294498639
-150.5000000000,65.5000000000,0.1105012719,0.6651585561,0.2243401720
-149.5000000000,65.5000000000,0.1200884273,0.6538411158,0.2260704569
