Lon,Lat,C_LonLatElev,B_LonLatElev,U_LonLatElev
-123.5000000000,73.5000000000,0.0398243211,0.2988197356,0.6613559433
-122.5000000000,73.5000000000,0.0437039103,0.2660097502,0.6902863395
-121.5000000000,73.5000000000,0.0459375435,0.2380184379,0.7160440187
-120.5000000000,73.5000000000,0.0491427061,0.2189910283,0.7318662656
-119.5000000000,73.5000000000,0.0526988583,0.2152796112,0.7320215306
-118.5000000000,73.5000000000,0.0588351297,0.2178085793,0.7233562910
-117.5000000000,73.5000000000,0.0634025493,0.2256124926,0.7109849581
-116.5000000000,73.5000000000,0.0668916206,0.2338469637,0.6992614158
-115.5000000000,73.5000000000,0.0711678963,0.2420758113,0.6867562924
-106.5000000000,73.5000000000,0.1222060991,0.3040119311,0.5737819698
-105.5000000000,73.5000000000,0.1286585331,0.3065573886,0.5647840783
-104.5000000000,73.5000000000,0.1301643518,0.3126074049,0.5572282434
-101.5000000000,73.5000000000,0.1392266084,0.3136745605,0.5470988311
-100.5000000000,73.5000000000,0.1456517319,0.3102849180,0.5440633502
-99.5000000000,73.5000000000,0.1440093203,0.3113141672,0.5446765126
-98.5000000000,73.5000000000,0.1483037402,0.3079871021,0.5437091577
-95.5000000000,73.5000000000,0.1481296407,0.3047816377,0.5470887217
-94.5000000000,73.5000000000,0.1491005472,0.3024260403,0.5484734126
-93.5000000000,73.5000000000,0.1462358734,0.3008505774,0.5529135492
-92.5000000000,73.5000000000,0.1442352254,0.2979663468,0.5577984278
-91.5000000000,73.5000000000,0.1395082804,0.2953815237,0.5651101959
-87.5000000000,73.5000000000,0.1263697679,0.2889472067,0.5846830254
-86.5000000000,73.5000000000,0.1254452900,0.2836437068,0.5909110032
-83.5000000000,73.5000000000,0.1073475570,0.2719495797,0.6207028633
-82.5000000000,73.5000000000,0.1030488719,0.2678550609,0.6290960672
-81.5000000000,73.5000000000,0.0944702735,0.2655907299,0.6399389966
-80.5000000000,73.5000000000,0.0999465066,0.2550108891,0.6450426043
-79.5000000000,73.5000000000,0.0961479985,0.2489060122,0.6549459894
-78.5000000000,73.5000000000,0.0815772589,0.2506443878,0.6677783532
-77.5000000000,73.5000000000,0.0803554255,0.2429745579,0.6766700165
-124.5000000000,72.5000000000,0.0379682675,0.3378312109,0.6242005216
-123.5000000000,72.5000000000,0.0405023340,0.3085953902,0.6509022758
-122.5000000000,72.5000000000,0.0439133141,0.2775565963,0.6785300896
-121.5000000000,72.5000000000,0.0466237407,0.2509091876,0.7024670717
-120.5000000000,72.5000000000,0.0500110016,0.2317202092,0.7182687892
-119.5000000000,72.5000000000,0.0532189661,0.2260150167,0.7207660171
-117.5000000000,72.5000000000,0.0630092409,0.2343970474,0.7025937118
-116.5000000000,72.5000000000,0.0686940265,0.2399777564,0.6913282171
-115.5000000000,72.5000000000,0.0726297522,0.2481465365,0.6792237112
-114.5000000000,72.5000000000,0.0761390234,0.2576341907,0.6662267859
-113.5000000000,72.5000000000,0.0838811183,0.2646036486,0.6515152332
-112.5000000000,72.5000000000,0.0906559949,0.2713719741,0.6379720309
-111.5000000000,72.5000000000,0.0930226588,0.2816792161,0.6252981252
-109.5000000000,72.5000000000,0.1104869534,0.2907226651,0.5987903815
-107.5000000000,72.5000000000,0.1189141319,0.3012195626,0.5798663055
-106.5000000000,72.5000000000,0.1248335204,0.3040437275,0.5711227521
-105.5000000000,72.5000000000,0.1285337793,0.3080600863,0.5634061344
-101.5000000000,72.5000000000,0.1429316135,0.3139507483,0.5431176382
-100.5000000000,72.5000000000,0.1441684495,0.3135208710,0.5423106795
-99.5000000000,72.5000000000,0.1454065164,0.3116809887,0.5429124949
-98.5000000000,72.5000000000,0.1470569317,0.3100426993,0.5429003690
-97.5000000000,72.5000000000,0.1480243926,0.3085664194,0.5434091881
-96.5000000000,72.5000000000,0.1506123269,0.3062702515,0.5431174216
-94.5000000000,72.5000000000,0.1505965414,0.3027097007,0.5466937579
-93.5000000000,72.5000000000,0.1404182757,0.3060532074,0.5535285169
-89.5000000000,72.5000000000,0.1292858303,0.2969301055,0.5737840642
-88.5000000000,72.5000000000,0.1274214537,0.2947984455,0.5777801007
-87.5000000000,72.5000000000,0.1283440144,0.2892811005,0.5823748851
-86.5000000000,72.5000000000,0.1221897954,0.2870748015,0.5907354031
-85.5000000000,72.5000000000,0.1156269755,0.2847957574,0.5995772671
-84.5000000000,72.5000000000,0.1146448893,0.2761617732,0.6091933375
-83.5000000000,72.5000000000,0.1091810489,0.2717328480,0.6190861031
-82.5000000000,72.5000000000,0.1091036490,0.2651500737,0.6257462773
-81.5000000000,72.5000000000,0.1002629876,0.2636889240,0.6360480884
-80.5000000000,72.5000000000,0.0882579872,0.2654066882,0.6463353246
-78.5000000000,72.5000000000,0.0788747976,0.2540238584,0.6671013441
-77.5000000000,72.5000000000,0.0824176204,0.2438049642,0.6737774155
-76.5000000000,72.5000000000,0.0810628308,0.2364101378,0.6825270315
-75.5000000000,72.5000000000,0.0696142606,0.2370899005,0.6932958389
-123.5000000000,71.5000000000,0.0435424418,0.3250226312,0.6314349271
-122.5000000000,71.5000000000,0.0472594047,0.2965081576,0.6562324377
-121.5000000000,71.5000000000,0.0475833230,0.2768674316,0.6755492453
-117.5000000000,71.5000000000,0.0633682313,0.2494526524,0.6871791163
-116.5000000000,71.5000000000,0.0690625385,0.2539874742,0.6769499873
-114.5000000000,71.5000000000,0.0808671309,0.2652599259,0.6538729433
-113.5000000000,71.5000000000,0.0904824404,0.2694172938,0.6401002658
-112.5000000000,71.5000000000,0.0924213034,0.2782070841,0.6293716125
-111.5000000000,71.5000000000,0.0985744387,0.2839162588,0.6175093025
-110.5000000000,71.5000000000,0.1061514637,0.2882786451,0.6055698911
-109.5000000000,71.5000000000,0.1104517275,0.2951733816,0.5943748909
-108.5000000000,71.5000000000,0.1126852837,0.3023611087,0.5849536076
-107.5000000000,71.5000000000,0.1189670518,0.3055585363,0.5754744119
-106.5000000000,71.5000000000,0.1251889861,0.3084178035,0.5663932104
-105.5000000000,71.5000000000,0.1321662032,0.3090299686,0.5588038282
-104.5000000000,71.5000000000,0.1343305580,0.3122667174,0.5534027246
-98.5000000000,71.5000000000,0.1493785836,0.3106565413,0.5399648752
-95.5000000000,71.5000000000,0.1524125120,0.3056391938,0.5419482943
-94.5000000000,71.5000000000,0.1499280414,0.3030163246,0.5470556340
-93.5000000000,71.5000000000,0.1432428578,0.3044322167,0.5523249255
-89.5000000000,71.5000000000,0.1324430882,0.2960500315,0.5715068803
-88.5000000000,71.5000000000,0.1310032350,0.2941073568,0.5748894082
-87.5000000000,71.5000000000,0.1266268830,0.2920077084,0.5813654086
-86.5000000000,71.5000000000,0.1239005255,0.2873600185,0.5887394560
-85.5000000000,71.5000000000,0.1148393017,0.2865641354,0.5985965629
-84.5000000000,71.5000000000,0.1101911555,0.2806507458,0.6091580987
-83.5000000000,71.5000000000,0.1068031686,0.2760675721,0.6171292593
-82.5000000000,71.5000000000,0.1040324080,0.2698758084,0.6260917835
-81.5000000000,71.5000000000,0.0985024973,0.2660074608,0.6354900420
-80.5000000000,71.5000000000,0.0948234370,0.2620371809,0.6431393822
-79.5000000000,71.5000000000,0.0961787589,0.2542200329,0.6496012082
-78.5000000000,71.5000000000,0.0900683642,0.2490018210,0.6609298148
-77.5000000000,71.5000000000,0.0881270936,0.2418129777,0.6700599286
-76.5000000000,71.5000000000,0.0819535128,0.2374119532,0.6806345340
-75.5000000000,71.5000000000,0.0741794419,0.2352823318,0.6905382264
-74.5000000000,71.5000000000,0.0774909458,0.2240458947,0.6984631595
-72.5000000000,71.5000000000,0.0605212083,0.2183086587,0.7211701330
-158.5000000000,70.5000000000,0.0207374288,0.2072623856,0.7720001857
-157.5000000000,70.5000000000,0.0196672608,0.2112659151,0.7690668241
-156.5000000000,70.5000000000,0.0183894212,0.2210464793,0.7605640994
-155.5000000000,70.5000000000,0.0173826645,0.2374717553,0.7451455802
-154.5000000000,70.5000000000,0.0170903335,0.2664478439,0.7164618226
-153.5000000000,70.5000000000,0.0170174537,0.3002401568,0.6827423895
-152.5000000000,70.5000000000,0.0170654384,0.3302249092,0.6527096524
-149.5000000000,70.5000000000,0.0174591289,0.3741850960,0.6083557751
-111.5000000000,70.5000000000,0.0968122293,0.2947861495,0.6084016212
-110.5000000000,70.5000000000,0.1053974734,0.2971941501,0.5974083765
-109.5000000000,70.5000000000,0.1102944406,0.3033107134,0.5863948459
-108.5000000000,70.5000000000,0.1173193850,0.3067110198,0.5759695952
-107.5000000000,70.5000000000,0.1230801838,0.3103620339,0.5665577824
-106.5000000000,70.5000000000,0.1314496102,0.3100124344,0.5585379555
-105.5000000000,70.5000000000,0.1351767095,0.3127255467,0.5520977438
-104.5000000000,70.5000000000,0.1390836693,0.3139511692,0.5469651615
-103.5000000000,70.5000000000,0.1421772211,0.3153379177,0.5424848612
-95.5000000000,70.5000000000,0.1566725643,0.3024432267,0.5408842090
-94.5000000000,70.5000000000,0.1577499728,0.2974268189,0.5448232082
-93.5000000000,70.5000000000,0.1583195054,0.2953340280,0.5463464666
-92.5000000000,70.5000000000,0.1446662632,0.3009596117,0.5543741251
-88.5000000000,70.5000000000,0.1293382327,0.2954128716,0.5752488957
-87.5000000000,70.5000000000,0.1273233765,0.2929900977,0.5796865258
-86.5000000000,70.5000000000,0.1259499856,0.2880408427,0.5860091717
-85.5000000000,70.5000000000,0.1230233465,0.2830177303,0.5939589232
-84.5000000000,70.5000000000,0.1149872769,0.2811658678,0.6038468553
-83.5000000000,70.5000000000,0.1104648884,0.2772054870,0.6123296246
-82.5000000000,70.5000000000,0.1047750426,0.2733374780,0.6218874793
-81.5000000000,70.5000000000,0.0973482268,0.2700814644,0.6325703088
-80.5000000000,70.5000000000,0.0924835866,0.2664160777,0.6411003357
-79.5000000000,70.5000000000,0.0857881842,0.2637452032,0.6504666125
-78.5000000000,70.5000000000,0.0857148931,0.2550672960,0.6592178109
-77.5000000000,70.5000000000,0.0842188991,0.2472955088,0.6684855921
-76.5000000000,70.5000000000,0.0806661829,0.2406842524,0.6786495647
-75.5000000000,70.5000000000,0.0774161186,0.2344756809,0.6881082005
-74.5000000000,70.5000000000,0.0747675334,0.2276473756,0.6975850910
-73.5000000000,70.5000000000,0.0697026467,0.2234679716,0.7068293817
-72.5000000000,70.5000000000,0.0666131952,0.2150538201,0.7183329846
-71.5000000000,70.5000000000,0.0732743845,0.2016516704,0.7250739451
-70.5000000000,70.5000000000,0.0559613275,0.2048207509,0.7392179217
-69.5000000000,70.5000000000,0.0521373535,0.1988209470,0.7490416995
-68.5000000000,70.5000000000,0.0482025698,0.1951554423,0.7566419880
-162.5000000000,69.5000000000,0.0228605831,0.2056528691,0.7714865477
-161.5000000000,69.5000000000,0.0231083811,0.2118956400,0.7649959789
-160.5000000000,69.5000000000,0.0235587781,0.2175240008,0.7589172211
-159.5000000000,69.5000000000,0.0228529688,0.2237289865,0.7534180448
-158.5000000000,69.5000000000,0.0220301182,0.2287707214,0.7491991604
-157.5000000000,69.5000000000,0.0207206703,0.2357092162,0.7435701135
-156.5000000000,69.5000000000,0.0192942207,0.2464104934,0.7342952859
-155.5000000000,69.5000000000,0.0183467941,0.2633609172,0.7182922888
-154.5000000000,69.5000000000,0.0180056379,0.3004873718,0.6815069903
-153.5000000000,69.5000000000,0.0181304061,0.3397931583,0.6420764355
-152.5000000000,69.5000000000,0.0183720275,0.3720403020,0.6095876704
-151.5000000000,69.5000000000,0.0181332574,0.3954117406,0.5864550020
-150.5000000000,69.5000000000,0.0182013635,0.4052422296,0.5765564069
-149.5000000000,69.5000000000,0.0188732099,0.4067981345,0.5743286556
-148.5000000000,69.5000000000,0.0193414393,0.4104367471,0.5702218136
-147.5000000000,69.5000000000,0.0206409703,0.4054347128,0.5739243169
-146.5000000000,69.5000000000,0.0226243832,0.3945896421,0.5827859747
-145.5000000000,69.5000000000,0.0267022261,0.3789959364,0.5943018375
-144.5000000000,69.5000000000,0.0242118277,0.3767068201,0.5990813522
-143.5000000000,69.5000000000,0.0234234814,0.3716917929,0.6048847258
-142.5000000000,69.5000000000,0.0245711770,0.3682405494,0.6071882736
-141.5000000000,69.5000000000,0.0232399880,0.3771123797,0.5996476323
-140.5000000000,69.5000000000,0.0230875661,0.3859062061,0.5910062278
-139.5000000000,69.5000000000,0.0219491560,0.3997320602,0.5783187838
-132.5000000000,69.5000000000,0.0217032099,0.4670386580,0.5112581321
-131.5000000000,69.5000000000,0.0220513578,0.4723457005,0.5056029418
-130.5000000000,69.5000000000,0.0229348832,0.4728628976,0.5042022192
-129.5000000000,69.5000000000,0.0242777098,0.4707611567,0.5049611335
-128.5000000000,69.5000000000,0.0257518047,0.4647028315,0.5095453638
-127.5000000000,69.5000000000,0.0287201220,0.4534173679,0.5178625101
-126.5000000000,69.5000000000,0.0326603600,0.4380842127,0.5292554272
-125.5000000000,69.5000000000,0.0337797634,0.4251053395,0.5411148971
-124.5000000000,69.5000000000,0.0372449416,0.4049003695,0.5578546889
-122.5000000000,69.5000000000,0.0489266890,0.3563320697,0.5947412413
-121.5000000000,69.5000000000,0.0536832388,0.3358185967,0.6104981645
-116.5000000000,69.5000000000,0.0692409295,0.2920920648,0.6386670057
-115.5000000000,69.5000000000,0.0761323672,0.2922913655,0.6315762673
-114.5000000000,69.5000000000,0.0824309107,0.2949078430,0.6226612463
-113.5000000000,69.5000000000,0.0892764225,0.2974248524,0.6132987251
-112.5000000000,69.5000000000,0.0963097351,0.2999412867,0.6037489782
-111.5000000000,69.5000000000,0.1014146173,0.3041682737,0.5944171090
-110.5000000000,69.5000000000,0.1074150404,0.3068664586,0.5857185010
-109.5000000000,69.5000000000,0.1130599674,0.3106619684,0.5762780642
-108.5000000000,69.5000000000,0.1190842830,0.3140361706,0.5668795465
-107.5000000000,69.5000000000,0.1253707203,0.3161867989,0.5584424808
-106.5000000000,69.5000000000,0.1302046331,0.3174948630,0.5523005038
-105.5000000000,69.5000000000,0.1375225884,0.3185751935,0.5439022180
-104.5000000000,69.5000000000,0.1411800854,0.3183342399,0.5404856747
-103.5000000000,69.5000000000,0.1454961784,0.3173846871,0.5371191344
-97.5000000000,69.5000000000,0.1560351143,0.3092639992,0.5347008864
-96.5000000000,69.5000000000,0.1552916068,0.3073621521,0.5373462411
-95.5000000000,69.5000000000,0.1535613627,0.3046390288,0.5417996086
-92.5000000000,69.5000000000,0.1503672798,0.2998980758,0.5497346443
-91.5000000000,69.5000000000,0.1430996157,0.3009656477,0.5559347366
-90.5000000000,69.5000000000,0.1395777324,0.2981410617,0.5622812059
-85.5000000000,69.5000000000,0.1181805138,0.2892259194,0.5925935669
-84.5000000000,69.5000000000,0.1207294057,0.2805572826,0.5987133117
-83.5000000000,69.5000000000,0.1119199264,0.2804186672,0.6076614064
-82.5000000000,69.5000000000,0.1027163940,0.2789702290,0.6183133770
-76.5000000000,69.5000000000,0.0748791625,0.2471485909,0.6779722466
-75.5000000000,69.5000000000,0.0718315864,0.2409268217,0.6872415919
-74.5000000000,69.5000000000,0.0718758171,0.2315495437,0.6965746392
-73.5000000000,69.5000000000,0.0686479312,0.2252252072,0.7061268616
-72.5000000000,69.5000000000,0.0640483941,0.2195209461,0.7164306599
-71.5000000000,69.5000000000,0.0618576823,0.2128222986,0.7253200191
-70.5000000000,69.5000000000,0.0546001263,0.2087846577,0.7366152160
-69.5000000000,69.5000000000,0.0582268311,0.1967616567,0.7450115122
-68.5000000000,69.5000000000,0.0562310629,0.1909006671,0.7528682700
-165.5000000000,68.5000000000,0.0223885299,0.1902598743,0.7873515958
-164.5000000000,68.5000000000,0.0228746615,0.1971481084,0.7799772301
-163.5000000000,68.5000000000,0.0253846089,0.2030718019,0.7715435891
-162.5000000000,68.5000000000,0.0270512583,0.2104759112,0.7624728305
-161.5000000000,68.5000000000,0.0264315675,0.2219548221,0.7516136105
-160.5000000000,68.5000000000,0.0280830304,0.2293774565,0.7425395131
-159.5000000000,68.5000000000,0.0262400672,0.2411040859,0.7326558468
-158.5000000000,68.5000000000,0.0259194922,0.2507590467,0.7233214611
-157.5000000000,68.5000000000,0.0249433092,0.2630442357,0.7120124552
-156.5000000000,68.5000000000,0.0212981789,0.2839587700,0.6947430511
-155.5000000000,68.5000000000,0.0210981847,0.3094158535,0.6694859618
-154.5000000000,68.5000000000,0.0210518807,0.3490332444,0.6299148749
-153.5000000000,68.5000000000,0.0212316738,0.3901096568,0.5886586693
-152.5000000000,68.5000000000,0.0216910372,0.4228660547,0.5554429081
-151.5000000000,68.5000000000,0.0221117911,0.4417624079,0.5361258010
-150.5000000000,68.5000000000,0.0226398753,0.4455970593,0.5317630654
-149.5000000000,68.5000000000,0.0222996974,0.4445751155,0.5331251871
-148.5000000000,68.5000000000,0.0263073703,0.4408080974,0.5328845323
-147.5000000000,68.5000000000,0.0293238409,0.4329275935,0.5377485656
-146.5000000000,68.5000000000,0.0278348472,0.4250460100,0.5471191427
-145.5000000000,68.5000000000,0.0289790678,0.4092989019,0.5617220303
-144.5000000000,68.5000000000,0.0292827380,0.3939505177,0.5767667443
-143.5000000000,68.5000000000,0.0290175093,0.3800492512,0.5909332395
-142.5000000000,68.5000000000,0.0260792414,0.3793995078,0.5945212508
-141.5000000000,68.5000000000,0.0254769032,0.3823554728,0.5921676239
-140.5000000000,68.5000000000,0.0246561625,0.3909629175,0.5843809200
-139.5000000000,68.5000000000,0.0253429355,0.3996121293,0.5750449352
-138.5000000000,68.5000000000,0.0265536369,0.4076446594,0.5658017038
-137.5000000000,68.5000000000,0.0249483214,0.4094728200,0.5655788586
-136.5000000000,68.5000000000,0.0230357513,0.4131396668,0.5638245819
-135.5000000000,68.5000000000,0.0215607621,0.4208551648,0.5575840731
-134.5000000000,68.5000000000,0.0213075741,0.4313982203,0.5472942056
-133.5000000000,68.5000000000,0.0216551002,0.4448180170,0.5335268828
-132.5000000000,68.5000000000,0.0218036191,0.4576932331,0.5205031478
-131.5000000000,68.5000000000,0.0226984208,0.4651616377,0.5121399414
-130.5000000000,68.5000000000,0.0229191938,0.4720188973,0.5050619089
-129.5000000000,68.5000000000,0.0241390760,0.4741811723,0.5016797517
-128.5000000000,68.5000000000,0.0257179614,0.4728618922,0.5014201464
-127.5000000000,68.5000000000,0.0282963404,0.4686345830,0.5030690765
-126.5000000000,68.5000000000,0.0308424537,0.4598977828,0.5092597636
-125.5000000000,68.5000000000,0.0345365383,0.4443014609,0.5211620008
-124.5000000000,68.5000000000,0.0384906369,0.4265789296,0.5349304335
-123.5000000000,68.5000000000,0.0433521053,0.4040228149,0.5526250798
-122.5000000000,68.5000000000,0.0483177257,0.3845437355,0.5671385388
-121.5000000000,68.5000000000,0.0557649396,0.3607316944,0.5835033661
-120.5000000000,68.5000000000,0.0595057552,0.3425070475,0.5979871974
-119.5000000000,68.5000000000,0.0634854578,0.3283878739,0.6081266683
-118.5000000000,68.5000000000,0.0646955729,0.3200006610,0.6153037660
-117.5000000000,68.5000000000,0.0681545208,0.3151476429,0.6166978363
-116.5000000000,68.5000000000,0.0720485146,0.3120251617,0.6159263237
-115.5000000000,68.5000000000,0.0766886142,0.3127309294,0.6105804564
-114.5000000000,68.5000000000,0.0820573471,0.3135607181,0.6043819348
-112.5000000000,68.5000000000,0.0938252975,0.3178816284,0.5882930740
-107.5000000000,68.5000000000,0.1278147425,0.3223401899,0.5498450677
-105.5000000000,68.5000000000,0.1406645601,0.3227344078,0.5366010321
-104.5000000000,68.5000000000,0.1445287088,0.3213758236,0.5340954676
-97.5000000000,68.5000000000,0.1594775011,0.3091882802,0.5313342186
-96.5000000000,68.5000000000,0.1589026555,0.3060726881,0.5350246565
-93.5000000000,68.5000000000,0.1515780243,0.3024852049,0.5459367708
-92.5000000000,68.5000000000,0.1522682732,0.3003941647,0.5473375621
-91.5000000000,68.5000000000,0.1528258817,0.2966072199,0.5505668984
-89.5000000000,68.5000000000,0.1398139359,0.2966767547,0.5635093093
-88.5000000000,68.5000000000,0.1370729648,0.2947319638,0.5681950714
-85.5000000000,68.5000000000,0.1261766249,0.2877469874,0.5860763876
-84.5000000000,68.5000000000,0.1226390550,0.2830851929,0.5942757521
-83.5000000000,68.5000000000,0.1158422202,0.2810810536,0.6030767263
-73.5000000000,68.5000000000,0.0648793137,0.2307033169,0.7044173693
-72.5000000000,68.5000000000,0.0628846685,0.2227534758,0.7143618557
-71.5000000000,68.5000000000,0.0603603998,0.2150817837,0.7245578165
-70.5000000000,68.5000000000,0.0579178841,0.2072365386,0.7348455774
-69.5000000000,68.5000000000,0.0560616540,0.1999166629,0.7440216831
-68.5000000000,68.5000000000,0.0490668596,0.1984228317,0.7525103086
-163.5000000000,67.5000000000,0.0229097211,0.2131823097,0.7639079692
-162.5000000000,67.5000000000,0.0228484064,0.2263171040,0.7508344896
-161.5000000000,67.5000000000,0.0257816768,0.2361277934,0.7380905299
-160.5000000000,67.5000000000,0.0256918649,0.2527476938,0.7215604413
-159.5000000000,67.5000000000,0.0250998304,0.2663091851,0.7085909845
-158.5000000000,67.5000000000,0.0251182571,0.2824216409,0.6924601020
-157.5000000000,67.5000000000,0.0250201587,0.3021476005,0.6728322408
-156.5000000000,67.5000000000,0.0251358996,0.3246640460,0.6502000543
-155.5000000000,67.5000000000,0.0258233446,0.3555216856,0.6186549698
-154.5000000000,67.5000000000,0.0261495755,0.3985720689,0.5752783556
-153.5000000000,67.5000000000,0.0233480031,0.4451589295,0.5314930674
-152.5000000000,67.5000000000,0.0244991308,0.4763250100,0.4991758592
-151.5000000000,67.5000000000,0.0233078453,0.4998103625,0.4768817922
-150.5000000000,67.5000000000,0.0226845290,0.5049910045,0.4723244665
-149.5000000000,67.5000000000,0.0235299559,0.5024756300,0.4739944141
-148.5000000000,67.5000000000,0.0234616350,0.5068249614,0.4697134036
-147.5000000000,67.5000000000,0.0260229448,0.4993741429,0.4746029123
-146.5000000000,67.5000000000,0.0255587877,0.4835619515,0.4908792608
-145.5000000000,67.5000000000,0.0266290534,0.4592972966,0.5140736500
-144.5000000000,67.5000000000,0.0260281954,0.4356085699,0.5383632347
-143.5000000000,67.5000000000,0.0253731918,0.4135803775,0.5610464308
-142.5000000000,67.5000000000,0.0247639951,0.4008140346,0.5744219704
-141.5000000000,67.5000000000,0.0245859366,0.3994527521,0.5759613113
-140.5000000000,67.5000000000,0.0245982392,0.4029043889,0.5724973719
-139.5000000000,67.5000000000,0.0240291824,0.4093157945,0.5666550231
-138.5000000000,67.5000000000,0.0242716344,0.4126547502,0.5630736155
-137.5000000000,67.5000000000,0.0250452428,0.4046245721,0.5703301851
-136.5000000000,67.5000000000,0.0261418656,0.3959744891,0.5778836453
-135.5000000000,67.5000000000,0.0222852234,0.4034102648,0.5743045119
-134.5000000000,67.5000000000,0.0206778519,0.4170399218,0.5622822263
-133.5000000000,67.5000000000,0.0209624497,0.4313226687,0.5477148816
-132.5000000000,67.5000000000,0.0215655111,0.4444918277,0.5339426612
-131.5000000000,67.5000000000,0.0212288583,0.4606943176,0.5180768241
-130.5000000000,67.5000000000,0.0226638481,0.4707203673,0.5066157846
-129.5000000000,67.5000000000,0.0235140718,0.4786523121,0.4978336161
-128.5000000000,67.5000000000,0.0255198967,0.4796107701,0.4948693331
-127.5000000000,67.5000000000,0.0275777898,0.4820225636,0.4903996466
-126.5000000000,67.5000000000,0.0302861454,0.4782613195,0.4914525351
-125.5000000000,67.5000000000,0.0331531908,0.4657911804,0.5010556288
-124.5000000000,67.5000000000,0.0367938008,0.4492293896,0.5139768096
-123.5000000000,67.5000000000,0.0408536587,0.4298066534,0.5293396879
-122.5000000000,67.5000000000,0.0456173629,0.4118776497,0.5425049874
-121.5000000000,67.5000000000,0.0518561965,0.3917408313,0.5564029722
-120.5000000000,67.5000000000,0.0560857500,0.3730196160,0.5708946340
-119.5000000000,67.5000000000,0.0606649096,0.3569641230,0.5823709674
-118.5000000000,67.5000000000,0.0660158795,0.3435693565,0.5904147640
-117.5000000000,67.5000000000,0.0688387646,0.3373993109,0.5937619244
-116.5000000000,67.5000000000,0.0744714879,0.3319472241,0.5935812880
-115.5000000000,67.5000000000,0.0798395346,0.3299886207,0.5901718447
-114.5000000000,67.5000000000,0.0886761849,0.3275133312,0.5838104839
-113.5000000000,67.5000000000,0.0959016175,0.3275021247,0.5765962579
-112.5000000000,67.5000000000,0.1031019862,0.3273809381,0.5695170757
-111.5000000000,67.5000000000,0.1086287163,0.3284365385,0.5629347452
-110.5000000000,67.5000000000,0.1159126296,0.3282533972,0.5558339732
-109.5000000000,67.5000000000,0.1218567470,0.3295277471,0.5486155059
-107.5000000000,67.5000000000,0.1337189120,0.3282559462,0.5380251418
-106.5000000000,67.5000000000,0.1416214817,0.3257814971,0.5325970212
-105.5000000000,67.5000000000,0.1470013306,0.3254281621,0.5275705073
-104.5000000000,67.5000000000,0.1505198750,0.3238415511,0.5256385739
-103.5000000000,67.5000000000,0.1550477481,0.3217643679,0.5231878841
-102.5000000000,67.5000000000,0.1581074152,0.3200203087,0.5218722761
-101.5000000000,67.5000000000,0.1600408395,0.3206311210,0.5193280395
-100.5000000000,67.5000000000,0.1623238443,0.3192754764,0.5184006793
-99.5000000000,67.5000000000,0.1648722052,0.3154399314,0.5196878634
-98.5000000000,67.5000000000,0.1648651035,0.3124109851,0.5227239114
-97.5000000000,67.5000000000,0.1658887104,0.3081140971,0.5259971925
-96.5000000000,67.5000000000,0.1631006958,0.3068636301,0.5300356741
-94.5000000000,67.5000000000,0.1644417965,0.2998742667,0.5356839368
-93.5000000000,67.5000000000,0.1601124140,0.2999449472,0.5399426387
-92.5000000000,67.5000000000,0.1617398814,0.2960189070,0.5422412115
-91.5000000000,67.5000000000,0.1541485920,0.2976085187,0.5482428893
-90.5000000000,67.5000000000,0.1552485128,0.2925401640,0.5522113232
-89.5000000000,67.5000000000,0.1482937337,0.2939774618,0.5577288045
-88.5000000000,67.5000000000,0.1468371407,0.2912869860,0.5618758733
-85.5000000000,67.5000000000,0.1322089116,0.2871666268,0.5806244616
-84.5000000000,67.5000000000,0.1255244620,0.2848388722,0.5896366658
-83.5000000000,67.5000000000,0.1189408988,0.2831386900,0.5979204112
-82.5000000000,67.5000000000,0.1118446212,0.2798080044,0.6083473744
-81.5000000000,67.5000000000,0.1033830323,0.2779017099,0.6187152578
-76.5000000000,67.5000000000,0.0795798926,0.2512488910,0.6691712163
-75.5000000000,67.5000000000,0.0744294198,0.2458149891,0.6797555911
-71.5000000000,67.5000000000,0.0591324941,0.2196489333,0.7212185726
-70.5000000000,67.5000000000,0.0567106818,0.2117140823,0.7315752360
-69.5000000000,67.5000000000,0.0563867282,0.2030397329,0.7405735388
-68.5000000000,67.5000000000,0.0556533570,0.1955575571,0.7487890860
-67.5000000000,67.5000000000,0.0567741172,0.1866833353,0.7565425475
-66.5000000000,67.5000000000,0.0605522293,0.1784212696,0.7610265010
-65.5000000000,67.5000000000,0.0553523523,0.1764939336,0.7681537141
-64.5000000000,67.5000000000,0.0464195595,0.1795072820,0.7740731586
-164.5000000000,66.5000000000,0.0214455914,0.2072472573,0.7713071513
-160.5000000000,66.5000000000,0.0230427601,0.2689417368,0.7080155030
-159.5000000000,66.5000000000,0.0229950096,0.2892819068,0.6877230836
-158.5000000000,66.5000000000,0.0227932853,0.3119587175,0.6652479971
-157.5000000000,66.5000000000,0.0231724363,0.3399037994,0.6369237643
-156.5000000000,66.5000000000,0.0233899961,0.3710923656,0.6055176384
-155.5000000000,66.5000000000,0.0209499192,0.4146831489,0.5643669319
-154.5000000000,66.5000000000,0.0216214510,0.4552681512,0.5231103978
-153.5000000000,66.5000000000,0.0209856691,0.4959311467,0.4830831843
-152.5000000000,66.5000000000,0.0206402693,0.5296154151,0.4497443156
-151.5000000000,66.5000000000,0.0208295707,0.5517236641,0.4274467651
-150.5000000000,66.5000000000,0.0230773281,0.5557429294,0.4211797425
-149.5000000000,66.5000000000,0.0235508629,0.5616087674,0.4148403697
-148.5000000000,66.5000000000,0.0227231731,0.5674707300,0.4098060970
-147.5000000000,66.5000000000,0.0239435041,0.5637983173,0.4122581786
-146.5000000000,66.5000000000,0.0243932639,0.5399598862,0.4356468499
-145.5000000000,66.5000000000,0.0248440246,0.5103064987,0.4648494768
-144.5000000000,66.5000000000,0.0250535134,0.4779432405,0.4970032461
-143.5000000000,66.5000000000,0.0251605449,0.4487059668,0.5261334883
-142.5000000000,66.5000000000,0.0248583398,0.4319050624,0.5432365978
-141.5000000000,66.5000000000,0.0259190265,0.4205762716,0.5535047019
-140.5000000000,66.5000000000,0.0262087371,0.4188884442,0.5549028187
-139.5000000000,66.5000000000,0.0255760880,0.4180195075,0.5564044045
-138.5000000000,66.5000000000,0.0237582486,0.4182275481,0.5580142034
-137.5000000000,66.5000000000,0.0235105006,0.4073536921,0.5691358073
-136.5000000000,66.5000000000,0.0238000181,0.3936577649,0.5825422169
-135.5000000000,66.5000000000,0.0224537182,0.3893091187,0.5882371631
-134.5000000000,66.5000000000,0.0217522192,0.3996073855,0.5786403954
-133.5000000000,66.5000000000,0.0201073418,0.4200229853,0.5598696729
-132.5000000000,66.5000000000,0.0204060519,0.4378315172,0.5417624310
-131.5000000000,66.5000000000,0.0206504058,0.4548490050,0.5245005892
-130.5000000000,66.5000000000,0.0212807194,0.4708002785,0.5079190021
-129.5000000000,66.5000000000,0.0226209104,0.4828723413,0.4945067483
-128.5000000000,66.5000000000,0.0242257127,0.4891238298,0.4866504575
-127.5000000000,66.5000000000,0.0258983107,0.4962590583,0.4778426311
-126.5000000000,66.5000000000,0.0285047093,0.4958432281,0.4756520627
-125.5000000000,66.5000000000,0.0321993611,0.4824406224,0.4853600165
-124.5000000000,66.5000000000,0.0354860101,0.4670551931,0.4974587968
-123.5000000000,66.5000000000,0.0392867852,0.4495875223,0.5111256925
-122.5000000000,66.5000000000,0.0421778964,0.4356427398,0.5221793637
-121.5000000000,66.5000000000,0.0468637589,0.4183796104,0.5347566307
-120.5000000000,66.5000000000,0.0517418907,0.4006030371,0.5476550723
-119.5000000000,66.5000000000,0.0590659857,0.3819268969,0.5590071174
-118.5000000000,66.5000000000,0.0644699671,0.3694540469,0.5660759860
-117.5000000000,66.5000000000,0.0682263760,0.3629370502,0.5688365738
-116.5000000000,66.5000000000,0.0780716840,0.3525997968,0.5693285192
-115.5000000000,66.5000000000,0.0871629594,0.3468156780,0.5660213626
-114.5000000000,66.5000000000,0.0935263496,0.3453160269,0.5611576235
-113.5000000000,66.5000000000,0.0996873323,0.3436187104,0.5566939573
-112.5000000000,66.5000000000,0.1085802419,0.3410190277,0.5504007304
-111.5000000000,66.5000000000,0.1176692543,0.3389935121,0.5433372336
-110.5000000000,66.5000000000,0.1244992740,0.3376875311,0.5378131949
-109.5000000000,66.5000000000,0.1302324331,0.3375646149,0.5322029521
-108.5000000000,66.5000000000,0.1421154129,0.3312397026,0.5266448845
-107.5000000000,66.5000000000,0.1376916369,0.3365823250,0.5257260381
-106.5000000000,66.5000000000,0.1500537585,0.3298607450,0.5200854965
-105.5000000000,66.5000000000,0.1560865475,0.3270210775,0.5168923750
-104.5000000000,66.5000000000,0.1591691621,0.3246457114,0.5161851265
-103.5000000000,66.5000000000,0.1632275174,0.3214190417,0.5153534408
-102.5000000000,66.5000000000,0.1668717776,0.3198073445,0.5133208779
-101.5000000000,66.5000000000,0.1698932075,0.3186077441,0.5114990484
-100.5000000000,66.5000000000,0.1727120143,0.3160299251,0.5112580606
-99.5000000000,66.5000000000,0.1736631714,0.3125052740,0.5138315547
-98.5000000000,66.5000000000,0.1739814730,0.3093412806,0.5166772464
-97.5000000000,66.5000000000,0.1739556123,0.3064658483,0.5195785394
-96.5000000000,66.5000000000,0.1704283805,0.3047151027,0.5248565169
-95.5000000000,66.5000000000,0.1684575608,0.3026741786,0.5288682606
-94.5000000000,66.5000000000,0.1729616259,0.2976914988,0.5293468754
-93.5000000000,66.5000000000,0.1688511464,0.2971138906,0.5340349630
-92.5000000000,66.5000000000,0.1658192097,0.2969416313,0.5372391590
-91.5000000000,66.5000000000,0.1591984425,0.2970500512,0.5437515063
-90.5000000000,66.5000000000,0.1623943992,0.2913201032,0.5462854977
-89.5000000000,66.5000000000,0.1526695280,0.2939942724,0.5533361996
-88.5000000000,66.5000000000,0.1501796833,0.2924930727,0.5573272440
-87.5000000000,66.5000000000,0.1400803284,0.2959633937,0.5639562779
-84.5000000000,66.5000000000,0.1241479505,0.2901785916,0.5856734578
-83.5000000000,66.5000000000,0.1179282476,0.2886366180,0.5934351344
-73.5000000000,66.5000000000,0.0684214799,0.2376455633,0.6939329569
-72.5000000000,66.5000000000,0.0645224978,0.2293977965,0.7060797057
-71.5000000000,66.5000000000,0.0608530973,0.2231001736,0.7160467291
-70.5000000000,66.5000000000,0.0569375552,0.2161065955,0.7269558493
-69.5000000000,66.5000000000,0.0541052463,0.2096421180,0.7362526357
-68.5000000000,66.5000000000,0.0528550587,0.2019399671,0.7452049742
-67.5000000000,66.5000000000,0.0500291508,0.1959751119,0.7539957372
-66.5000000000,66.5000000000,0.0507200425,0.1875260780,0.7617538794
-65.5000000000,66.5000000000,0.0455726550,0.1858878290,0.7685395160
-64.5000000000,66.5000000000,0.0536295090,0.1762729025,0.7700975885
-63.5000000000,66.5000000000,0.0511782437,0.1764306243,0.7723911320
-62.5000000000,66.5000000000,0.0495983987,0.1788470319,0.7715545694
-167.5000000000,65.5000000000,0.0206297636,0.1825106110,0.7968596254
-166.5000000000,65.5000000000,0.0208193763,0.1899405539,0.7892400698
-165.5000000000,65.5000000000,0.0221048022,0.1957769588,0.7821182390
-164.5000000000,65.5000000000,0.0223357001,0.2063243345,0.7713399654
-163.5000000000,65.5000000000,0.0228655141,0.2186327626,0.7585017233
-162.5000000000,65.5000000000,0.0225896359,0.2341961379,0.7432142262
-161.5000000000,65.5000000000,0.0242599814,0.2496553715,0.7260846471
-160.5000000000,65.5000000000,0.0243292909,0.2718861926,0.7037845165
-159.5000000000,65.5000000000,0.0240021946,0.2960042262,0.6799935792
-158.5000000000,65.5000000000,0.0241742836,0.3254403792,0.6503853372
-157.5000000000,65.5000000000,0.0226646560,0.3618072136,0.6155281304
-156.5000000000,65.5000000000,0.0220540145,0.4007672097,0.5771787758
-155.5000000000,65.5000000000,0.0219990765,0.4418133648,0.5361875588
-154.5000000000,65.5000000000,0.0227349796,0.4827832792,0.4944817412
-153.5000000000,65.5000000000,0.0231542319,0.5217365622,0.4551092058
-152.5000000000,65.5000000000,0.0233659247,0.5552318307,0.4214022446
-151.5000000000,65.5000000000,0.0224930735,0.5795607126,0.3979462139
-150.5000000000,65.5000000000,0.0215050815,0.5972485088,0.3812464097
-149.5000000000,65.5000000000,0.0230279657,0.6049100914,0.3720619429
-148.5000000000,65.5000000000,0.0239134153,0.6073073406,0.3687792441
-147.5000000000,65.5000000000,0.0263909931,0.5980042911,0.3756047158
-146.5000000000,65.5000000000,0.0315062370,0.5668827516,0.4016110114
-145.5000000000,65.5000000000,0.0321786115,0.5351970296,0.4326243589
-144.5000000000,65.5000000000,0.0263447765,0.5150931459,0.4585620776
-143.5000000000,65.5000000000,0.0283229298,0.4813345258,0.4903425445
-142.5000000000,65.5000000000,0.0281533164,0.4603756732,0.5114710103
-141.5000000000,65.5000000000,0.0285139808,0.4458753419,0.5256106773
-140.5000000000,65.5000000000,0.0296903239,0.4347250142,0.5355846619
-139.5000000000,65.5000000000,0.0296438016,0.4278074027,0.5425487957
-138.5000000000,65.5000000000,0.0259648170,0.4248451678,0.5491900153
-137.5000000000,65.5000000000,0.0261145707,0.4083661547,0.5655192747
-136.5000000000,65.5000000000,0.0237855318,0.3933614012,0.5828530670
-135.5000000000,65.5000000000,0.0212065411,0.3843263113,0.5944671476
-134.5000000000,65.5000000000,0.0231369629,0.3896025880,0.5872604492
-133.5000000000,65.5000000000,0.0215801631,0.4116503017,0.5667695352
-132.5000000000,65.5000000000,0.0245490982,0.4233068263,0.5521440755
-131.5000000000,65.5000000000,0.0235751276,0.4445486257,0.5318762467
-130.5000000000,65.5000000000,0.0232813273,0.4629930709,0.5137256017
-129.5000000000,65.5000000000,0.0229172182,0.4807228483,0.4963599336
-128.5000000000,65.5000000000,0.0230385035,0.4952383344,0.4817231620
-127.5000000000,65.5000000000,0.0252172876,0.5038512856,0.4709314268
-126.5000000000,65.5000000000,0.0278941120,0.5083213709,0.4637845171
-125.5000000000,65.5000000000,0.0309508645,0.4963450033,0.4727041321
-124.5000000000,65.5000000000,0.0334719225,0.4821587229,0.4843693546
-123.5000000000,65.5000000000,0.0371471604,0.4649569427,0.4978958968
-122.5000000000,65.5000000000,0.0407045602,0.4503204824,0.5089749573
-121.5000000000,65.5000000000,0.0454965861,0.4353474778,0.5191559361
-120.5000000000,65.5000000000,0.0533422580,0.4167486661,0.5299090759
-119.5000000000,65.5000000000,0.0576532192,0.4049648281,0.5373819527
-118.5000000000,65.5000000000,0.0628473690,0.3946210999,0.5425315311
-117.5000000000,65.5000000000,0.0709666397,0.3837454943,0.5452878660
-116.5000000000,65.5000000000,0.0794213522,0.3749610971,0.5456175507
-115.5000000000,65.5000000000,0.0877414332,0.3688222647,0.5434363021
-114.5000000000,65.5000000000,0.0957022114,0.3651975974,0.5391001912
-113.5000000000,65.5000000000,0.1049161640,0.3608756582,0.5342081778
-112.5000000000,65.5000000000,0.1125875525,0.3582332803,0.5291791672
-111.5000000000,65.5000000000,0.1237705738,0.3525066954,0.5237227308
-110.5000000000,65.5000000000,0.1300028354,0.3494989473,0.5204982173
-109.5000000000,65.5000000000,0.1387021024,0.3455288558,0.5157690418
-108.5000000000,65.5000000000,0.1465174824,0.3401900984,0.5132924193
-107.5000000000,65.5000000000,0.1503127522,0.3379748964,0.5117123514
-106.5000000000,65.5000000000,0.1566871232,0.3348387114,0.5084741654
-105.5000000000,65.5000000000,0.1634599103,0.3303047916,0.5062352980
-104.5000000000,65.5000000000,0.1674387277,0.3255989357,0.5069623365
-103.5000000000,65.5000000000,0.1688855331,0.3235851326,0.5075293344
-102.5000000000,65.5000000000,0.1720817477,0.3207235457,0.5071947066
-101.5000000000,65.5000000000,0.1758948671,0.3175721553,0.5065329776
-100.5000000000,65.5000000000,0.1781861524,0.3151201506,0.5066936970
-99.5000000000,65.5000000000,0.1807867145,0.3113739866,0.5078392988
-98.5000000000,65.5000000000,0.1806868958,0.3086393578,0.5106737464
-97.5000000000,65.5000000000,0.1812297674,0.3049318555,0.5138383771
-96.5000000000,65.5000000000,0.1798767119,0.3036850989,0.5164381893
-95.5000000000,65.5000000000,0.1757543053,0.3025482298,0.5216974649
-94.5000000000,65.5000000000,0.1763848552,0.2994803428,0.5241348020
-93.5000000000,65.5000000000,0.1702275075,0.3009023555,0.5288701370
-92.5000000000,65.5000000000,0.1697222782,0.2976976465,0.5325800754
-91.5000000000,65.5000000000,0.1685246076,0.2950480575,0.5364273349
-90.5000000000,65.5000000000,0.1622606580,0.2957320226,0.5420073194
-89.5000000000,65.5000000000,0.1570363464,0.2945954351,0.5483682185
-87.5000000000,65.5000000000,0.1419818655,0.2987605785,0.5592575559
-85.5000000000,65.5000000000,0.1288565196,0.2983707647,0.5727727157
-73.5000000000,65.5000000000,0.0703713929,0.2421872900,0.6874413172
-72.5000000000,65.5000000000,0.0679014700,0.2334457060,0.6986528240
-71.5000000000,65.5000000000,0.0632744238,0.2275161707,0.7092094055
-70.5000000000,65.5000000000,0.0612800758,0.2181227627,0.7205971615
-69.5000000000,65.5000000000,0.0589797877,0.2107548851,0.7302653273
-68.5000000000,65.5000000000,0.0556774944,0.2044792449,0.7398432607
-67.5000000000,65.5000000000,0.0512256836,0.1991783094,0.7495960070
-64.5000000000,65.5000000000,0.0466479290,0.1850587648,0.7682933062
-160.5000000000,64.5000000000,0.0228144980,0.2739836351,0.7032018669
-159.5000000000,64.5000000000,0.0248571942,0.2957471691,0.6793956367
-158.5000000000,64.5000000000,0.0231456945,0.3317272273,0.6451270782
-157.5000000000,64.5000000000,0.0224786734,0.3696232026,0.6078981241
-156.5000000000,64.5000000000,0.0230211537,0.4100453349,0.5669335114
-155.5000000000,64.5000000000,0.0233564318,0.4529654972,0.5236780710
-154.5000000000,64.5000000000,0.0223850935,0.4996458892,0.4779690173
-153.5000000000,64.5000000000,0.0226674926,0.5415194147,0.4358130927
-152.5000000000,64.5000000000,0.0226175780,0.5758360901,0.4015463319
-151.5000000000,64.5000000000,0.0228465286,0.5985909469,0.3785625245
-150.5000000000,64.5000000000,0.0225217836,0.6177099328,0.3597682836
-149.5000000000,64.5000000000,0.0222823768,0.6316215080,0.3460961151
-148.5000000000,64.5000000000,0.0230579897,0.6365887137,0.3403532967
-147.5000000000,64.5000000000,0.0244957852,0.6310742106,0.3444300042
-146.5000000000,64.5000000000,0.0272577480,0.6079353669,0.3648068852
-145.5000000000,64.5000000000,0.0303133382,0.5738748610,0.3958118007
-144.5000000000,64.5000000000,0.0302335486,0.5435290153,0.4262374361
-143.5000000000,64.5000000000,0.0326536520,0.5109851850,0.4563611631
-142.5000000000,64.5000000000,0.0306867902,0.4926100472,0.4767031626
-141.5000000000,64.5000000000,0.0315459529,0.4739641322,0.4944899149
-140.5000000000,64.5000000000,0.0266795597,0.4727300706,0.5005903697
-139.5000000000,64.5000000000,0.0292225327,0.4567260036,0.5140514636
-138.5000000000,64.5000000000,0.0323428291,0.4343999352,0.5332572357
-137.5000000000,64.5000000000,0.0287644263,0.4214735882,0.5497619855
-136.5000000000,64.5000000000,0.0288661929,0.4003103886,0.5708234185
-135.5000000000,64.5000000000,0.0261191960,0.3913627502,0.5825180539
