Lon,Lat,C_LonLatElev,B_LonLatElev,U_LonLatElev
-112.5000000000,78.5000000000,0.0425037738,0.2191021261,0.7383941001
-111.5000000000,78.5000000000,0.0436955125,0.2288486873,0.7274558002
-110.5000000000,78.5000000000,0.0450964846,0.2409671559,0.7139363595
-109.5000000000,78.5000000000,0.0445736063,0.2535044495,0.7019219442
-104.5000000000,78.5000000000,0.0493180369,0.3050143031,0.6456676600
-103.5000000000,78.5000000000,0.0494919845,0.3134002055,0.6371078101
-102.5000000000,78.5000000000,0.0500760372,0.3188996938,0.6310242689
-101.5000000000,78.5000000000,0.0505344866,0.3217255125,0.6277400009
-100.5000000000,78.5000000000,0.0495144522,0.3263755053,0.6241100425
-97.5000000000,78.5000000000,0.0475626429,0.3367024648,0.6157348923
-96.5000000000,78.5000000000,0.0469371107,0.3430325404,0.6100303490
-95.5000000000,78.5000000000,0.0485744843,0.3534226565,0.5980028592
-92.5000000000,78.5000000000,0.0575674018,0.4189392344,0.5234933638
-91.5000000000,78.5000000000,0.0735423477,0.4373274729,0.4891301794
-90.5000000000,78.5000000000,0.0804007010,0.4606444616,0.4589548374
-89.5000000000,78.5000000000,0.0771753474,0.4952757907,0.4275488619
-86.5000000000,78.5000000000,0.0800063047,0.5821321341,0.3378615611
-85.5000000000,78.5000000000,0.0837012416,0.6037066209,0.3125921375
-84.5000000000,78.5000000000,0.0818254469,0.6259653130,0.2922092401
-83.5000000000,78.5000000000,0.0824118217,0.6358739028,0.2817142755
-82.5000000000,78.5000000000,0.0701937010,0.6510402043,0.2787660946
-81.5000000000,78.5000000000,0.0733874431,0.6309152514,0.2956973055
-80.5000000000,78.5000000000,0.0806150521,0.5956660640,0.3237188840
-79.5000000000,78.5000000000,0.0881803896,0.5568431551,0.3549764554
-78.5000000000,78.5000000000,0.0667727847,0.5449003695,0.3883268458
-77.5000000000,78.5000000000,0.0568008799,0.5182394587,0.4249596614
-116.5000000000,77.5000000000,0.0402090652,0.1913830766,0.7684078581
-112.5000000000,77.5000000000,0.0431464642,0.2178332336,0.7390203023
-111.5000000000,77.5000000000,0.0442396782,0.2276274803,0.7281328415
-110.5000000000,77.5000000000,0.0450200300,0.2402118831,0.7147680869
-105.5000000000,77.5000000000,0.0492266610,0.2949191597,0.6558541793
-95.5000000000,77.5000000000,0.0484682134,0.3525368312,0.5989949554
-94.5000000000,77.5000000000,0.0506157883,0.3697459062,0.5796383055
-93.5000000000,77.5000000000,0.0532114123,0.3931473342,0.5536412535
-90.5000000000,77.5000000000,0.0646666050,0.4745900020,0.4607433930
-87.5000000000,77.5000000000,0.0724702761,0.5610599122,0.3664698116
-86.5000000000,77.5000000000,0.0799959900,0.5812180906,0.3387859194
-82.5000000000,77.5000000000,0.0734306042,0.6467455080,0.2798238878
-81.5000000000,77.5000000000,0.0655148581,0.6385259789,0.2959591630
-80.5000000000,77.5000000000,0.0759376171,0.5995208268,0.3245415561
-79.5000000000,77.5000000000,0.0675773549,0.5765842515,0.3558383937
-78.5000000000,77.5000000000,0.0581465643,0.5532545122,0.3885989236
-120.5000000000,76.5000000000,0.0449380422,0.2341477346,0.7209142232
-119.5000000000,76.5000000000,0.0428030521,0.2086632588,0.7485336891
-117.5000000000,76.5000000000,0.0414112211,0.1894687300,0.7691200490
-109.5000000000,76.5000000000,0.0455140735,0.2510318072,0.7034541193
-104.5000000000,76.5000000000,0.0500534080,0.3024932124,0.6474533796
-103.5000000000,76.5000000000,0.0502221898,0.3108490535,0.6389287567
-100.5000000000,76.5000000000,0.0513103875,0.3227867076,0.6259029049
-99.5000000000,76.5000000000,0.0506731363,0.3244423229,0.6248845408
-98.5000000000,76.5000000000,0.0506757246,0.3264680138,0.6228562616
-95.5000000000,76.5000000000,0.0505306341,0.3495091700,0.5999601959
-94.5000000000,76.5000000000,0.0544752756,0.3649582211,0.5805665033
-93.5000000000,76.5000000000,0.0539103927,0.3914228065,0.5546668008
-92.5000000000,76.5000000000,0.0608875408,0.4136133154,0.5254991437
-90.5000000000,76.5000000000,0.0645617098,0.4736688698,0.4617694204
-88.5000000000,76.5000000000,0.0708655096,0.5306154403,0.3985190501
-86.5000000000,76.5000000000,0.0779181521,0.5823827699,0.3396990780
-85.5000000000,76.5000000000,0.0872933590,0.5983715609,0.3143350801
-84.5000000000,76.5000000000,0.0795338834,0.6265908140,0.2938753026
-83.5000000000,76.5000000000,0.0811307816,0.6355039660,0.2833652524
-82.5000000000,76.5000000000,0.0872529566,0.6316943870,0.2810526564
-81.5000000000,76.5000000000,0.0717976197,0.6308657424,0.2973366379
-80.5000000000,76.5000000000,0.0670896748,0.6079358630,0.3249744622
-79.5000000000,76.5000000000,0.0735654082,0.5693849753,0.3570496165
-78.5000000000,76.5000000000,0.0605236840,0.5496266675,0.3898496485
-115.5000000000,75.5000000000,0.0430082462,0.1920507064,0.7649410474
-114.5000000000,75.5000000000,0.0466318683,0.1940397383,0.7593283933
-113.5000000000,75.5000000000,0.0484231780,0.2009532041,0.7506236179
-112.5000000000,75.5000000000,0.0480124206,0.2127148704,0.7392727090
-111.5000000000,75.5000000000,0.0456230002,0.2249833670,0.7293936328
-110.5000000000,75.5000000000,0.0464570842,0.2374382157,0.7161047001
-109.5000000000,75.5000000000,0.0459852998,0.2498047278,0.7042099724
-108.5000000000,75.5000000000,0.0463982782,0.2612852334,0.6923164885
-107.5000000000,75.5000000000,0.0482177477,0.2716880796,0.6800941727
-106.5000000000,75.5000000000,0.0495848524,0.2845106947,0.6659044529
-99.5000000000,75.5000000000,0.0503832797,0.3237535803,0.6258631400
-98.5000000000,75.5000000000,0.0501149429,0.3260310578,0.6238539992
-95.5000000000,75.5000000000,0.0495335671,0.3494976498,0.6009687832
-94.5000000000,75.5000000000,0.0535114777,0.3648849785,0.5816035437
-91.5000000000,75.5000000000,0.0652133350,0.4420795313,0.4927071337
-90.5000000000,75.5000000000,0.0706693783,0.4666460508,0.4626845709
-89.5000000000,75.5000000000,0.0736243084,0.4956679382,0.4307077534
-88.5000000000,75.5000000000,0.0751589921,0.5253326013,0.3995084066
-85.5000000000,75.5000000000,0.0861396312,0.5986196117,0.3152407571
-84.5000000000,75.5000000000,0.0852906781,0.6198983015,0.2948110204
-83.5000000000,75.5000000000,0.0980601883,0.6178835776,0.2840562341
-82.5000000000,75.5000000000,0.0991201807,0.6192339552,0.2816458641
-81.5000000000,75.5000000000,0.0800660796,0.6213869434,0.2985469770
-80.5000000000,75.5000000000,0.0727288074,0.6010299726,0.3262412200
-121.5000000000,74.5000000000,0.0570753098,0.2866698653,0.6562548250
-113.5000000000,74.5000000000,0.0485931072,0.2086416234,0.7427652694
-112.5000000000,74.5000000000,0.0496230652,0.2194088439,0.7309680908
-97.5000000000,74.5000000000,0.0496401884,0.3349227036,0.6154371080
-88.5000000000,74.5000000000,0.0731164694,0.5234876590,0.4033958716
-87.5000000000,74.5000000000,0.0832654481,0.5435259312,0.3732086208
-86.5000000000,74.5000000000,0.0817908829,0.5708721875,0.3473369296
-123.5000000000,73.5000000000,0.0932679175,0.4369883095,0.4697437731
-122.5000000000,73.5000000000,0.0812884864,0.3750816903,0.5436298233
-121.5000000000,73.5000000000,0.0655051833,0.3035451612,0.6309496555
-120.5000000000,73.5000000000,0.0550671241,0.2462428912,0.6986899847
-119.5000000000,73.5000000000,0.0522838602,0.2232836112,0.7244325286
-118.5000000000,73.5000000000,0.0532667328,0.2112617018,0.7354715654
-117.5000000000,73.5000000000,0.0538555406,0.2080203856,0.7381240738
-116.5000000000,73.5000000000,0.0532425864,0.2078484143,0.7389089992
-115.5000000000,73.5000000000,0.0533633297,0.2113925227,0.7352441476
-106.5000000000,73.5000000000,0.0535218132,0.2922900223,0.6541881646
-105.5000000000,73.5000000000,0.0540178606,0.2978667365,0.6481154030
-104.5000000000,73.5000000000,0.0517280637,0.3052899525,0.6429819838
-101.5000000000,73.5000000000,0.0523923584,0.3187539003,0.6288537414
-100.5000000000,73.5000000000,0.0541760978,0.3215443173,0.6242795849
-99.5000000000,73.5000000000,0.0520834179,0.3213384039,0.6265781783
-98.5000000000,73.5000000000,0.0530027731,0.3258052309,0.6211919960
-95.5000000000,73.5000000000,0.0539017364,0.3493737573,0.5967245063
-94.5000000000,73.5000000000,0.0581017299,0.3640685826,0.5778296875
-93.5000000000,73.5000000000,0.0623862592,0.3834975896,0.5541161511
-92.5000000000,73.5000000000,0.0679119746,0.4077465697,0.5243414558
-91.5000000000,73.5000000000,0.0701021557,0.4322484266,0.4976494177
-87.5000000000,73.5000000000,0.0840765463,0.5335123810,0.3824110727
-86.5000000000,73.5000000000,0.0887980583,0.5534194926,0.3577824491
-83.5000000000,73.5000000000,0.0840209304,0.6035227122,0.3124563575
-82.5000000000,73.5000000000,0.0821576009,0.6057087138,0.3121336853
-81.5000000000,73.5000000000,0.0748024557,0.6014018836,0.3237956607
-80.5000000000,73.5000000000,0.0800032840,0.5732449301,0.3467517859
-79.5000000000,73.5000000000,0.0764570875,0.5460285152,0.3775143973
-78.5000000000,73.5000000000,0.0621501423,0.5283113209,0.4095385368
-77.5000000000,73.5000000000,0.0593553090,0.4931404341,0.4475042569
-124.5000000000,72.5000000000,0.1259493196,0.5061918189,0.3678588615
-123.5000000000,72.5000000000,0.1111132284,0.4716024570,0.4172843146
-122.5000000000,72.5000000000,0.0988963555,0.4184494976,0.4826541469
-121.5000000000,72.5000000000,0.0823375152,0.3449823157,0.5726801691
-120.5000000000,72.5000000000,0.0698676679,0.2805138114,0.6496185207
-119.5000000000,72.5000000000,0.0673585646,0.2553064399,0.6773349955
-117.5000000000,72.5000000000,0.0676704286,0.2373537061,0.6949758653
-116.5000000000,72.5000000000,0.0672144062,0.2329183526,0.6998672412
-115.5000000000,72.5000000000,0.0651337434,0.2341232231,0.7007430336
-114.5000000000,72.5000000000,0.0628847082,0.2365940906,0.7005212012
-113.5000000000,72.5000000000,0.0639199074,0.2380568632,0.6980232294
-112.5000000000,72.5000000000,0.0647721960,0.2453163257,0.6899114784
-111.5000000000,72.5000000000,0.0609260940,0.2561938049,0.6828801011
-109.5000000000,72.5000000000,0.0627719932,0.2733190166,0.6639089901
-107.5000000000,72.5000000000,0.0581237874,0.2936083413,0.6482678713
-106.5000000000,72.5000000000,0.0576083005,0.2995263713,0.6428653282
-105.5000000000,72.5000000000,0.0556755200,0.3046451765,0.6396793035
-101.5000000000,72.5000000000,0.0542863644,0.3171646969,0.6285489387
-100.5000000000,72.5000000000,0.0543431905,0.3238594907,0.6217973188
-99.5000000000,72.5000000000,0.0542793288,0.3251794549,0.6205412163
-98.5000000000,72.5000000000,0.0539355112,0.3282743990,0.6177900898
-97.5000000000,72.5000000000,0.0535338200,0.3379537447,0.6085124354
-96.5000000000,72.5000000000,0.0548480074,0.3427362405,0.6024157521
-94.5000000000,72.5000000000,0.0604078345,0.3647926873,0.5747994782
-93.5000000000,72.5000000000,0.0609748572,0.3878817676,0.5511433752
-89.5000000000,72.5000000000,0.0804926951,0.4795354830,0.4399718219
-88.5000000000,72.5000000000,0.0837071787,0.5018271079,0.4144657134
-87.5000000000,72.5000000000,0.0892170741,0.5194122841,0.3913706418
-86.5000000000,72.5000000000,0.0888104901,0.5416678237,0.3695216862
-85.5000000000,72.5000000000,0.0872209887,0.5640968125,0.3486821988
-84.5000000000,72.5000000000,0.0903938077,0.5745633355,0.3350428568
-83.5000000000,72.5000000000,0.0889266227,0.5810204722,0.3300529052
-82.5000000000,72.5000000000,0.0906547267,0.5776965283,0.3316487449
-81.5000000000,72.5000000000,0.0828514125,0.5730822714,0.3440663161
-80.5000000000,72.5000000000,0.0703658067,0.5643481333,0.3652860600
-78.5000000000,72.5000000000,0.0595310835,0.5144494413,0.4260194752
-77.5000000000,72.5000000000,0.0606746240,0.4784635036,0.4608618725
-76.5000000000,72.5000000000,0.0579163729,0.4462774669,0.4958061602
-75.5000000000,72.5000000000,0.0468468142,0.4203641894,0.5327889964
-123.5000000000,71.5000000000,0.1436584822,0.4963945084,0.3599470094
-122.5000000000,71.5000000000,0.1322053440,0.4614521932,0.4063424628
-121.5000000000,71.5000000000,0.1090663376,0.3988548670,0.4920787954
-117.5000000000,71.5000000000,0.0888394537,0.2734739434,0.6376866029
-116.5000000000,71.5000000000,0.0881167666,0.2672790866,0.6446041467
-114.5000000000,71.5000000000,0.0837696285,0.2621322355,0.6540981361
-113.5000000000,71.5000000000,0.0843671391,0.2598727077,0.6557601531
-112.5000000000,71.5000000000,0.0794214938,0.2681826130,0.6523958932
-111.5000000000,71.5000000000,0.0770821883,0.2767260335,0.6461917781
-110.5000000000,71.5000000000,0.0760976570,0.2841340333,0.6397683097
-109.5000000000,71.5000000000,0.0712555832,0.2918508676,0.6368935492
-108.5000000000,71.5000000000,0.0646192153,0.3007551666,0.6346256181
-107.5000000000,71.5000000000,0.0626851943,0.3072730172,0.6300417885
-106.5000000000,71.5000000000,0.0617594453,0.3122911009,0.6259494538
-105.5000000000,71.5000000000,0.0610014181,0.3136824013,0.6253161806
-104.5000000000,71.5000000000,0.0588745305,0.3167087168,0.6244167527
-98.5000000000,71.5000000000,0.0581502148,0.3292506805,0.6125991046
-95.5000000000,71.5000000000,0.0602036841,0.3550091251,0.5847871908
-94.5000000000,71.5000000000,0.0633681961,0.3697367178,0.5668950860
-93.5000000000,71.5000000000,0.0651563635,0.3895448840,0.5452987525
-89.5000000000,71.5000000000,0.0880866462,0.4728876147,0.4390257391
-88.5000000000,71.5000000000,0.0912751696,0.4906523073,0.4180725231
-87.5000000000,71.5000000000,0.0912817292,0.5082951825,0.4004230883
-86.5000000000,71.5000000000,0.0942452905,0.5235574824,0.3821972271
-85.5000000000,71.5000000000,0.0899437725,0.5464983349,0.3635578926
-84.5000000000,71.5000000000,0.0887279930,0.5596168642,0.3516551429
-83.5000000000,71.5000000000,0.0880985732,0.5645852558,0.3473161711
-82.5000000000,71.5000000000,0.0876577139,0.5611838185,0.3511584676
-81.5000000000,71.5000000000,0.0830315520,0.5528014525,0.3641669955
-80.5000000000,71.5000000000,0.0781464465,0.5340865696,0.3877669840
-79.5000000000,71.5000000000,0.0778139967,0.5062714964,0.4159145070
-78.5000000000,71.5000000000,0.0704859737,0.4856137848,0.4439002414
-77.5000000000,71.5000000000,0.0670780611,0.4583551304,0.4745668085
-76.5000000000,71.5000000000,0.0597416736,0.4319546630,0.5083036634
-75.5000000000,71.5000000000,0.0503933483,0.4066540698,0.5429525819
-74.5000000000,71.5000000000,0.0503839501,0.3688166661,0.5807993838
-72.5000000000,71.5000000000,0.0328217178,0.3115039176,0.6556743646
-158.5000000000,70.5000000000,0.0352141601,0.2369316899,0.7278541501
-157.5000000000,70.5000000000,0.0347874366,0.2254869679,0.7397255955
-156.5000000000,70.5000000000,0.0389482180,0.2564620986,0.7045896835
-155.5000000000,70.5000000000,0.0432770450,0.2963653252,0.6603576298
-154.5000000000,70.5000000000,0.0479199612,0.3371357560,0.6149442827
-153.5000000000,70.5000000000,0.0514787160,0.3726832968,0.5758379872
-152.5000000000,70.5000000000,0.0547544163,0.3942799945,0.5509655892
-149.5000000000,70.5000000000,0.0577558367,0.3951045464,0.5471396169
-111.5000000000,70.5000000000,0.0918570828,0.3057495392,0.6023933780
-110.5000000000,70.5000000000,0.0889148150,0.3083668380,0.6027183470
-109.5000000000,70.5000000000,0.0807356191,0.3139939450,0.6052704359
-108.5000000000,70.5000000000,0.0755013626,0.3158039930,0.6086946444
-107.5000000000,70.5000000000,0.0723774796,0.3196852950,0.6079372254
-106.5000000000,70.5000000000,0.0695984731,0.3215346965,0.6088668303
-105.5000000000,70.5000000000,0.0666369952,0.3228525248,0.6105104801
-104.5000000000,70.5000000000,0.0631550225,0.3229963821,0.6138485954
-103.5000000000,70.5000000000,0.0623149123,0.3254493889,0.6122356988
-95.5000000000,70.5000000000,0.0655229649,0.3558948031,0.5785822320
-94.5000000000,70.5000000000,0.0709512924,0.3679891606,0.5610595471
-93.5000000000,70.5000000000,0.0786227387,0.3849024435,0.5364748179
-92.5000000000,70.5000000000,0.0791816103,0.4102869777,0.5105314120
-88.5000000000,70.5000000000,0.0965249142,0.4831615927,0.4203134931
-87.5000000000,70.5000000000,0.0988849923,0.4952572596,0.4058577481
-86.5000000000,70.5000000000,0.1021886225,0.5070473918,0.3907639857
-85.5000000000,70.5000000000,0.1035761176,0.5199752036,0.3764486788
-84.5000000000,70.5000000000,0.0975311046,0.5351412694,0.3673276260
-83.5000000000,70.5000000000,0.0945735948,0.5399512768,0.3654751284
-82.5000000000,70.5000000000,0.0896475182,0.5366659870,0.3736864948
-81.5000000000,70.5000000000,0.0828500883,0.5307305486,0.3864193631
-80.5000000000,70.5000000000,0.0771755926,0.5195877086,0.4032366988
-79.5000000000,70.5000000000,0.0692895360,0.5013680867,0.4293423773
-78.5000000000,70.5000000000,0.0669510311,0.4760247647,0.4570242041
-77.5000000000,70.5000000000,0.0635060021,0.4496776885,0.4868163095
-76.5000000000,70.5000000000,0.0582639887,0.4223616888,0.5193743225
-75.5000000000,70.5000000000,0.0527543493,0.3932635549,0.5539820957
-74.5000000000,70.5000000000,0.0479075903,0.3630833805,0.5890090292
-73.5000000000,70.5000000000,0.0414422434,0.3330918918,0.6254658648
-72.5000000000,70.5000000000,0.0368255316,0.2990581205,0.6641163479
-71.5000000000,70.5000000000,0.0382323298,0.2624048073,0.6993628629
-70.5000000000,70.5000000000,0.0260315770,0.2457197545,0.7282486685
-69.5000000000,70.5000000000,0.0229250084,0.2265132250,0.7505617666
-68.5000000000,70.5000000000,0.0205593640,0.2092464425,0.7701941935
-162.5000000000,69.5000000000,0.0382850010,0.3114412469,0.6502737521
-161.5000000000,69.5000000000,0.0405328309,0.3192374025,0.6402297666
-160.5000000000,69.5000000000,0.0429465619,0.3175372633,0.6395161749
-159.5000000000,69.5000000000,0.0429457198,0.3104383229,0.6466159573
-158.5000000000,69.5000000000,0.0444414606,0.3020253446,0.6535331949
-157.5000000000,69.5000000000,0.0464107554,0.3034248530,0.6501643917
-156.5000000000,69.5000000000,0.0513819843,0.3328786553,0.6157393603
-155.5000000000,69.5000000000,0.0568814711,0.3693096669,0.5738088621
-154.5000000000,69.5000000000,0.0616533483,0.4113040139,0.5270426377
-153.5000000000,69.5000000000,0.0677099037,0.4492800034,0.4830100928
-152.5000000000,69.5000000000,0.0722018200,0.4701300884,0.4576680916
-151.5000000000,69.5000000000,0.0704404363,0.4734460126,0.4561135510
-150.5000000000,69.5000000000,0.0697147533,0.4585344749,0.4717507717
-149.5000000000,69.5000000000,0.0727841097,0.4448905505,0.4823253398
-148.5000000000,69.5000000000,0.0836796485,0.4544430802,0.4618772713
-147.5000000000,69.5000000000,0.0999462452,0.4609180036,0.4391357512
-146.5000000000,69.5000000000,0.1144408353,0.4621833615,0.4233758033
-145.5000000000,69.5000000000,0.1393996097,0.4527837187,0.4078166716
-144.5000000000,69.5000000000,0.1265099438,0.4706271986,0.4028628577
-143.5000000000,69.5000000000,0.1169214533,0.4707172732,0.4123612735
-142.5000000000,69.5000000000,0.1106962370,0.4489540155,0.4403497475
-141.5000000000,69.5000000000,0.0899335729,0.4294130891,0.4806533380
-140.5000000000,69.5000000000,0.0784100460,0.4070281399,0.5145618141
-139.5000000000,69.5000000000,0.0723158954,0.4235464186,0.5041376860
-132.5000000000,69.5000000000,0.1995124564,0.6023752686,0.1981122750
-131.5000000000,69.5000000000,0.2132288483,0.5912760491,0.1954951026
-130.5000000000,69.5000000000,0.2204349076,0.5810407353,0.1985243571
-129.5000000000,69.5000000000,0.2250997146,0.5720059477,0.2028943377
-128.5000000000,69.5000000000,0.2236302772,0.5669171978,0.2094525251
-127.5000000000,69.5000000000,0.2303475354,0.5582468108,0.2114056538
-126.5000000000,69.5000000000,0.2351989710,0.5465027093,0.2182983197
-125.5000000000,69.5000000000,0.2182976508,0.5502912860,0.2314110631
-124.5000000000,69.5000000000,0.2079792350,0.5406178434,0.2514029216
-122.5000000000,69.5000000000,0.2043826342,0.4887805008,0.3068368650
-121.5000000000,69.5000000000,0.1962293986,0.4557237796,0.3480468219
-116.5000000000,69.5000000000,0.1587277433,0.3465311500,0.4947411067
-115.5000000000,69.5000000000,0.1568847961,0.3368417492,0.5062734547
-114.5000000000,69.5000000000,0.1492643484,0.3315027185,0.5192329331
-113.5000000000,69.5000000000,0.1402683649,0.3278279908,0.5319036443
-112.5000000000,69.5000000000,0.1327175321,0.3282773116,0.5390051563
-111.5000000000,69.5000000000,0.1174806561,0.3302269015,0.5522924423
-110.5000000000,69.5000000000,0.1065172797,0.3342347836,0.5592479367
-109.5000000000,69.5000000000,0.0957542744,0.3355708218,0.5686749038
-108.5000000000,69.5000000000,0.0876553529,0.3359814985,0.5763631486
-107.5000000000,69.5000000000,0.0816130376,0.3365668463,0.5818201161
-106.5000000000,69.5000000000,0.0742833352,0.3378344542,0.5878822106
-105.5000000000,69.5000000000,0.0712151796,0.3346827157,0.5941021047
-104.5000000000,69.5000000000,0.0682932485,0.3327971164,0.5989096351
-103.5000000000,69.5000000000,0.0675542263,0.3294711474,0.6029746263
-97.5000000000,69.5000000000,0.0701604923,0.3373016634,0.5925378442
-96.5000000000,69.5000000000,0.0684159933,0.3451658796,0.5864181270
-95.5000000000,69.5000000000,0.0691341895,0.3598533154,0.5710124952
-92.5000000000,69.5000000000,0.0904021958,0.4056287301,0.5039690741
-91.5000000000,69.5000000000,0.0945760540,0.4253267926,0.4800971534
-90.5000000000,69.5000000000,0.0998316496,0.4426168123,0.4575515381
-85.5000000000,69.5000000000,0.1052677743,0.5056476729,0.3890845528
-84.5000000000,69.5000000000,0.1090985411,0.5062885881,0.3846128709
-83.5000000000,69.5000000000,0.1002853323,0.5138133588,0.3859013088
-82.5000000000,69.5000000000,0.0904592569,0.5157361780,0.3938045651
-76.5000000000,69.5000000000,0.0535111388,0.4178592130,0.5286296482
-75.5000000000,69.5000000000,0.0479222195,0.3901712143,0.5619065662
-74.5000000000,69.5000000000,0.0457652235,0.3588774345,0.5953573420
-73.5000000000,69.5000000000,0.0409099544,0.3280620251,0.6310280205
-72.5000000000,69.5000000000,0.0349197530,0.2978501194,0.6672301276
-71.5000000000,69.5000000000,0.0314502730,0.2673337299,0.7012159970
-70.5000000000,69.5000000000,0.0254769859,0.2446503468,0.7298726673
-69.5000000000,69.5000000000,0.0266366415,0.2187192708,0.7546440877
-68.5000000000,69.5000000000,0.0251545875,0.2005879016,0.7742575110
-165.5000000000,68.5000000000,0.0353977866,0.2713809852,0.6932212282
-164.5000000000,68.5000000000,0.0374034463,0.2948227097,0.6677738440
-163.5000000000,68.5000000000,0.0433559128,0.3148972753,0.6417468119
-162.5000000000,68.5000000000,0.0479562726,0.3364552010,0.6155885264
-161.5000000000,68.5000000000,0.0491323669,0.3589891775,0.5918784556
-160.5000000000,68.5000000000,0.0565125279,0.3668530273,0.5766344448
-159.5000000000,68.5000000000,0.0575686357,0.3739665544,0.5684648099
-158.5000000000,68.5000000000,0.0639706216,0.3812870341,0.5547423443
-157.5000000000,68.5000000000,0.0699272797,0.3922031042,0.5378696161
-156.5000000000,68.5000000000,0.0712675230,0.4270163592,0.5017161178
-155.5000000000,68.5000000000,0.0799763923,0.4517114902,0.4683121175
-154.5000000000,68.5000000000,0.0892677134,0.4884049245,0.4223273621
-153.5000000000,68.5000000000,0.1015642212,0.5230133213,0.3754224575
-152.5000000000,68.5000000000,0.1083014226,0.5394264437,0.3522721337
-151.5000000000,68.5000000000,0.1112545701,0.5359014329,0.3528439970
-150.5000000000,68.5000000000,0.1107224358,0.5135587534,0.3757188109
-149.5000000000,68.5000000000,0.1058988695,0.4949248371,0.3991762934
-148.5000000000,68.5000000000,0.1432981405,0.4910829824,0.3656188772
-147.5000000000,68.5000000000,0.1799537250,0.4850273363,0.3350189388
-146.5000000000,68.5000000000,0.1719824813,0.4992708068,0.3287467118
-145.5000000000,68.5000000000,0.1795987250,0.5048990848,0.3155021902
-144.5000000000,68.5000000000,0.1805136516,0.5072885355,0.3121978129
-143.5000000000,68.5000000000,0.1733681571,0.5006094568,0.3260223861
-142.5000000000,68.5000000000,0.1409070131,0.4909077365,0.3681852505
-141.5000000000,68.5000000000,0.1166522632,0.4541144044,0.4292333324
-140.5000000000,68.5000000000,0.0935926223,0.4176609917,0.4887463861
-139.5000000000,68.5000000000,0.0930408068,0.4287091340,0.4782500592
-138.5000000000,68.5000000000,0.1004842586,0.4617107614,0.4378049799
-137.5000000000,68.5000000000,0.1104504938,0.5163586798,0.3731908265
-136.5000000000,68.5000000000,0.1228089455,0.5747132472,0.3024778072
-135.5000000000,68.5000000000,0.1394801726,0.6142705172,0.2462493102
-134.5000000000,68.5000000000,0.1671433248,0.6250813485,0.2077753267
-133.5000000000,68.5000000000,0.2037033567,0.6153084631,0.1809881802
-132.5000000000,68.5000000000,0.2329909806,0.5908000863,0.1762089332
-131.5000000000,68.5000000000,0.2528891535,0.5713555751,0.1757552713
-130.5000000000,68.5000000000,0.2518402498,0.5661089382,0.1820508120
-129.5000000000,68.5000000000,0.2562590812,0.5565611191,0.1871797997
-128.5000000000,68.5000000000,0.2562951210,0.5506481154,0.1930567635
-127.5000000000,68.5000000000,0.2604639216,0.5451368839,0.1943991945
-126.5000000000,68.5000000000,0.2615648994,0.5403613133,0.1980737873
-125.5000000000,68.5000000000,0.2631806578,0.5308249942,0.2059943481
-124.5000000000,68.5000000000,0.2590422591,0.5207606539,0.2201970869
-123.5000000000,68.5000000000,0.2584082090,0.5034849420,0.2381068489
-122.5000000000,68.5000000000,0.2517893321,0.4865103765,0.2617002914
-121.5000000000,68.5000000000,0.2578112499,0.4531194375,0.2890693127
-120.5000000000,68.5000000000,0.2454772717,0.4311762168,0.3233465114
-119.5000000000,68.5000000000,0.2397337885,0.4119282674,0.3483379440
-118.5000000000,68.5000000000,0.2271286898,0.3991477844,0.3737235258
-117.5000000000,68.5000000000,0.2241028957,0.3842368008,0.3916603035
-116.5000000000,68.5000000000,0.2200873985,0.3750491395,0.4048634620
-115.5000000000,68.5000000000,0.2097619817,0.3668316701,0.4234063481
-114.5000000000,68.5000000000,0.1969764988,0.3634844608,0.4395390404
-112.5000000000,68.5000000000,0.1620329860,0.3623945231,0.4755724908
-107.5000000000,68.5000000000,0.0927923320,0.3559780203,0.5512296477
-105.5000000000,68.5000000000,0.0797783973,0.3461883007,0.5740333020
-104.5000000000,68.5000000000,0.0756024606,0.3398348126,0.5845627268
-97.5000000000,68.5000000000,0.0830942341,0.3371092760,0.5797964899
-96.5000000000,68.5000000000,0.0833269547,0.3465937424,0.5700793028
-93.5000000000,68.5000000000,0.0953944644,0.3900825688,0.5145229668
-92.5000000000,68.5000000000,0.1043478673,0.4017583185,0.4938938142
-91.5000000000,68.5000000000,0.1143484709,0.4144448969,0.4712066322
-89.5000000000,68.5000000000,0.1180879133,0.4448155481,0.4370965387
-88.5000000000,68.5000000000,0.1206533257,0.4548040222,0.4245426521
-85.5000000000,68.5000000000,0.1225501148,0.4820605731,0.3953893121
-84.5000000000,68.5000000000,0.1198665959,0.4868318701,0.3933015340
-83.5000000000,68.5000000000,0.1106588636,0.4913095485,0.3980315879
-73.5000000000,68.5000000000,0.0387181509,0.3320423509,0.6292394982
-72.5000000000,68.5000000000,0.0351009040,0.3009720991,0.6639269970
-71.5000000000,68.5000000000,0.0312900176,0.2698069095,0.6989030729
-70.5000000000,68.5000000000,0.0285764181,0.2440297671,0.7273938148
-69.5000000000,68.5000000000,0.0267314157,0.2202994555,0.7529691289
-68.5000000000,68.5000000000,0.0221379914,0.2049907293,0.7728712793
-163.5000000000,67.5000000000,0.0389134593,0.3366377114,0.6244488294
-162.5000000000,67.5000000000,0.0401758959,0.3724371492,0.5873869550
-161.5000000000,67.5000000000,0.0494009638,0.3983823115,0.5522167246
-160.5000000000,67.5000000000,0.0529042154,0.4240246487,0.5230711358
-159.5000000000,67.5000000000,0.0591791784,0.4398852054,0.5009356162
-158.5000000000,67.5000000000,0.0699475440,0.4583381527,0.4717143033
-157.5000000000,67.5000000000,0.0822326460,0.4801328641,0.4376344899
-156.5000000000,67.5000000000,0.0986863099,0.5012082040,0.4001054861
-155.5000000000,67.5000000000,0.1157727090,0.5121746708,0.3720526203
-154.5000000000,67.5000000000,0.1351443001,0.5372869296,0.3275687702
-153.5000000000,67.5000000000,0.1387758723,0.5771210467,0.2841030810
-152.5000000000,67.5000000000,0.1563169075,0.5849550975,0.2587279950
-151.5000000000,67.5000000000,0.1561213347,0.5895975169,0.2542811484
-150.5000000000,67.5000000000,0.1504141508,0.5799352858,0.2696505634
-149.5000000000,67.5000000000,0.1553816147,0.5704937265,0.2741246588
-148.5000000000,67.5000000000,0.1674945747,0.5770520384,0.2554533869
-147.5000000000,67.5000000000,0.2043797150,0.5661771911,0.2294430939
-146.5000000000,67.5000000000,0.1880880121,0.5842787131,0.2276332747
-145.5000000000,67.5000000000,0.1840759532,0.5895068009,0.2264172459
-144.5000000000,67.5000000000,0.1806498459,0.5865188834,0.2328312707
-143.5000000000,67.5000000000,0.1773116849,0.5720102523,0.2506780627
-142.5000000000,67.5000000000,0.1618878787,0.5476294586,0.2904826628
-141.5000000000,67.5000000000,0.1362116059,0.5034950746,0.3602933194
-140.5000000000,67.5000000000,0.1159973374,0.4625750664,0.4214275961
-139.5000000000,67.5000000000,0.1094572114,0.4674552671,0.4230875216
-138.5000000000,67.5000000000,0.1120938699,0.5003682383,0.3875378918
-137.5000000000,67.5000000000,0.1301586698,0.5423492192,0.3274921110
-136.5000000000,67.5000000000,0.1599153243,0.5773398766,0.2627447991
-135.5000000000,67.5000000000,0.1619950384,0.6221955881,0.2158093736
-134.5000000000,67.5000000000,0.1820088661,0.6307978831,0.1871932507
-133.5000000000,67.5000000000,0.2236070554,0.6080905213,0.1683024233
-132.5000000000,67.5000000000,0.2652215859,0.5728603294,0.1619180846
-131.5000000000,67.5000000000,0.2679134839,0.5647208119,0.1673657042
-130.5000000000,67.5000000000,0.2750494488,0.5502798980,0.1746706532
-129.5000000000,67.5000000000,0.2752050689,0.5441185699,0.1806763612
-128.5000000000,67.5000000000,0.2844593840,0.5328607193,0.1826798966
-127.5000000000,67.5000000000,0.2910014626,0.5296658262,0.1793327112
-126.5000000000,67.5000000000,0.2996296290,0.5214125260,0.1789578450
-125.5000000000,67.5000000000,0.3012392516,0.5153216174,0.1834391310
-124.5000000000,67.5000000000,0.2979341908,0.5063902977,0.1956755114
-123.5000000000,67.5000000000,0.2932050673,0.4957943090,0.2110006237
-122.5000000000,67.5000000000,0.2885431102,0.4817821838,0.2296747060
-121.5000000000,67.5000000000,0.2919540956,0.4611109678,0.2469349366
-120.5000000000,67.5000000000,0.2880583928,0.4433974795,0.2685441277
-119.5000000000,67.5000000000,0.2881409664,0.4257003070,0.2861587266
-118.5000000000,67.5000000000,0.2945304784,0.4060109769,0.2994585447
-117.5000000000,67.5000000000,0.2902248420,0.3992781800,0.3104969780
-116.5000000000,67.5000000000,0.2910550280,0.3880324004,0.3209125716
-115.5000000000,67.5000000000,0.2842095065,0.3813498704,0.3344406231
-114.5000000000,67.5000000000,0.2751779119,0.3744192944,0.3504027936
-113.5000000000,67.5000000000,0.2524993985,0.3751289586,0.3723716430
-112.5000000000,67.5000000000,0.2218884016,0.3784357315,0.3996758670
-111.5000000000,67.5000000000,0.1889598142,0.3805574555,0.4304827303
-110.5000000000,67.5000000000,0.1605289083,0.3812922235,0.4581788682
-109.5000000000,67.5000000000,0.1381453381,0.3784526376,0.4834020244
-107.5000000000,67.5000000000,0.1096162395,0.3731227569,0.5172610036
-106.5000000000,67.5000000000,0.1003385898,0.3655384469,0.5341229634
-105.5000000000,67.5000000000,0.0934673434,0.3569759751,0.5495566815
-104.5000000000,67.5000000000,0.0869232734,0.3462037264,0.5668730003
-103.5000000000,67.5000000000,0.0852441512,0.3321526017,0.5826032472
-102.5000000000,67.5000000000,0.0869048980,0.3184352477,0.5946598543
-101.5000000000,67.5000000000,0.0901185912,0.3113112771,0.5985701317
-100.5000000000,67.5000000000,0.0949994347,0.3115252098,0.5934753555
-99.5000000000,67.5000000000,0.1000102088,0.3176495235,0.5823402678
-98.5000000000,67.5000000000,0.1015636544,0.3274523770,0.5709839685
-97.5000000000,67.5000000000,0.1038522944,0.3366696071,0.5594780985
-96.5000000000,67.5000000000,0.1024471973,0.3479516197,0.5496011830
-94.5000000000,67.5000000000,0.1134577332,0.3702361505,0.5163061164
-93.5000000000,67.5000000000,0.1186802023,0.3830752507,0.4982445470
-92.5000000000,67.5000000000,0.1304694616,0.3902824254,0.4792481131
-91.5000000000,67.5000000000,0.1322717404,0.4053785561,0.4623497035
-90.5000000000,67.5000000000,0.1407080759,0.4132063682,0.4460855559
-89.5000000000,67.5000000000,0.1406211016,0.4285457863,0.4308331121
-88.5000000000,67.5000000000,0.1427087132,0.4378838019,0.4194074850
-85.5000000000,67.5000000000,0.1381984777,0.4616045268,0.4001969956
-84.5000000000,67.5000000000,0.1320201138,0.4674837554,0.4004961308
-83.5000000000,67.5000000000,0.1224766150,0.4722151295,0.4053082554
-82.5000000000,67.5000000000,0.1118453069,0.4746661292,0.4134885639
-81.5000000000,67.5000000000,0.0993588213,0.4727004360,0.4279407427
-76.5000000000,67.5000000000,0.0593876907,0.3971532644,0.5434590449
-75.5000000000,67.5000000000,0.0521434420,0.3804408423,0.5674157156
-71.5000000000,67.5000000000,0.0315347119,0.2770078540,0.6914574341
-70.5000000000,67.5000000000,0.0288478139,0.2508449181,0.7203072680
-69.5000000000,67.5000000000,0.0281302281,0.2268395413,0.7450302306
-68.5000000000,67.5000000000,0.0274203030,0.2059978005,0.7665818965
-67.5000000000,67.5000000000,0.0292923889,0.1900275447,0.7806800663
-66.5000000000,67.5000000000,0.0349764569,0.1825319931,0.7824915500
-65.5000000000,67.5000000000,0.0364441249,0.1908792954,0.7726765797
-64.5000000000,67.5000000000,0.0344657127,0.2075022773,0.7580320101
-164.5000000000,66.5000000000,0.0344064118,0.3129578776,0.6526357106
-160.5000000000,66.5000000000,0.0487416910,0.4607630337,0.4904952754
-159.5000000000,66.5000000000,0.0562719629,0.4900211777,0.4537068594
-158.5000000000,66.5000000000,0.0670240960,0.5187672013,0.4142087027
-157.5000000000,66.5000000000,0.0842749928,0.5519558285,0.3637691787
-156.5000000000,66.5000000000,0.1064161148,0.5789128225,0.3146710628
-155.5000000000,66.5000000000,0.1143652466,0.6001683220,0.2854664314
-154.5000000000,66.5000000000,0.1360137713,0.6095467757,0.2544394530
-153.5000000000,66.5000000000,0.1513352846,0.6217051228,0.2269595925
-152.5000000000,66.5000000000,0.1681196364,0.6248270740,0.2070532896
-151.5000000000,66.5000000000,0.1847203362,0.6163588659,0.1989207979
-150.5000000000,66.5000000000,0.2029017394,0.5976746823,0.1994235783
-149.5000000000,66.5000000000,0.2035004306,0.6011982704,0.1953012990
-148.5000000000,66.5000000000,0.1996873189,0.6212338675,0.1790788135
-147.5000000000,66.5000000000,0.2070789286,0.6334946060,0.1594264654
-146.5000000000,66.5000000000,0.1915115185,0.6460644979,0.1624239836
-145.5000000000,66.5000000000,0.1779701967,0.6559183407,0.1661114626
-144.5000000000,66.5000000000,0.1867232385,0.6354947035,0.1777820580
-143.5000000000,66.5000000000,0.1938865501,0.6069344225,0.1991790274
-142.5000000000,66.5000000000,0.1816361832,0.5788117316,0.2395520852
-141.5000000000,66.5000000000,0.1677296330,0.5356659746,0.2966043924
-140.5000000000,66.5000000000,0.1510784045,0.5049872264,0.3439343691
-139.5000000000,66.5000000000,0.1421643686,0.5051021095,0.3527335219
-138.5000000000,66.5000000000,0.1366639275,0.5388459370,0.3244901356
-137.5000000000,66.5000000000,0.1464641705,0.5720661110,0.2814697186
-136.5000000000,66.5000000000,0.1671066842,0.6004041267,0.2324891891
-135.5000000000,66.5000000000,0.1826871812,0.6262798095,0.1910330093
-134.5000000000,66.5000000000,0.2144907131,0.6134434826,0.1720658043
-133.5000000000,66.5000000000,0.2345863257,0.6021316290,0.1632820452
-132.5000000000,66.5000000000,0.2686668133,0.5720332119,0.1592999748
-131.5000000000,66.5000000000,0.2811152981,0.5537365498,0.1651481521
-130.5000000000,66.5000000000,0.2793805139,0.5445960916,0.1760233945
-129.5000000000,66.5000000000,0.2826521235,0.5340711789,0.1832766976
-128.5000000000,66.5000000000,0.2917324612,0.5255828310,0.1826847077
-127.5000000000,66.5000000000,0.3053008844,0.5187105384,0.1759885772
-126.5000000000,66.5000000000,0.3277983038,0.5057414332,0.1664602630
-125.5000000000,66.5000000000,0.3398539803,0.4918822003,0.1682638195
-124.5000000000,66.5000000000,0.3367484405,0.4848447381,0.1784068214
-123.5000000000,66.5000000000,0.3294973553,0.4797404550,0.1907621897
-122.5000000000,66.5000000000,0.3175502441,0.4765690639,0.2058806920
-121.5000000000,66.5000000000,0.3162581636,0.4643268506,0.2194149858
-120.5000000000,66.5000000000,0.3221407441,0.4496091228,0.2282501331
-119.5000000000,66.5000000000,0.3403887531,0.4242271553,0.2353840916
-118.5000000000,66.5000000000,0.3532869266,0.4071677202,0.2395453532
-117.5000000000,66.5000000000,0.3537885285,0.4015259877,0.2446854837
-116.5000000000,66.5000000000,0.3744510155,0.3803988840,0.2451501005
-115.5000000000,66.5000000000,0.3815309492,0.3689126859,0.2495563650
-114.5000000000,66.5000000000,0.3617841573,0.3716079419,0.2666079009
-113.5000000000,66.5000000000,0.3274967882,0.3799814377,0.2925217741
-112.5000000000,66.5000000000,0.2870849974,0.3865120316,0.3264029709
-111.5000000000,66.5000000000,0.2439445153,0.3919157774,0.3641397073
-110.5000000000,66.5000000000,0.2002442027,0.3969661582,0.4027896391
-109.5000000000,66.5000000000,0.1712965205,0.3954353327,0.4332681467
-108.5000000000,66.5000000000,0.1600076042,0.3848140194,0.4551783764
-107.5000000000,66.5000000000,0.1302244198,0.3868942218,0.4828813584
-106.5000000000,66.5000000000,0.1245899117,0.3747252876,0.5006848006
-105.5000000000,66.5000000000,0.1163790706,0.3624148769,0.5212060525
-104.5000000000,66.5000000000,0.1077720924,0.3491728752,0.5430550324
-103.5000000000,66.5000000000,0.1053799922,0.3288655761,0.5657544317
-102.5000000000,66.5000000000,0.1056341332,0.3098210595,0.5845448073
-101.5000000000,66.5000000000,0.1112587163,0.2992063602,0.5895349235
-100.5000000000,66.5000000000,0.1184652121,0.2986378964,0.5828968916
-99.5000000000,66.5000000000,0.1259687849,0.3065322534,0.5674989617
-98.5000000000,66.5000000000,0.1305280413,0.3187782451,0.5506937136
-97.5000000000,66.5000000000,0.1328866595,0.3316269109,0.5354864296
-96.5000000000,66.5000000000,0.1326904352,0.3438095991,0.5234999657
-95.5000000000,66.5000000000,0.1351952248,0.3564983931,0.5083063821
-94.5000000000,66.5000000000,0.1453723805,0.3630199412,0.4916076783
-93.5000000000,66.5000000000,0.1514000191,0.3744759483,0.4741240326
-92.5000000000,66.5000000000,0.1566146400,0.3864808629,0.4569044971
-91.5000000000,66.5000000000,0.1562167406,0.3965062731,0.4472769862
-90.5000000000,66.5000000000,0.1683380248,0.3999354269,0.4317265483
-89.5000000000,66.5000000000,0.1613187510,0.4144667192,0.4242145298
-88.5000000000,66.5000000000,0.1637598635,0.4212975209,0.4149426156
-87.5000000000,66.5000000000,0.1538816653,0.4347560631,0.4113622716
-84.5000000000,66.5000000000,0.1397088176,0.4539638239,0.4063273585
-83.5000000000,66.5000000000,0.1294660062,0.4593180959,0.4112158979
-73.5000000000,66.5000000000,0.0420312471,0.3353000696,0.6226686833
-72.5000000000,66.5000000000,0.0379804458,0.3126587707,0.6493607835
-71.5000000000,66.5000000000,0.0342319494,0.2881389607,0.6776290899
-70.5000000000,66.5000000000,0.0306306458,0.2644699928,0.7048993614
-69.5000000000,66.5000000000,0.0289368851,0.2450548655,0.7260082494
-68.5000000000,66.5000000000,0.0284704744,0.2242177897,0.7473117358
-67.5000000000,66.5000000000,0.0277144366,0.2083813627,0.7639042007
-66.5000000000,66.5000000000,0.0306428522,0.1974432478,0.7719139000
-65.5000000000,66.5000000000,0.0314495419,0.2091503223,0.7594001357
-64.5000000000,66.5000000000,0.0449451544,0.2170113587,0.7380434869
-63.5000000000,66.5000000000,0.0504570335,0.2343036436,0.7152393229
-62.5000000000,66.5000000000,0.0569210419,0.2522849967,0.6907939614
-167.5000000000,65.5000000000,0.0297099992,0.2265302361,0.7437597647
-166.5000000000,65.5000000000,0.0312588086,0.2552074156,0.7135337759
-165.5000000000,65.5000000000,0.0344249259,0.2820305785,0.6835444956
-164.5000000000,65.5000000000,0.0357570029,0.3146330712,0.6496099260
-163.5000000000,65.5000000000,0.0379564094,0.3500181430,0.6120254476
-162.5000000000,65.5000000000,0.0397223300,0.3933290388,0.5669486312
-161.5000000000,65.5000000000,0.0468081973,0.4320816307,0.5211101719
-160.5000000000,65.5000000000,0.0527360219,0.4700052137,0.4772587644
-159.5000000000,65.5000000000,0.0603849930,0.5062118617,0.4334031453
-158.5000000000,65.5000000000,0.0743442983,0.5425186158,0.3831370859
-157.5000000000,65.5000000000,0.0857359630,0.5856202316,0.3286438055
-156.5000000000,65.5000000000,0.1066647923,0.6147835060,0.2785517017
-155.5000000000,65.5000000000,0.1313619956,0.6259541081,0.2426838963
-154.5000000000,65.5000000000,0.1645053977,0.6233863332,0.2121082690
-153.5000000000,65.5000000000,0.1976848968,0.6145639092,0.1877511940
-152.5000000000,65.5000000000,0.2308473072,0.5981272319,0.1710254609
-151.5000000000,65.5000000000,0.2501607336,0.5872491354,0.1625901311
-150.5000000000,65.5000000000,0.2365270284,0.5994736164,0.1639993552
-149.5000000000,65.5000000000,0.2372967579,0.6044234539,0.1582797883
