Lon,Lat,C_LonLatElev,B_LonLatElev,U_LonLatElev
-112.5000000000,78.5000000000,0.0485873780,0.1946145481,0.7567980739
-111.5000000000,78.5000000000,0.0529420835,0.2010130254,0.7460448912
-110.5000000000,78.5000000000,0.0561848793,0.2082564885,0.7355586323
-109.5000000000,78.5000000000,0.0579240036,0.2142828851,0.7277931113
-104.5000000000,78.5000000000,0.0711946764,0.2440086771,0.6847966465
-103.5000000000,78.5000000000,0.0719121224,0.2422432722,0.6858446055
-102.5000000000,78.5000000000,0.0744143421,0.2459119556,0.6796737024
-101.5000000000,78.5000000000,0.0758098955,0.2500970007,0.6740931038
-100.5000000000,78.5000000000,0.0760713333,0.2581067473,0.6658219195
-97.5000000000,78.5000000000,0.0722189568,0.2739417398,0.6538393033
-96.5000000000,78.5000000000,0.0653997353,0.2799517384,0.6546485263
-95.5000000000,78.5000000000,0.0598273095,0.2841768564,0.6559958341
-92.5000000000,78.5000000000,0.0486238999,0.3273657256,0.6240103745
-91.5000000000,78.5000000000,0.0574020751,0.3721348011,0.5704631238
-90.5000000000,78.5000000000,0.0582445459,0.4035293848,0.5382260693
-89.5000000000,78.5000000000,0.0539543161,0.4361272112,0.5099184727
-86.5000000000,78.5000000000,0.0527587615,0.5858323589,0.3614088796
-85.5000000000,78.5000000000,0.0539448665,0.6398968340,0.3061582994
-84.5000000000,78.5000000000,0.0532235408,0.6893544261,0.2574220330
-83.5000000000,78.5000000000,0.0537303334,0.7297092935,0.2165603731
-82.5000000000,78.5000000000,0.0475939627,0.7415023387,0.2109036986
-81.5000000000,78.5000000000,0.0519849639,0.7357474800,0.2122675561
-80.5000000000,78.5000000000,0.0615988556,0.7247675810,0.2136335634
-79.5000000000,78.5000000000,0.0727905649,0.7050854156,0.2221240195
-78.5000000000,78.5000000000,0.0596912457,0.6586934436,0.2816153107
-77.5000000000,78.5000000000,0.0514670253,0.6085431961,0.3399897785
-116.5000000000,77.5000000000,0.0333553209,0.1678467056,0.7987979735
-112.5000000000,77.5000000000,0.0493726975,0.1939078741,0.7567194284
-111.5000000000,77.5000000000,0.0536249122,0.2000599961,0.7463150918
-110.5000000000,77.5000000000,0.0559719267,0.2061283560,0.7378997173
-105.5000000000,77.5000000000,0.0689439402,0.2383555078,0.6927005520
-95.5000000000,77.5000000000,0.0595972872,0.2814727703,0.6589299425
-94.5000000000,77.5000000000,0.0557633721,0.2941007453,0.6501358826
-93.5000000000,77.5000000000,0.0505276675,0.3058314443,0.6436408881
-90.5000000000,77.5000000000,0.0461230336,0.3761896604,0.5776873061
-87.5000000000,77.5000000000,0.0488691612,0.5210129518,0.4301178870
-86.5000000000,77.5000000000,0.0528248314,0.5827808569,0.3643943117
-82.5000000000,77.5000000000,0.0496010661,0.7419438109,0.2084551230
-81.5000000000,77.5000000000,0.0473585146,0.7260790777,0.2265624077
-80.5000000000,77.5000000000,0.0587284675,0.7189230310,0.2223485016
-79.5000000000,77.5000000000,0.0580271363,0.6861983297,0.2557745340
-78.5000000000,77.5000000000,0.0529087005,0.6446757536,0.3024155459
-120.5000000000,76.5000000000,0.0362851697,0.2190205928,0.7446942375
-119.5000000000,76.5000000000,0.0327611860,0.1858613397,0.7813774743
-117.5000000000,76.5000000000,0.0334661609,0.1689076896,0.7976261495
-109.5000000000,76.5000000000,0.0591407069,0.2119183428,0.7289409504
-104.5000000000,76.5000000000,0.0721587784,0.2407924490,0.6870487726
-103.5000000000,76.5000000000,0.0728631563,0.2390213016,0.6881155422
-100.5000000000,76.5000000000,0.0788984522,0.2564868487,0.6646146991
-99.5000000000,76.5000000000,0.0791899582,0.2586523636,0.6621576782
-98.5000000000,76.5000000000,0.0788145332,0.2646131507,0.6565723161
-95.5000000000,76.5000000000,0.0623354978,0.2829306591,0.6547338432
-94.5000000000,76.5000000000,0.0604145196,0.2987496633,0.6408358170
-93.5000000000,76.5000000000,0.0511942662,0.3045283750,0.6442773588
-92.5000000000,76.5000000000,0.0515930573,0.3278163832,0.6205905595
-90.5000000000,76.5000000000,0.0459996639,0.3730476532,0.5809526830
-88.5000000000,76.5000000000,0.0484483887,0.4635572076,0.4879944037
-86.5000000000,76.5000000000,0.0515911778,0.5770801400,0.3713286822
-85.5000000000,76.5000000000,0.0562828569,0.6378348603,0.3058822828
-84.5000000000,76.5000000000,0.0521731074,0.6818911218,0.2659357707
-83.5000000000,76.5000000000,0.0533417175,0.7239197616,0.2227385209
-82.5000000000,76.5000000000,0.0575635744,0.7492909945,0.1931454312
-81.5000000000,76.5000000000,0.0513541112,0.7296472734,0.2189986154
-80.5000000000,76.5000000000,0.0529816168,0.7085144482,0.2385039350
-79.5000000000,76.5000000000,0.0626431131,0.6893999188,0.2479569681
-78.5000000000,76.5000000000,0.0549675348,0.6452604699,0.2997719954
-115.5000000000,75.5000000000,0.0385083135,0.1732783085,0.7882133780
-114.5000000000,75.5000000000,0.0460116951,0.1831503224,0.7708379826
-113.5000000000,75.5000000000,0.0526711416,0.1927348378,0.7545940206
-112.5000000000,75.5000000000,0.0558700520,0.1985495149,0.7455804331
-111.5000000000,75.5000000000,0.0554123699,0.1986390753,0.7459485548
-110.5000000000,75.5000000000,0.0578684575,0.2046951500,0.7374363925
-109.5000000000,75.5000000000,0.0597489071,0.2107318111,0.7295192818
-108.5000000000,75.5000000000,0.0631507682,0.2195822803,0.7172669515
-107.5000000000,75.5000000000,0.0691612416,0.2333424681,0.6974962903
-106.5000000000,75.5000000000,0.0706714968,0.2374365077,0.6918919955
-99.5000000000,75.5000000000,0.0785704724,0.2558522892,0.6655772384
-98.5000000000,75.5000000000,0.0777397291,0.2613119223,0.6609483486
-95.5000000000,75.5000000000,0.0608820463,0.2785706318,0.6605473219
-94.5000000000,75.5000000000,0.0591538818,0.2944328871,0.6464132310
-91.5000000000,75.5000000000,0.0502547198,0.3503911832,0.5993540970
-90.5000000000,75.5000000000,0.0506524757,0.3802452728,0.5691022514
-89.5000000000,75.5000000000,0.0513186472,0.4215779538,0.5271033990
-88.5000000000,75.5000000000,0.0514422912,0.4670856716,0.4814720372
-85.5000000000,75.5000000000,0.0557130978,0.6338163713,0.3104705309
-84.5000000000,75.5000000000,0.0556365813,0.6845295223,0.2598338963
-83.5000000000,75.5000000000,0.0629477870,0.7325385353,0.2045136777
-82.5000000000,75.5000000000,0.0643208469,0.7530917863,0.1825873668
-81.5000000000,75.5000000000,0.0565160815,0.7338339035,0.2096500150
-80.5000000000,75.5000000000,0.0569514297,0.7113540209,0.2316945494
-121.5000000000,74.5000000000,0.0489056471,0.2941130311,0.6569813218
-113.5000000000,74.5000000000,0.0500479714,0.1917683444,0.7581836842
-112.5000000000,74.5000000000,0.0550553723,0.1990979175,0.7458467102
-97.5000000000,74.5000000000,0.0734708815,0.2644283717,0.6621007468
-88.5000000000,74.5000000000,0.0489919766,0.4502035001,0.5008045234
-87.5000000000,74.5000000000,0.0559108188,0.5129968841,0.4310922971
-86.5000000000,74.5000000000,0.0546047767,0.5621404851,0.3832547382
-123.5000000000,73.5000000000,0.0819825511,0.5129931879,0.4050242610
-122.5000000000,73.5000000000,0.0702832635,0.4270485782,0.5026681584
-121.5000000000,73.5000000000,0.0553065805,0.3230665343,0.6216268851
-120.5000000000,73.5000000000,0.0424532941,0.2344852792,0.7230614267
-119.5000000000,73.5000000000,0.0396013339,0.2051005987,0.7552980673
-118.5000000000,73.5000000000,0.0404701246,0.1961023850,0.7634274903
-117.5000000000,73.5000000000,0.0409827932,0.1911680724,0.7678491344
-116.5000000000,73.5000000000,0.0420983416,0.1912951625,0.7666064959
-115.5000000000,73.5000000000,0.0436079944,0.1925143207,0.7638776848
-106.5000000000,73.5000000000,0.0746029606,0.2374773249,0.6879197145
-105.5000000000,73.5000000000,0.0761613231,0.2376627458,0.6861759311
-104.5000000000,73.5000000000,0.0746366580,0.2365107493,0.6888525927
-101.5000000000,73.5000000000,0.0758639907,0.2386616227,0.6854743867
-100.5000000000,73.5000000000,0.0790464492,0.2437877993,0.6771657515
-99.5000000000,73.5000000000,0.0779243774,0.2464742383,0.6756013843
-98.5000000000,73.5000000000,0.0795506610,0.2520413014,0.6684080376
-95.5000000000,73.5000000000,0.0628708386,0.2678852643,0.6692438971
-94.5000000000,73.5000000000,0.0594275642,0.2804201162,0.6601523196
-93.5000000000,73.5000000000,0.0558159325,0.2945160170,0.6496680505
-92.5000000000,73.5000000000,0.0529690269,0.3088171040,0.6382138691
-91.5000000000,73.5000000000,0.0502389575,0.3274831325,0.6222779101
-87.5000000000,73.5000000000,0.0546095232,0.4869617693,0.4584287075
-86.5000000000,73.5000000000,0.0577380255,0.5373865383,0.4048754362
-83.5000000000,73.5000000000,0.0588378133,0.6594927515,0.2816694352
-82.5000000000,73.5000000000,0.0586174188,0.6769433752,0.2644392060
-81.5000000000,73.5000000000,0.0564769308,0.6709507616,0.2725723075
-80.5000000000,73.5000000000,0.0647119362,0.6667299752,0.2685580886
-79.5000000000,73.5000000000,0.0659240850,0.6454196439,0.2886562712
-78.5000000000,73.5000000000,0.0572291309,0.6053244507,0.3374464184
-77.5000000000,73.5000000000,0.0568251338,0.5732253474,0.3699495187
-124.5000000000,72.5000000000,0.1064094757,0.6119679236,0.2816226007
-123.5000000000,72.5000000000,0.0951249093,0.5683310185,0.3365440722
-122.5000000000,72.5000000000,0.0835558606,0.5006536584,0.4157904810
-121.5000000000,72.5000000000,0.0683840606,0.3821861797,0.5494297597
-120.5000000000,72.5000000000,0.0534383983,0.2741044614,0.6724571403
-119.5000000000,72.5000000000,0.0510274210,0.2485040468,0.7004685322
-117.5000000000,72.5000000000,0.0468516065,0.2197073555,0.7334410380
-116.5000000000,72.5000000000,0.0485259362,0.2171171225,0.7343569413
-115.5000000000,72.5000000000,0.0494519415,0.2165262200,0.7340218385
-114.5000000000,72.5000000000,0.0521028581,0.2165260321,0.7313711098
-113.5000000000,72.5000000000,0.0583542822,0.2179577989,0.7236879190
-112.5000000000,72.5000000000,0.0637880671,0.2185891128,0.7176228201
-111.5000000000,72.5000000000,0.0642467569,0.2151894850,0.7205637581
-109.5000000000,72.5000000000,0.0775457350,0.2307783757,0.6916758893
-107.5000000000,72.5000000000,0.0769465260,0.2383216023,0.6847318717
-106.5000000000,72.5000000000,0.0774535160,0.2403277540,0.6822187300
-105.5000000000,72.5000000000,0.0763446581,0.2390869960,0.6845683459
-101.5000000000,72.5000000000,0.0745456784,0.2319678214,0.6934865002
-100.5000000000,72.5000000000,0.0746701398,0.2331030989,0.6922267613
-99.5000000000,72.5000000000,0.0742925043,0.2332721809,0.6924353149
-98.5000000000,72.5000000000,0.0739528373,0.2372925561,0.6887546066
-97.5000000000,72.5000000000,0.0707474008,0.2404285480,0.6888240512
-96.5000000000,72.5000000000,0.0660432449,0.2460990832,0.6878576719
-94.5000000000,72.5000000000,0.0569071092,0.2648198037,0.6782730871
-93.5000000000,72.5000000000,0.0492799024,0.2688795451,0.6818405526
-89.5000000000,72.5000000000,0.0495614501,0.3707498005,0.5796887494
-88.5000000000,72.5000000000,0.0522249475,0.4097912549,0.5379837975
-87.5000000000,72.5000000000,0.0563819807,0.4610327697,0.4825852496
-86.5000000000,72.5000000000,0.0571525342,0.5032963688,0.4395510971
-85.5000000000,72.5000000000,0.0573570303,0.5437227326,0.3989202371
-84.5000000000,72.5000000000,0.0613150980,0.5871695769,0.3515153251
-83.5000000000,72.5000000000,0.0624650155,0.6170907074,0.3204442771
-82.5000000000,72.5000000000,0.0665080677,0.6360601549,0.2974317774
-81.5000000000,72.5000000000,0.0643755103,0.6308368408,0.3047876489
-80.5000000000,72.5000000000,0.0586848908,0.6141920266,0.3271230826
-78.5000000000,72.5000000000,0.0561369141,0.5707529684,0.3731101175
-77.5000000000,72.5000000000,0.0594955861,0.5497076016,0.3907968123
-76.5000000000,72.5000000000,0.0582480005,0.5199945866,0.4217574129
-75.5000000000,72.5000000000,0.0471915298,0.4720079699,0.4808005003
-123.5000000000,71.5000000000,0.1183119483,0.6202716465,0.2614164052
-122.5000000000,71.5000000000,0.1080509964,0.5825855463,0.3093634574
-121.5000000000,71.5000000000,0.0882072449,0.4682295928,0.4435631623
-117.5000000000,71.5000000000,0.0557971432,0.2592631082,0.6849397485
-116.5000000000,71.5000000000,0.0556297343,0.2513667996,0.6930034661
-114.5000000000,71.5000000000,0.0623986060,0.2460174940,0.6915838999
-113.5000000000,71.5000000000,0.0710719341,0.2449413925,0.6839866734
-112.5000000000,71.5000000000,0.0722310344,0.2367183568,0.6910506089
-111.5000000000,71.5000000000,0.0760835039,0.2342548055,0.6896616906
-110.5000000000,71.5000000000,0.0825601708,0.2391051482,0.6783346810
-109.5000000000,71.5000000000,0.0827815680,0.2409219874,0.6762964447
-108.5000000000,71.5000000000,0.0801427245,0.2409305115,0.6789267640
-107.5000000000,71.5000000000,0.0799170373,0.2434800460,0.6766029167
-106.5000000000,71.5000000000,0.0791496763,0.2419584267,0.6788918971
-105.5000000000,71.5000000000,0.0802423392,0.2426700836,0.6770875772
-104.5000000000,71.5000000000,0.0779397850,0.2372467796,0.6848134355
-98.5000000000,71.5000000000,0.0713339488,0.2265841995,0.7020818517
-95.5000000000,71.5000000000,0.0599182587,0.2402357024,0.6998460390
-94.5000000000,71.5000000000,0.0543526539,0.2466301824,0.6990171637
-93.5000000000,71.5000000000,0.0475803436,0.2507673739,0.7016522825
-89.5000000000,71.5000000000,0.0489605566,0.3436115201,0.6074279233
-88.5000000000,71.5000000000,0.0533320911,0.3837056782,0.5629622308
-87.5000000000,71.5000000000,0.0558962680,0.4285947448,0.5155089872
-86.5000000000,71.5000000000,0.0591545300,0.4700889302,0.4707565398
-85.5000000000,71.5000000000,0.0595552779,0.5039430612,0.4365016609
-84.5000000000,71.5000000000,0.0610784994,0.5371555520,0.4017659486
-83.5000000000,71.5000000000,0.0632523521,0.5666901350,0.3700575128
-82.5000000000,71.5000000000,0.0667096767,0.5840427613,0.3492475620
-81.5000000000,71.5000000000,0.0665015828,0.5838001008,0.3496983164
-80.5000000000,71.5000000000,0.0664267366,0.5772718273,0.3563014361
-79.5000000000,71.5000000000,0.0700498770,0.5714613871,0.3584887359
-78.5000000000,71.5000000000,0.0676720693,0.5504091601,0.3819187706
-77.5000000000,71.5000000000,0.0666162004,0.5273840255,0.4059997741
-76.5000000000,71.5000000000,0.0601185910,0.4949760649,0.4449053441
-75.5000000000,71.5000000000,0.0524411054,0.4586465935,0.4889123011
-74.5000000000,71.5000000000,0.0533974232,0.4390262761,0.5075763007
-72.5000000000,71.5000000000,0.0350292280,0.3486725369,0.6162982351
-158.5000000000,70.5000000000,0.0259826370,0.1565557316,0.8174616314
-157.5000000000,70.5000000000,0.0251585538,0.1525812906,0.8222601556
-156.5000000000,70.5000000000,0.0248694863,0.1571519931,0.8179785206
-155.5000000000,70.5000000000,0.0255656134,0.1697074236,0.8047269630
-154.5000000000,70.5000000000,0.0289194738,0.1915736602,0.7795068661
-153.5000000000,70.5000000000,0.0331638098,0.2117126625,0.7551235277
-152.5000000000,70.5000000000,0.0362580153,0.2240443093,0.7396976755
-149.5000000000,70.5000000000,0.0381040666,0.2104212288,0.7514747046
-111.5000000000,70.5000000000,0.0834309829,0.2532772985,0.6632917187
-110.5000000000,70.5000000000,0.0886551216,0.2546354492,0.6567094292
-109.5000000000,70.5000000000,0.0875523876,0.2530481061,0.6593995063
-108.5000000000,70.5000000000,0.0874557527,0.2553460275,0.6571982198
-107.5000000000,70.5000000000,0.0868448570,0.2547449829,0.6584101601
-106.5000000000,70.5000000000,0.0862318977,0.2521089999,0.6616591024
-105.5000000000,70.5000000000,0.0833100097,0.2485193232,0.6681706671
-104.5000000000,70.5000000000,0.0807771463,0.2400431908,0.6791796628
-103.5000000000,70.5000000000,0.0793205287,0.2348401871,0.6858392842
-95.5000000000,70.5000000000,0.0610210579,0.2282196147,0.7107593273
-94.5000000000,70.5000000000,0.0569634719,0.2353483205,0.7076882076
-93.5000000000,70.5000000000,0.0539001551,0.2444792346,0.7016206104
-92.5000000000,70.5000000000,0.0451722823,0.2460022831,0.7088254346
-88.5000000000,70.5000000000,0.0518041453,0.3496204137,0.5985754410
-87.5000000000,70.5000000000,0.0568501569,0.3919423828,0.5512074603
-86.5000000000,70.5000000000,0.0628195659,0.4362591495,0.5009212846
-85.5000000000,70.5000000000,0.0681127684,0.4747994357,0.4570877960
-84.5000000000,70.5000000000,0.0674628865,0.5027194344,0.4298176791
-83.5000000000,70.5000000000,0.0697076522,0.5264935489,0.4037987989
-82.5000000000,70.5000000000,0.0711622327,0.5400632957,0.3887744716
-81.5000000000,70.5000000000,0.0685063071,0.5377914292,0.3937022637
-80.5000000000,70.5000000000,0.0669590541,0.5301196317,0.4029213141
-79.5000000000,70.5000000000,0.0639720936,0.5169953103,0.4190325961
-78.5000000000,70.5000000000,0.0651908768,0.5050766804,0.4297324428
-77.5000000000,70.5000000000,0.0649264390,0.4876448890,0.4474286720
-76.5000000000,70.5000000000,0.0615250927,0.4660053846,0.4724695227
-75.5000000000,70.5000000000,0.0567061147,0.4384570929,0.5048367924
-74.5000000000,70.5000000000,0.0531313670,0.4142287238,0.5326399092
-73.5000000000,70.5000000000,0.0458295034,0.3805751364,0.5735953602
-72.5000000000,70.5000000000,0.0415918640,0.3510786661,0.6073294699
-71.5000000000,70.5000000000,0.0443349076,0.3398735893,0.6157915031
-70.5000000000,70.5000000000,0.0291514824,0.2848258072,0.6860227104
-69.5000000000,70.5000000000,0.0256948461,0.2616581532,0.7126470007
-68.5000000000,70.5000000000,0.0226393272,0.2392923539,0.7380683189
-162.5000000000,69.5000000000,0.0312629320,0.1849858868,0.7837511812
-161.5000000000,69.5000000000,0.0317653246,0.1879279357,0.7803067398
-160.5000000000,69.5000000000,0.0331044518,0.1941089493,0.7727865989
-159.5000000000,69.5000000000,0.0324742957,0.1956991522,0.7718265521
-158.5000000000,69.5000000000,0.0326209250,0.1967857775,0.7705932974
-157.5000000000,69.5000000000,0.0329714752,0.1997085397,0.7673199851
-156.5000000000,69.5000000000,0.0336783794,0.2099652589,0.7563563617
-155.5000000000,69.5000000000,0.0364352112,0.2299295961,0.7336351927
-154.5000000000,69.5000000000,0.0446231700,0.2710263891,0.6843504409
-153.5000000000,69.5000000000,0.0531376058,0.3007268822,0.6461355120
-152.5000000000,69.5000000000,0.0576999753,0.3111509216,0.6311491031
-151.5000000000,69.5000000000,0.0563373387,0.2994481716,0.6442144896
-150.5000000000,69.5000000000,0.0541104867,0.2804156706,0.6654738427
-149.5000000000,69.5000000000,0.0537565335,0.2624285488,0.6838149177
-148.5000000000,69.5000000000,0.0623316922,0.2712437804,0.6664245274
-147.5000000000,69.5000000000,0.0787966446,0.2908033664,0.6303999890
-146.5000000000,69.5000000000,0.0996239228,0.3114490483,0.5889270289
-145.5000000000,69.5000000000,0.1352766393,0.3556403962,0.5090829645
-144.5000000000,69.5000000000,0.1416260481,0.3841294943,0.4742444576
-143.5000000000,69.5000000000,0.1494692076,0.4145061995,0.4360245929
-142.5000000000,69.5000000000,0.1595033904,0.4395039570,0.4009926526
-141.5000000000,69.5000000000,0.1434058543,0.4500935948,0.4065005509
-140.5000000000,69.5000000000,0.1310832520,0.4542537044,0.4146630436
-139.5000000000,69.5000000000,0.1080852425,0.4482620517,0.4436527058
-132.5000000000,69.5000000000,0.1512474338,0.6161892657,0.2325633005
-131.5000000000,69.5000000000,0.1585550853,0.6177076737,0.2237372410
-130.5000000000,69.5000000000,0.1655114249,0.6206342120,0.2138543630
-129.5000000000,69.5000000000,0.1717999500,0.6228758891,0.2053241609
-128.5000000000,69.5000000000,0.1776058598,0.6246261557,0.1977679846
-127.5000000000,69.5000000000,0.1867526695,0.6301572309,0.1830900996
-126.5000000000,69.5000000000,0.1913443958,0.6334853490,0.1751702552
-125.5000000000,69.5000000000,0.1777269218,0.6383575883,0.1839154899
-124.5000000000,69.5000000000,0.1710787333,0.6353004389,0.1936208279
-122.5000000000,69.5000000000,0.1584766450,0.5976861800,0.2438371750
-121.5000000000,69.5000000000,0.1461996283,0.5492888321,0.3045115396
-116.5000000000,69.5000000000,0.0760934599,0.3471266496,0.5767798904
-115.5000000000,69.5000000000,0.0765348920,0.3314097300,0.5920553780
-114.5000000000,69.5000000000,0.0817631370,0.3131925860,0.6050442770
-113.5000000000,69.5000000000,0.0907781971,0.2975531365,0.6116686664
-112.5000000000,69.5000000000,0.0994781732,0.2834281124,0.6170937144
-111.5000000000,69.5000000000,0.0986165670,0.2782038661,0.6231795669
-110.5000000000,69.5000000000,0.0980588358,0.2727803673,0.6291607968
-109.5000000000,69.5000000000,0.0975326284,0.2713982555,0.6310691161
-108.5000000000,69.5000000000,0.0945820303,0.2684323887,0.6369855810
-107.5000000000,69.5000000000,0.0925806063,0.2664068128,0.6410125810
-106.5000000000,69.5000000000,0.0873985475,0.2562582900,0.6563431625
-105.5000000000,69.5000000000,0.0853884418,0.2515433762,0.6630681820
-104.5000000000,69.5000000000,0.0832067667,0.2449109003,0.6718823330
-103.5000000000,69.5000000000,0.0819207226,0.2388907769,0.6791885006
-97.5000000000,69.5000000000,0.0695230189,0.2129141006,0.7175628806
-96.5000000000,69.5000000000,0.0654319761,0.2126321850,0.7219358389
-95.5000000000,69.5000000000,0.0609041720,0.2157307666,0.7233650614
-92.5000000000,69.5000000000,0.0460736040,0.2295126282,0.7244137677
-91.5000000000,69.5000000000,0.0430616858,0.2412738536,0.7156644606
-90.5000000000,69.5000000000,0.0457125843,0.2664252343,0.6878621814
-85.5000000000,69.5000000000,0.0670737463,0.4344774679,0.4984487858
-84.5000000000,69.5000000000,0.0754445874,0.4675668039,0.4569886087
-83.5000000000,69.5000000000,0.0754966824,0.4838534659,0.4406498517
-82.5000000000,69.5000000000,0.0726080540,0.4912830943,0.4361088517
-76.5000000000,69.5000000000,0.0575038655,0.4237086715,0.5187874630
-75.5000000000,69.5000000000,0.0535128860,0.4013218390,0.5451652750
-74.5000000000,69.5000000000,0.0524734090,0.3855193039,0.5620072870
-73.5000000000,69.5000000000,0.0473539453,0.3573065384,0.5953395163
-72.5000000000,69.5000000000,0.0418121360,0.3297115079,0.6284763561
-71.5000000000,69.5000000000,0.0382866050,0.3078499958,0.6538633991
-70.5000000000,69.5000000000,0.0310610104,0.2780135255,0.6909254641
-69.5000000000,69.5000000000,0.0329783221,0.2729472756,0.6940744023
-68.5000000000,69.5000000000,0.0311824018,0.2577503304,0.7110672678
-165.5000000000,68.5000000000,0.0333965078,0.1847200101,0.7818834821
-164.5000000000,68.5000000000,0.0338643990,0.1902207122,0.7759148888
-163.5000000000,68.5000000000,0.0388860072,0.2070595081,0.7540544847
-162.5000000000,68.5000000000,0.0424753755,0.2245670259,0.7329575986
-161.5000000000,68.5000000000,0.0423970252,0.2314253609,0.7261776139
-160.5000000000,68.5000000000,0.0478318016,0.2488216276,0.7033465707
-159.5000000000,68.5000000000,0.0471462407,0.2566990623,0.6961546970
-158.5000000000,68.5000000000,0.0505485693,0.2715298218,0.6779216089
-157.5000000000,68.5000000000,0.0547535654,0.2926599754,0.6525864592
-156.5000000000,68.5000000000,0.0568048103,0.3192170957,0.6239780940
-155.5000000000,68.5000000000,0.0680496212,0.3646715449,0.5672788339
-154.5000000000,68.5000000000,0.0850077051,0.4119401207,0.5030521742
-153.5000000000,68.5000000000,0.0974598566,0.4339567965,0.4685833469
-152.5000000000,68.5000000000,0.1041939511,0.4310706518,0.4647353972
-151.5000000000,68.5000000000,0.1076136521,0.4192243145,0.4731620334
-150.5000000000,68.5000000000,0.1031558830,0.3879285606,0.5089155563
-149.5000000000,68.5000000000,0.0931840711,0.3497766980,0.5570392309
-148.5000000000,68.5000000000,0.1266093526,0.3719735958,0.5014170516
-147.5000000000,68.5000000000,0.1622969020,0.3853394096,0.4523636884
-146.5000000000,68.5000000000,0.1635331179,0.3805421123,0.4559247698
-145.5000000000,68.5000000000,0.1804784696,0.4061520405,0.4133694899
-144.5000000000,68.5000000000,0.2031250906,0.4366529863,0.3602219231
-143.5000000000,68.5000000000,0.2102972205,0.4558686914,0.3338340881
-142.5000000000,68.5000000000,0.1916298795,0.4642005983,0.3441695223
-141.5000000000,68.5000000000,0.1747539288,0.4633361525,0.3619099187
-140.5000000000,68.5000000000,0.1522012403,0.4578636324,0.3899351273
-139.5000000000,68.5000000000,0.1280452191,0.4514515563,0.4205032246
-138.5000000000,68.5000000000,0.1233798264,0.4727655159,0.4038546577
-137.5000000000,68.5000000000,0.1285501078,0.5145439865,0.3569059057
-136.5000000000,68.5000000000,0.1389626839,0.5587044384,0.3023328777
-135.5000000000,68.5000000000,0.1530347723,0.5969681165,0.2499971112
-134.5000000000,68.5000000000,0.1746025690,0.6166603325,0.2087370985
-133.5000000000,68.5000000000,0.1921301778,0.6213388332,0.1865309890
-132.5000000000,68.5000000000,0.1933290428,0.6175635387,0.1891074185
-131.5000000000,68.5000000000,0.1987526888,0.6106213603,0.1906259509
-130.5000000000,68.5000000000,0.1999024533,0.6059281845,0.1941693622
-129.5000000000,68.5000000000,0.2035853498,0.6035274139,0.1928872362
-128.5000000000,68.5000000000,0.2085450947,0.6044329396,0.1870219657
-127.5000000000,68.5000000000,0.2206190663,0.6088595192,0.1705214146
-126.5000000000,68.5000000000,0.2251757836,0.6114203842,0.1634038322
-125.5000000000,68.5000000000,0.2246122571,0.6134203643,0.1619673785
-124.5000000000,68.5000000000,0.2192034569,0.6106949163,0.1701016268
-123.5000000000,68.5000000000,0.2104234182,0.6028925914,0.1866839903
-122.5000000000,68.5000000000,0.1935297518,0.5898684765,0.2166017717
-121.5000000000,68.5000000000,0.1879941601,0.5606281536,0.2513776863
-120.5000000000,68.5000000000,0.1729927874,0.5258475962,0.3011596164
-119.5000000000,68.5000000000,0.1537032209,0.4894965462,0.3568002329
-118.5000000000,68.5000000000,0.1262708665,0.4555878837,0.4181412498
-117.5000000000,68.5000000000,0.1093116482,0.4317569026,0.4589314492
-116.5000000000,68.5000000000,0.0956473616,0.4069082338,0.4974444046
-115.5000000000,68.5000000000,0.0885622123,0.3819981465,0.5294396412
-114.5000000000,68.5000000000,0.0948451820,0.3587786273,0.5463761907
-112.5000000000,68.5000000000,0.1111767512,0.3203316520,0.5684915968
-107.5000000000,68.5000000000,0.1018447197,0.2855864439,0.6125688364
-105.5000000000,68.5000000000,0.0909035782,0.2611097329,0.6479866889
-104.5000000000,68.5000000000,0.0862907602,0.2489554609,0.6647537789
-97.5000000000,68.5000000000,0.0756324047,0.2083629866,0.7160046087
-96.5000000000,68.5000000000,0.0728829317,0.2133075707,0.7138094976
-93.5000000000,68.5000000000,0.0541253215,0.2166122309,0.7292624476
-92.5000000000,68.5000000000,0.0495735778,0.2224900390,0.7279363832
-91.5000000000,68.5000000000,0.0482562631,0.2338299522,0.7179137847
-89.5000000000,68.5000000000,0.0555898225,0.2850792377,0.6593309398
-88.5000000000,68.5000000000,0.0621877505,0.3175161291,0.6202961204
-85.5000000000,68.5000000000,0.0777369497,0.4069721749,0.5152908754
-84.5000000000,68.5000000000,0.0823164381,0.4304481571,0.4872354048
-83.5000000000,68.5000000000,0.0840184289,0.4490708978,0.4669106733
-73.5000000000,68.5000000000,0.0464565488,0.3323344472,0.6212090040
-72.5000000000,68.5000000000,0.0440060678,0.3146362401,0.6413576921
-71.5000000000,68.5000000000,0.0409129516,0.2983337405,0.6607533079
-70.5000000000,68.5000000000,0.0379563374,0.2799073471,0.6821363155
-69.5000000000,68.5000000000,0.0351549919,0.2620402177,0.7028047904
-68.5000000000,68.5000000000,0.0295577910,0.2398353333,0.7306068757
-163.5000000000,67.5000000000,0.0369545733,0.2182256660,0.7448197607
-162.5000000000,67.5000000000,0.0365671984,0.2301587895,0.7332740121
-161.5000000000,67.5000000000,0.0451715244,0.2610688722,0.6937596033
-160.5000000000,67.5000000000,0.0481369242,0.2821272292,0.6697358466
-159.5000000000,67.5000000000,0.0546269209,0.3126409872,0.6327320919
-158.5000000000,67.5000000000,0.0637454600,0.3486171297,0.5876374103
-157.5000000000,67.5000000000,0.0779203501,0.4003549398,0.5217247101
-156.5000000000,67.5000000000,0.0999791481,0.4668365952,0.4331842567
-155.5000000000,67.5000000000,0.1245833828,0.5135255104,0.3618911068
-154.5000000000,67.5000000000,0.1561948233,0.5422659997,0.3015391770
-153.5000000000,67.5000000000,0.1573280893,0.5380187304,0.3046531803
-152.5000000000,67.5000000000,0.1716276726,0.5213973758,0.3069749516
-151.5000000000,67.5000000000,0.1733000446,0.5094746330,0.3172253224
-150.5000000000,67.5000000000,0.1659087426,0.4819456137,0.3521456437
-149.5000000000,67.5000000000,0.1680692662,0.4671482893,0.3647824445
-148.5000000000,67.5000000000,0.1726773257,0.4603462688,0.3669764055
-147.5000000000,67.5000000000,0.2004236285,0.4622944485,0.3372819229
-146.5000000000,67.5000000000,0.1984689526,0.4625049098,0.3390261376
-145.5000000000,67.5000000000,0.2102571808,0.4775224127,0.3122204065
-144.5000000000,67.5000000000,0.2138775186,0.4855481417,0.3005743398
-143.5000000000,67.5000000000,0.2129476295,0.4854315570,0.3016208135
-142.5000000000,67.5000000000,0.2041801784,0.4832261017,0.3125937199
-141.5000000000,67.5000000000,0.1769897711,0.4632471182,0.3597631107
-140.5000000000,67.5000000000,0.1463640398,0.4327699515,0.4208660087
-139.5000000000,67.5000000000,0.1215943743,0.4294862357,0.4489193900
-138.5000000000,67.5000000000,0.1223639890,0.4623664517,0.4152695593
-137.5000000000,67.5000000000,0.1433940532,0.5168921767,0.3397137700
-136.5000000000,67.5000000000,0.1797397921,0.5668251594,0.2534350484
-135.5000000000,67.5000000000,0.1872431934,0.5997796664,0.2129771402
-134.5000000000,67.5000000000,0.1989023547,0.6115187538,0.1895788914
-133.5000000000,67.5000000000,0.2195856059,0.6118336822,0.1685807119
-132.5000000000,67.5000000000,0.2330416925,0.6029710029,0.1639873046
-131.5000000000,67.5000000000,0.2248711083,0.5963761513,0.1787527404
-130.5000000000,67.5000000000,0.2327251337,0.5857455964,0.1815292699
-129.5000000000,67.5000000000,0.2315154103,0.5812745919,0.1872099978
-128.5000000000,67.5000000000,0.2449959161,0.5771673319,0.1778367520
-127.5000000000,67.5000000000,0.2589163237,0.5774284800,0.1636551963
-126.5000000000,67.5000000000,0.2708246207,0.5757313968,0.1534439825
-125.5000000000,67.5000000000,0.2689222396,0.5780833030,0.1529944574
-124.5000000000,67.5000000000,0.2589881902,0.5790447437,0.1619670660
-123.5000000000,67.5000000000,0.2443067948,0.5770612916,0.1786319136
-122.5000000000,67.5000000000,0.2264936600,0.5701676035,0.2033387365
-121.5000000000,67.5000000000,0.2172747435,0.5520975187,0.2306277378
-120.5000000000,67.5000000000,0.2035789795,0.5333831863,0.2630378342
-119.5000000000,67.5000000000,0.1874975207,0.5110124701,0.3014900092
-118.5000000000,67.5000000000,0.1700058551,0.4948493359,0.3351448090
-117.5000000000,67.5000000000,0.1457530952,0.4806275854,0.3736193194
-116.5000000000,67.5000000000,0.1270033590,0.4619579309,0.4110387101
-115.5000000000,67.5000000000,0.1132819390,0.4391190024,0.4475990586
-114.5000000000,67.5000000000,0.1288417852,0.4181028373,0.4530553775
-113.5000000000,67.5000000000,0.1428418773,0.3953736024,0.4617845203
-112.5000000000,67.5000000000,0.1503088743,0.3750385740,0.4746525516
-111.5000000000,67.5000000000,0.1442619273,0.3528211697,0.5029169030
-110.5000000000,67.5000000000,0.1389098837,0.3398664119,0.5212237044
-109.5000000000,67.5000000000,0.1318040447,0.3270730376,0.5411229177
-107.5000000000,67.5000000000,0.1164424121,0.3048660415,0.5786915464
-106.5000000000,67.5000000000,0.1107859235,0.2914621602,0.5977519163
-105.5000000000,67.5000000000,0.1010929462,0.2735992021,0.6253078517
-104.5000000000,67.5000000000,0.0945423549,0.2591819488,0.6462756963
-103.5000000000,67.5000000000,0.0913739504,0.2426067708,0.6660192787
-102.5000000000,67.5000000000,0.0894467893,0.2283513430,0.6822018677
-101.5000000000,67.5000000000,0.0869377817,0.2168224197,0.6962397986
-100.5000000000,67.5000000000,0.0855948404,0.2083404907,0.7060646689
-99.5000000000,67.5000000000,0.0872136928,0.2054245159,0.7073617913
-98.5000000000,67.5000000000,0.0870069232,0.2055034456,0.7074896312
-97.5000000000,67.5000000000,0.0870900359,0.2110480643,0.7018618998
-96.5000000000,67.5000000000,0.0832922054,0.2142914831,0.7024163115
-94.5000000000,67.5000000000,0.0768086852,0.2248092971,0.6983820178
-93.5000000000,67.5000000000,0.0687978312,0.2284089012,0.7027932676
-92.5000000000,67.5000000000,0.0652907487,0.2344239350,0.7002853163
-91.5000000000,67.5000000000,0.0603773983,0.2418309003,0.6977917014
-90.5000000000,67.5000000000,0.0665306807,0.2660406235,0.6674286958
-89.5000000000,67.5000000000,0.0703766279,0.2886650482,0.6409583240
-88.5000000000,67.5000000000,0.0785253830,0.3185961740,0.6028784429
-85.5000000000,67.5000000000,0.0928012545,0.3881811381,0.5190176074
-84.5000000000,67.5000000000,0.0942781698,0.4055358590,0.5001859712
-83.5000000000,67.5000000000,0.0940830544,0.4195988229,0.4863181227
-82.5000000000,67.5000000000,0.0921669061,0.4288478042,0.4789852897
-81.5000000000,67.5000000000,0.0873312729,0.4293932667,0.4832754605
-76.5000000000,67.5000000000,0.0679086203,0.3742022009,0.5578891788
-75.5000000000,67.5000000000,0.0631500997,0.3589248173,0.5779250829
-71.5000000000,67.5000000000,0.0438504730,0.2871264732,0.6690230539
-70.5000000000,67.5000000000,0.0412911290,0.2733545031,0.6853543680
-69.5000000000,67.5000000000,0.0406221337,0.2641127033,0.6952651631
-68.5000000000,67.5000000000,0.0409139335,0.2563124707,0.7027735958
-67.5000000000,67.5000000000,0.0455813184,0.2594165880,0.6950020936
-66.5000000000,67.5000000000,0.0550915295,0.2682374992,0.6766709713
-65.5000000000,67.5000000000,0.0562379373,0.2583821946,0.6853798681
-64.5000000000,67.5000000000,0.0518486702,0.2434250276,0.7047263022
-164.5000000000,66.5000000000,0.0355232045,0.2168643802,0.7476124153
-160.5000000000,66.5000000000,0.0491892745,0.3136238136,0.6371869119
-159.5000000000,66.5000000000,0.0577814280,0.3591567850,0.5830617869
-158.5000000000,66.5000000000,0.0705570753,0.4165210080,0.5129219167
-157.5000000000,66.5000000000,0.0911709077,0.4875739032,0.4212551890
-156.5000000000,66.5000000000,0.1226271257,0.5583687210,0.3190041534
-155.5000000000,66.5000000000,0.1360202421,0.5753905043,0.2885892536
-154.5000000000,66.5000000000,0.1656581281,0.5833719279,0.2509699440
-153.5000000000,66.5000000000,0.1849113923,0.5743680778,0.2407205299
-152.5000000000,66.5000000000,0.2018582650,0.5519282872,0.2462134478
-151.5000000000,66.5000000000,0.2254707238,0.5313106568,0.2432186194
-150.5000000000,66.5000000000,0.2494926540,0.5106022098,0.2399051362
-149.5000000000,66.5000000000,0.2447316659,0.5038430210,0.2514253130
-148.5000000000,66.5000000000,0.2265118010,0.5068117714,0.2666764275
-147.5000000000,66.5000000000,0.2269502569,0.5133480828,0.2597016603
-146.5000000000,66.5000000000,0.2200648456,0.5171183200,0.2628168344
-145.5000000000,66.5000000000,0.2241169205,0.5289001109,0.2469829686
-144.5000000000,66.5000000000,0.2244645619,0.5169292957,0.2586061424
-143.5000000000,66.5000000000,0.2247471238,0.5032425803,0.2720102960
-142.5000000000,66.5000000000,0.2152537646,0.4879482525,0.2967979828
-141.5000000000,66.5000000000,0.1964066545,0.4657996472,0.3377936983
-140.5000000000,66.5000000000,0.1698478530,0.4455966689,0.3845554781
-139.5000000000,66.5000000000,0.1478395438,0.4444265469,0.4077339093
-138.5000000000,66.5000000000,0.1387187372,0.4666511832,0.3946300796
-137.5000000000,66.5000000000,0.1549307961,0.5109887051,0.3340804988
-136.5000000000,66.5000000000,0.1888901883,0.5562286322,0.2548811795
-135.5000000000,66.5000000000,0.2166700902,0.5855592620,0.1977706478
-134.5000000000,66.5000000000,0.2366922898,0.5887676982,0.1745400120
-133.5000000000,66.5000000000,0.2399264379,0.5905707429,0.1695028192
-132.5000000000,66.5000000000,0.2526269780,0.5833765638,0.1639964582
-131.5000000000,66.5000000000,0.2520439621,0.5745402135,0.1734158243
-130.5000000000,66.5000000000,0.2494440939,0.5641705287,0.1863853774
-129.5000000000,66.5000000000,0.2521891258,0.5547034510,0.1931074232
-128.5000000000,66.5000000000,0.2666398549,0.5488877507,0.1844723944
-127.5000000000,66.5000000000,0.2844061739,0.5450919511,0.1705018750
-126.5000000000,66.5000000000,0.3082710077,0.5395140661,0.1522149263
-125.5000000000,66.5000000000,0.3119678608,0.5384681104,0.1495640288
-124.5000000000,66.5000000000,0.2971216202,0.5420406270,0.1608377529
-123.5000000000,66.5000000000,0.2810215477,0.5433889009,0.1755895514
-122.5000000000,66.5000000000,0.2538625217,0.5436841713,0.2024533069
-121.5000000000,66.5000000000,0.2436109536,0.5367818288,0.2196072176
-120.5000000000,66.5000000000,0.2370585584,0.5278988601,0.2350425815
-119.5000000000,66.5000000000,0.2349134687,0.5182414045,0.2468451267
-118.5000000000,66.5000000000,0.2220485394,0.5116556382,0.2662958224
-117.5000000000,66.5000000000,0.2011107375,0.5052617145,0.2936275480
-116.5000000000,66.5000000000,0.1938215952,0.4977013009,0.3084771039
-115.5000000000,66.5000000000,0.1904533469,0.4870641031,0.3224825500
-114.5000000000,66.5000000000,0.1960808233,0.4642106331,0.3397085436
-113.5000000000,66.5000000000,0.1979255220,0.4355800803,0.3664943977
-112.5000000000,66.5000000000,0.1989224408,0.4150572370,0.3860203222
-111.5000000000,66.5000000000,0.1867432791,0.3941151352,0.4191415856
-110.5000000000,66.5000000000,0.1729666078,0.3762391579,0.4507942343
-109.5000000000,66.5000000000,0.1621785445,0.3616687327,0.4761527227
-108.5000000000,66.5000000000,0.1576293759,0.3471540343,0.4952165898
-107.5000000000,66.5000000000,0.1324924151,0.3234558779,0.5440517070
-106.5000000000,66.5000000000,0.1305674556,0.3077860357,0.5616465087
-105.5000000000,66.5000000000,0.1172853766,0.2874365018,0.5952781216
-104.5000000000,66.5000000000,0.1069551298,0.2696364637,0.6234084065
-103.5000000000,66.5000000000,0.1043901183,0.2461634506,0.6494464312
-102.5000000000,66.5000000000,0.1020912290,0.2284835737,0.6694251973
-101.5000000000,66.5000000000,0.1009595983,0.2156201343,0.6834202674
-100.5000000000,66.5000000000,0.0999814403,0.2071909369,0.6928276228
-99.5000000000,66.5000000000,0.1027385541,0.2064145198,0.6908469261
-98.5000000000,66.5000000000,0.1049993031,0.2086980412,0.6863026557
-97.5000000000,66.5000000000,0.1049752830,0.2154392584,0.6795854586
-96.5000000000,66.5000000000,0.1030023387,0.2221619347,0.6748357266
-95.5000000000,66.5000000000,0.0981387434,0.2271351049,0.6747261516
-94.5000000000,66.5000000000,0.0976691833,0.2354406383,0.6668901783
-93.5000000000,66.5000000000,0.0896533214,0.2391401955,0.6712064831
-92.5000000000,66.5000000000,0.0836250060,0.2443850462,0.6719899477
-91.5000000000,66.5000000000,0.0803832140,0.2563405952,0.6632761908
-90.5000000000,66.5000000000,0.0882179438,0.2772785655,0.6345034907
-89.5000000000,66.5000000000,0.0887115422,0.2942258072,0.6170626505
-88.5000000000,66.5000000000,0.0951950183,0.3151524516,0.5896525301
-87.5000000000,66.5000000000,0.0950580177,0.3306964103,0.5742455720
-84.5000000000,66.5000000000,0.1020191156,0.3785485881,0.5194322964
-83.5000000000,66.5000000000,0.1016621498,0.3910179087,0.5073199415
-73.5000000000,66.5000000000,0.0605098648,0.3195297386,0.6199603966
-72.5000000000,66.5000000000,0.0574997037,0.3082998909,0.6342004054
-71.5000000000,66.5000000000,0.0525087057,0.2893222093,0.6581690850
-70.5000000000,66.5000000000,0.0482153133,0.2735881418,0.6781965449
-69.5000000000,66.5000000000,0.0452410542,0.2610937409,0.6936652049
-68.5000000000,66.5000000000,0.0449064907,0.2523986972,0.7026948121
-67.5000000000,66.5000000000,0.0443100703,0.2458030830,0.7098868467
-66.5000000000,66.5000000000,0.0508487223,0.2493586951,0.6997925826
-65.5000000000,66.5000000000,0.0492507493,0.2353379868,0.7154112639
-64.5000000000,66.5000000000,0.0716535027,0.2552465122,0.6730999851
-63.5000000000,66.5000000000,0.0772299162,0.2535392530,0.6692308308
-62.5000000000,66.5000000000,0.0868740583,0.2613447008,0.6517812409
-167.5000000000,65.5000000000,0.0328871472,0.1832876283,0.7838252245
-166.5000000000,65.5000000000,0.0333478651,0.1940152087,0.7726369263
-165.5000000000,65.5000000000,0.0373412433,0.2154622916,0.7471964652
-164.5000000000,65.5000000000,0.0388477252,0.2359376470,0.7252146277
-163.5000000000,65.5000000000,0.0415937873,0.2581223674,0.7002838453
-162.5000000000,65.5000000000,0.0428736827,0.2793630224,0.6777632948
-161.5000000000,65.5000000000,0.0512229518,0.3172249695,0.6315520787
-160.5000000000,65.5000000000,0.0571230378,0.3556748604,0.5872021018
-159.5000000000,65.5000000000,0.0663135844,0.4065781115,0.5271083042
-158.5000000000,65.5000000000,0.0825998455,0.4701160844,0.4472840701
-157.5000000000,65.5000000000,0.0979527074,0.5312036375,0.3708436551
-156.5000000000,65.5000000000,0.1233377710,0.5835407182,0.2931215109
-155.5000000000,65.5000000000,0.1552813715,0.6020818615,0.2426367671
-154.5000000000,65.5000000000,0.1926216264,0.5998932892,0.2074850844
-153.5000000000,65.5000000000,0.2302427827,0.5789398237,0.1908173936
-152.5000000000,65.5000000000,0.2698532882,0.5494498803,0.1806968315
-151.5000000000,65.5000000000,0.3042662779,0.5188410836,0.1768926385
-150.5000000000,65.5000000000,0.3065376184,0.5038709873,0.1895913942
-149.5000000000,65.5000000000,0.3104201581,0.4988534740,0.1907263678
