Lon,Lat,C_LonLatElev,B_LonLatElev,U_LonLatElev
-112.5000000000,78.5000000000,0.0246949588,0.1878093360,0.7874957052
-111.5000000000,78.5000000000,0.0253312678,0.1954127655,0.7792559667
-110.5000000000,78.5000000000,0.0262957604,0.2082239829,0.7654802567
-109.5000000000,78.5000000000,0.0262538626,0.2226855566,0.7510605807
-104.5000000000,78.5000000000,0.0283262475,0.3072866409,0.6643871116
-103.5000000000,78.5000000000,0.0290943738,0.3270431155,0.6438625107
-102.5000000000,78.5000000000,0.0303197632,0.3473696439,0.6223105929
-101.5000000000,78.5000000000,0.0310006148,0.3652035991,0.6037957862
-100.5000000000,78.5000000000,0.0317460065,0.3850870969,0.5831668966
-97.5000000000,78.5000000000,0.0340859935,0.4521372527,0.5137767537
-96.5000000000,78.5000000000,0.0329661549,0.4689275312,0.4981063139
-95.5000000000,78.5000000000,0.0329357975,0.4905724860,0.4764917165
-92.5000000000,78.5000000000,0.0313707935,0.5570484809,0.4115807256
-91.5000000000,78.5000000000,0.0354161090,0.5782778059,0.3863060850
-90.5000000000,78.5000000000,0.0352861818,0.5986188319,0.3660949863
-89.5000000000,78.5000000000,0.0313993353,0.6263220231,0.3422786416
-86.5000000000,78.5000000000,0.0227927454,0.6866764056,0.2905308490
-85.5000000000,78.5000000000,0.0209598392,0.7010557374,0.2779844234
-84.5000000000,78.5000000000,0.0191147203,0.7141069510,0.2667783287
-83.5000000000,78.5000000000,0.0180075969,0.7187632028,0.2632292003
-82.5000000000,78.5000000000,0.0154800226,0.7163424780,0.2681774994
-81.5000000000,78.5000000000,0.0163525276,0.6899871484,0.2936603240
-80.5000000000,78.5000000000,0.0186359751,0.6511354604,0.3302285645
-79.5000000000,78.5000000000,0.0217385370,0.6012509444,0.3770105186
-78.5000000000,78.5000000000,0.0196652211,0.5582770057,0.4220577732
-77.5000000000,78.5000000000,0.0186299730,0.5089489316,0.4724210953
-116.5000000000,77.5000000000,0.0257852922,0.1963643871,0.7778503207
-112.5000000000,77.5000000000,0.0252106820,0.1864377476,0.7883515704
-111.5000000000,77.5000000000,0.0258129078,0.1940270607,0.7801600315
-110.5000000000,77.5000000000,0.0265330904,0.2069424632,0.7665244464
-105.5000000000,77.5000000000,0.0287618011,0.2912173233,0.6800208756
-95.5000000000,77.5000000000,0.0332789149,0.4885895695,0.4781315155
-94.5000000000,77.5000000000,0.0332576653,0.5115908877,0.4551514470
-93.5000000000,77.5000000000,0.0322181319,0.5322043294,0.4355775387
-90.5000000000,77.5000000000,0.0305663114,0.6024073712,0.3670263174
-87.5000000000,77.5000000000,0.0243995000,0.6678336841,0.3077668159
-86.5000000000,77.5000000000,0.0230821121,0.6849325305,0.2919853574
-82.5000000000,77.5000000000,0.0161934961,0.7139046912,0.2699018127
-81.5000000000,77.5000000000,0.0152716289,0.6903789900,0.2943493811
-80.5000000000,77.5000000000,0.0180739706,0.6505287302,0.3313972992
-79.5000000000,77.5000000000,0.0181713951,0.6048817992,0.3769468057
-78.5000000000,77.5000000000,0.0180424520,0.5590804041,0.4228771439
-120.5000000000,76.5000000000,0.0305628370,0.3241333330,0.6453038299
-119.5000000000,76.5000000000,0.0295077385,0.2764316261,0.6940606354
-117.5000000000,76.5000000000,0.0278271339,0.2101142073,0.7620586588
-109.5000000000,76.5000000000,0.0271931409,0.2196801644,0.7531266946
-104.5000000000,76.5000000000,0.0292418196,0.3036503035,0.6671078769
-103.5000000000,76.5000000000,0.0300384020,0.3232721802,0.6466894178
-100.5000000000,76.5000000000,0.0332883867,0.3805297963,0.5861818171
-99.5000000000,76.5000000000,0.0348652692,0.4045777554,0.5605569754
-98.5000000000,76.5000000000,0.0360510126,0.4274644702,0.5364845171
-95.5000000000,76.5000000000,0.0346804021,0.4855274002,0.4797921976
-94.5000000000,76.5000000000,0.0354517855,0.5076896769,0.4568585376
-93.5000000000,76.5000000000,0.0329124077,0.5298438388,0.4372437535
-92.5000000000,76.5000000000,0.0334502241,0.5515793845,0.4149703914
-90.5000000000,76.5000000000,0.0309111249,0.6004848913,0.3686039838
-88.5000000000,76.5000000000,0.0274708474,0.6464461345,0.3260830181
-86.5000000000,76.5000000000,0.0229377940,0.6837656371,0.2932965689
-85.5000000000,76.5000000000,0.0221665389,0.6967488921,0.2810845691
-84.5000000000,76.5000000000,0.0192124124,0.7113850022,0.2694025854
-83.5000000000,76.5000000000,0.0182669784,0.7158179868,0.2659150349
-82.5000000000,76.5000000000,0.0185744460,0.7089669498,0.2724586042
-81.5000000000,76.5000000000,0.0165101891,0.6869950162,0.2964947947
-80.5000000000,76.5000000000,0.0167478655,0.6511400713,0.3321120632
-79.5000000000,76.5000000000,0.0195439670,0.6012737974,0.3791822356
-78.5000000000,76.5000000000,0.0187829789,0.5563503802,0.4248666409
-115.5000000000,75.5000000000,0.0271789454,0.1836218525,0.7891992021
-114.5000000000,75.5000000000,0.0276927063,0.1776501332,0.7946571605
-113.5000000000,75.5000000000,0.0280070954,0.1777717185,0.7942211861
-112.5000000000,75.5000000000,0.0277364255,0.1828359043,0.7894276702
-111.5000000000,75.5000000000,0.0269171302,0.1912020045,0.7818808653
-110.5000000000,75.5000000000,0.0276827783,0.2039614684,0.7683557533
-109.5000000000,75.5000000000,0.0276721094,0.2181877991,0.7541400914
-108.5000000000,75.5000000000,0.0283655324,0.2338339426,0.7378005250
-107.5000000000,75.5000000000,0.0301086112,0.2537664236,0.7161249652
-106.5000000000,75.5000000000,0.0302315935,0.2721374601,0.6976309464
-99.5000000000,75.5000000000,0.0351204979,0.4027551592,0.5621243428
-98.5000000000,75.5000000000,0.0361832320,0.4257350023,0.5380817657
-95.5000000000,75.5000000000,0.0346050170,0.4839801477,0.4814148354
-94.5000000000,75.5000000000,0.0354292117,0.5060973162,0.4584734722
-91.5000000000,75.5000000000,0.0337195395,0.5754683534,0.3908121071
-90.5000000000,75.5000000000,0.0333781106,0.5961608563,0.3704610331
-89.5000000000,75.5000000000,0.0315109599,0.6217576394,0.3467314007
-88.5000000000,75.5000000000,0.0290143772,0.6431232270,0.3278623959
-85.5000000000,75.5000000000,0.0222346197,0.6953268356,0.2824385447
-84.5000000000,75.5000000000,0.0204675678,0.7082969625,0.2712354697
-83.5000000000,75.5000000000,0.0212377734,0.7102847080,0.2684775185
-82.5000000000,75.5000000000,0.0206485116,0.7046780419,0.2746734465
-81.5000000000,75.5000000000,0.0180814852,0.6831802867,0.2987382281
-80.5000000000,75.5000000000,0.0179635956,0.6477703473,0.3342660571
-121.5000000000,74.5000000000,0.0345174119,0.3749794648,0.5905031233
-113.5000000000,74.5000000000,0.0280203781,0.1810580060,0.7909216160
-112.5000000000,74.5000000000,0.0281604300,0.1857087630,0.7861308070
-97.5000000000,74.5000000000,0.0367210284,0.4470845620,0.5161944096
-88.5000000000,74.5000000000,0.0285316318,0.6393016059,0.3321667623
-87.5000000000,74.5000000000,0.0284378433,0.6569815234,0.3145806334
-86.5000000000,74.5000000000,0.0251267686,0.6749183942,0.2999548372
-123.5000000000,73.5000000000,0.0428123303,0.5003782563,0.4568094133
-122.5000000000,73.5000000000,0.0387744144,0.4385725488,0.5226530368
-121.5000000000,73.5000000000,0.0367687568,0.3732581496,0.5899730936
-120.5000000000,73.5000000000,0.0356451537,0.3099493068,0.6544055395
-119.5000000000,73.5000000000,0.0337259366,0.2584104577,0.7078636057
-118.5000000000,73.5000000000,0.0333413065,0.2249130695,0.7417456240
-117.5000000000,73.5000000000,0.0332968775,0.2080759149,0.7586272076
-116.5000000000,73.5000000000,0.0325067378,0.1961476119,0.7713456502
-115.5000000000,73.5000000000,0.0310561152,0.1877196111,0.7812242737
-106.5000000000,73.5000000000,0.0331107060,0.2734840479,0.6934052460
-105.5000000000,73.5000000000,0.0326932459,0.2859349374,0.6813718167
-104.5000000000,73.5000000000,0.0321863806,0.3008853487,0.6669282707
-101.5000000000,73.5000000000,0.0344070906,0.3573984022,0.6081945072
-100.5000000000,73.5000000000,0.0362846717,0.3790425409,0.5846727874
-99.5000000000,73.5000000000,0.0365330784,0.4006664917,0.5628004300
-98.5000000000,73.5000000000,0.0382695963,0.4223148753,0.5394155285
-95.5000000000,73.5000000000,0.0379888110,0.4836699453,0.4783412437
-94.5000000000,73.5000000000,0.0379483962,0.5039539181,0.4580976857
-93.5000000000,73.5000000000,0.0377224362,0.5247892301,0.4374883337
-92.5000000000,73.5000000000,0.0375581686,0.5458688702,0.4165729612
-91.5000000000,73.5000000000,0.0370000358,0.5688734899,0.3941264743
-87.5000000000,73.5000000000,0.0297309565,0.6464746144,0.3237944292
-86.5000000000,73.5000000000,0.0278261810,0.6616321002,0.3105417187
-83.5000000000,73.5000000000,0.0217179230,0.6758232558,0.3024588211
-82.5000000000,73.5000000000,0.0206973355,0.6656856383,0.3136170262
-81.5000000000,73.5000000000,0.0198269146,0.6461822052,0.3339908801
-80.5000000000,73.5000000000,0.0219951071,0.6126943249,0.3653105680
-79.5000000000,73.5000000000,0.0226351985,0.5734402178,0.4039245837
-78.5000000000,73.5000000000,0.0209903825,0.5309941909,0.4480154266
-77.5000000000,73.5000000000,0.0217773700,0.4817465266,0.4964761035
-124.5000000000,72.5000000000,0.0553952780,0.5490783172,0.3955264048
-123.5000000000,72.5000000000,0.0465979371,0.5071301876,0.4462718753
-122.5000000000,72.5000000000,0.0412887239,0.4469453113,0.5117659648
-121.5000000000,72.5000000000,0.0392662783,0.3686087442,0.5921249775
-120.5000000000,72.5000000000,0.0373969523,0.2918416258,0.6707614219
-119.5000000000,72.5000000000,0.0363069180,0.2490419379,0.7146511441
-117.5000000000,72.5000000000,0.0377526719,0.2120493027,0.7501980253
-116.5000000000,72.5000000000,0.0382640744,0.2010439179,0.7606920078
-115.5000000000,72.5000000000,0.0363263162,0.1944484931,0.7692251906
-114.5000000000,72.5000000000,0.0342818120,0.1910276806,0.7746905074
-113.5000000000,72.5000000000,0.0344043077,0.1925080346,0.7730876576
-112.5000000000,72.5000000000,0.0344424543,0.1998782817,0.7656792640
-111.5000000000,72.5000000000,0.0340293448,0.2118328002,0.7541378550
-109.5000000000,72.5000000000,0.0368007525,0.2390689883,0.7241302592
-107.5000000000,72.5000000000,0.0356663009,0.2630929007,0.7012407984
-106.5000000000,72.5000000000,0.0353149402,0.2765854585,0.6880996013
-105.5000000000,72.5000000000,0.0340320771,0.2889239911,0.6770439317
-101.5000000000,72.5000000000,0.0360688710,0.3548501479,0.6090809812
-100.5000000000,72.5000000000,0.0368297421,0.3773784548,0.5857918032
-99.5000000000,72.5000000000,0.0377013478,0.3976753848,0.5646232675
-98.5000000000,72.5000000000,0.0386364074,0.4197022024,0.5416613902
-97.5000000000,72.5000000000,0.0391441690,0.4417795454,0.5190762856
-96.5000000000,72.5000000000,0.0395134835,0.4604226595,0.5000638570
-94.5000000000,72.5000000000,0.0397895069,0.5036506343,0.4565598588
-93.5000000000,72.5000000000,0.0374826437,0.5258383090,0.4366790474
-89.5000000000,72.5000000000,0.0353730945,0.5993907250,0.3652361804
-88.5000000000,72.5000000000,0.0338288542,0.6176792607,0.3484918851
-87.5000000000,72.5000000000,0.0325598068,0.6328824162,0.3345577770
-86.5000000000,72.5000000000,0.0295578669,0.6455462276,0.3248959055
-85.5000000000,72.5000000000,0.0266613668,0.6514876473,0.3218509860
-84.5000000000,72.5000000000,0.0258432813,0.6524946411,0.3216620776
-83.5000000000,72.5000000000,0.0246070764,0.6479396315,0.3274532921
-82.5000000000,72.5000000000,0.0246910835,0.6357284755,0.3395804410
-81.5000000000,72.5000000000,0.0236700772,0.6169874384,0.3593424844
-80.5000000000,72.5000000000,0.0217266260,0.5900147282,0.3882586458
-78.5000000000,72.5000000000,0.0215874350,0.5108914612,0.4675211038
-77.5000000000,72.5000000000,0.0232650409,0.4648990312,0.5118359279
-76.5000000000,72.5000000000,0.0238683601,0.4193966784,0.5567349615
-75.5000000000,72.5000000000,0.0213903301,0.3750794166,0.6035302533
-123.5000000000,71.5000000000,0.0572969095,0.5117538077,0.4309492828
-122.5000000000,71.5000000000,0.0492569942,0.4574643007,0.4932787051
-121.5000000000,71.5000000000,0.0453055231,0.3753762373,0.5793182396
-117.5000000000,71.5000000000,0.0470662125,0.2249789880,0.7279547995
-116.5000000000,71.5000000000,0.0470455163,0.2143299116,0.7386245721
-114.5000000000,71.5000000000,0.0445447841,0.2060957037,0.7493595122
-113.5000000000,71.5000000000,0.0441695632,0.2055646571,0.7502657798
-112.5000000000,71.5000000000,0.0421823886,0.2145909215,0.7432266899
-111.5000000000,71.5000000000,0.0420830410,0.2268976641,0.7310192949
-110.5000000000,71.5000000000,0.0421820302,0.2394414357,0.7183765341
-109.5000000000,71.5000000000,0.0421591523,0.2557059230,0.7021349246
-108.5000000000,71.5000000000,0.0400537409,0.2681474120,0.6917988471
-107.5000000000,71.5000000000,0.0390558051,0.2761512598,0.6847929351
-106.5000000000,71.5000000000,0.0377887593,0.2849092059,0.6773020347
-105.5000000000,71.5000000000,0.0372910935,0.2926986387,0.6700102679
-104.5000000000,71.5000000000,0.0360505931,0.3026030187,0.6613463882
-98.5000000000,71.5000000000,0.0406805949,0.4199750830,0.5393443221
-95.5000000000,71.5000000000,0.0417715678,0.4852185457,0.4730098864
-94.5000000000,71.5000000000,0.0414536739,0.5046501453,0.4538961807
-93.5000000000,71.5000000000,0.0399646914,0.5227904900,0.4372448186
-89.5000000000,71.5000000000,0.0381214969,0.5882717826,0.3736067205
-88.5000000000,71.5000000000,0.0373700897,0.6043490166,0.3582808937
-87.5000000000,71.5000000000,0.0347676957,0.6187322309,0.3465000734
-86.5000000000,71.5000000000,0.0330997923,0.6252911995,0.3416090082
-85.5000000000,71.5000000000,0.0298180336,0.6297677199,0.3404142465
-84.5000000000,71.5000000000,0.0279187667,0.6277616083,0.3443196250
-83.5000000000,71.5000000000,0.0266192662,0.6186202758,0.3547604580
-82.5000000000,71.5000000000,0.0264060939,0.6063471888,0.3672467173
-81.5000000000,71.5000000000,0.0259852678,0.5871484459,0.3868662863
-80.5000000000,71.5000000000,0.0257366557,0.5609299019,0.4133334425
-79.5000000000,71.5000000000,0.0268225019,0.5255252650,0.4476522332
-78.5000000000,71.5000000000,0.0263487407,0.4851388517,0.4885124076
-77.5000000000,71.5000000000,0.0263953437,0.4448152139,0.5287894424
-76.5000000000,71.5000000000,0.0254091092,0.4010692852,0.5735216056
-75.5000000000,71.5000000000,0.0235455309,0.3577904222,0.6186640469
-74.5000000000,71.5000000000,0.0239720702,0.3119619729,0.6640659568
-72.5000000000,71.5000000000,0.0182847209,0.2406283733,0.7410869059
-158.5000000000,70.5000000000,0.0237856893,0.2650071133,0.7112071974
-157.5000000000,70.5000000000,0.0222134528,0.2443976008,0.7333889465
-156.5000000000,70.5000000000,0.0222198067,0.2473554125,0.7304247808
-155.5000000000,70.5000000000,0.0228941077,0.2577533914,0.7193525009
-154.5000000000,70.5000000000,0.0258409685,0.2848597061,0.6892993254
-153.5000000000,70.5000000000,0.0302440610,0.3117024171,0.6580535219
-152.5000000000,70.5000000000,0.0343376996,0.3267126497,0.6389496506
-149.5000000000,70.5000000000,0.0435193558,0.3244795547,0.6320010894
-111.5000000000,70.5000000000,0.0515313892,0.2540911469,0.6943774639
-110.5000000000,70.5000000000,0.0508369476,0.2645892314,0.6845738210
-109.5000000000,70.5000000000,0.0486742535,0.2759129715,0.6754127750
-108.5000000000,70.5000000000,0.0469223589,0.2841933615,0.6688842796
-107.5000000000,70.5000000000,0.0447522335,0.2917400839,0.6635076825
-106.5000000000,70.5000000000,0.0426431972,0.2940760491,0.6632807537
-105.5000000000,70.5000000000,0.0410117371,0.3020007144,0.6569875485
-104.5000000000,70.5000000000,0.0399204001,0.3113044311,0.6487751688
-103.5000000000,70.5000000000,0.0395072089,0.3213580665,0.6391347245
-95.5000000000,70.5000000000,0.0448804262,0.4859473929,0.4691721809
-94.5000000000,70.5000000000,0.0460297041,0.5040278385,0.4499424574
-93.5000000000,70.5000000000,0.0471129510,0.5204764716,0.4324105774
-92.5000000000,70.5000000000,0.0442386691,0.5383840107,0.4173773202
-88.5000000000,70.5000000000,0.0394246607,0.5893575592,0.3712177801
-87.5000000000,70.5000000000,0.0380335647,0.5986174305,0.3633490047
-86.5000000000,70.5000000000,0.0370750562,0.6016215095,0.3613034343
-85.5000000000,70.5000000000,0.0357978104,0.6044172851,0.3597849046
-84.5000000000,70.5000000000,0.0326783275,0.6010203362,0.3663013363
-83.5000000000,70.5000000000,0.0310525470,0.5950682168,0.3738792362
-82.5000000000,70.5000000000,0.0300323314,0.5817125185,0.3882551502
-81.5000000000,70.5000000000,0.0286318223,0.5611307518,0.4102374259
-80.5000000000,70.5000000000,0.0278354054,0.5350659752,0.4370986194
-79.5000000000,70.5000000000,0.0266761796,0.5004008886,0.4729229318
-78.5000000000,70.5000000000,0.0266366634,0.4609119709,0.5124513657
-77.5000000000,70.5000000000,0.0268392849,0.4233968372,0.5497638779
-76.5000000000,70.5000000000,0.0265685516,0.3841537609,0.5892776875
-75.5000000000,70.5000000000,0.0255647740,0.3428925028,0.6315427232
-74.5000000000,70.5000000000,0.0241943305,0.2995463183,0.6762593512
-73.5000000000,70.5000000000,0.0214649433,0.2604487422,0.7180863146
-72.5000000000,70.5000000000,0.0199700475,0.2288736446,0.7511563079
-71.5000000000,70.5000000000,0.0205363780,0.1977959603,0.7816676616
-70.5000000000,70.5000000000,0.0156746716,0.1772126140,0.8071127144
-69.5000000000,70.5000000000,0.0142198246,0.1571011801,0.8286789953
-68.5000000000,70.5000000000,0.0131111863,0.1443483654,0.8425404483
-162.5000000000,69.5000000000,0.0315492568,0.3734207179,0.5950300253
-161.5000000000,69.5000000000,0.0316997214,0.3775624858,0.5907377928
-160.5000000000,69.5000000000,0.0310998124,0.3665261421,0.6023740455
-159.5000000000,69.5000000000,0.0290547202,0.3477807518,0.6231645280
-158.5000000000,69.5000000000,0.0274015796,0.3265870423,0.6460113780
-157.5000000000,69.5000000000,0.0263569710,0.3123773305,0.6612656985
-156.5000000000,69.5000000000,0.0265338386,0.3184308108,0.6550353506
-155.5000000000,69.5000000000,0.0275991506,0.3284995943,0.6439012551
-154.5000000000,69.5000000000,0.0325386026,0.3677533657,0.5997080317
-153.5000000000,69.5000000000,0.0389385797,0.4020824728,0.5589789474
-152.5000000000,69.5000000000,0.0451406386,0.4152833585,0.5395760029
-151.5000000000,69.5000000000,0.0479899884,0.4077002252,0.5443097864
-150.5000000000,69.5000000000,0.0494994025,0.3871719364,0.5633286611
-149.5000000000,69.5000000000,0.0542854068,0.3746222661,0.5710923271
-148.5000000000,69.5000000000,0.0643121214,0.3916096526,0.5440782260
-147.5000000000,69.5000000000,0.0804763403,0.4180888674,0.5014347922
-146.5000000000,69.5000000000,0.0970323247,0.4421824331,0.4607852423
-145.5000000000,69.5000000000,0.1187761750,0.4692585809,0.4119652441
-144.5000000000,69.5000000000,0.1087880876,0.4899748059,0.4012371065
-143.5000000000,69.5000000000,0.0971464309,0.4882541614,0.4145994078
-142.5000000000,69.5000000000,0.0878292971,0.4688714898,0.4432992131
-141.5000000000,69.5000000000,0.0715934789,0.4427272802,0.4856792409
-140.5000000000,69.5000000000,0.0644784881,0.4235148611,0.5120066508
-139.5000000000,69.5000000000,0.0659175693,0.4390869120,0.4949955187
-132.5000000000,69.5000000000,0.2162325645,0.5816523116,0.2021151239
-131.5000000000,69.5000000000,0.2107989121,0.5842731266,0.2049279612
-130.5000000000,69.5000000000,0.1991133274,0.5888664073,0.2120202653
-129.5000000000,69.5000000000,0.1848739512,0.5937661216,0.2213599273
-128.5000000000,69.5000000000,0.1699843852,0.5948425862,0.2351730285
-127.5000000000,69.5000000000,0.1581188455,0.5914160686,0.2504650858
-126.5000000000,69.5000000000,0.1465696921,0.5812793071,0.2721510008
-125.5000000000,69.5000000000,0.1260877962,0.5675863971,0.3063258068
-124.5000000000,69.5000000000,0.1128186951,0.5398315502,0.3473497547
-122.5000000000,69.5000000000,0.0969943286,0.4369528307,0.4660528407
-121.5000000000,69.5000000000,0.0932425253,0.3740788376,0.5326786371
-116.5000000000,69.5000000000,0.0886387824,0.2703628308,0.6409983869
-115.5000000000,69.5000000000,0.0887507998,0.2674446768,0.6438045233
-114.5000000000,69.5000000000,0.0850534054,0.2678529620,0.6470936326
-113.5000000000,69.5000000000,0.0796721806,0.2703297939,0.6499980255
-112.5000000000,69.5000000000,0.0748637574,0.2777026292,0.6474336135
-111.5000000000,69.5000000000,0.0684256725,0.2887270199,0.6428473076
-110.5000000000,69.5000000000,0.0630348748,0.2971032265,0.6398618986
-109.5000000000,69.5000000000,0.0587687001,0.3028070576,0.6384242423
-108.5000000000,69.5000000000,0.0550061589,0.3088847925,0.6361090486
-107.5000000000,69.5000000000,0.0509784174,0.3122485660,0.6367730166
-106.5000000000,69.5000000000,0.0470830500,0.3121746144,0.6407423356
-105.5000000000,69.5000000000,0.0448731214,0.3153007823,0.6398260962
-104.5000000000,69.5000000000,0.0435239739,0.3197503462,0.6367256800
-103.5000000000,69.5000000000,0.0433172397,0.3294497783,0.6272329820
-97.5000000000,69.5000000000,0.0485352326,0.4523504175,0.4991143499
-96.5000000000,69.5000000000,0.0479779989,0.4707410391,0.4812809620
-95.5000000000,69.5000000000,0.0481446873,0.4907587873,0.4610965253
-92.5000000000,69.5000000000,0.0509297560,0.5369497001,0.4121205439
-91.5000000000,69.5000000000,0.0493771958,0.5504671353,0.4001556689
-90.5000000000,69.5000000000,0.0478271362,0.5583380558,0.3938348080
-85.5000000000,69.5000000000,0.0385958980,0.5849410176,0.3764630843
-84.5000000000,69.5000000000,0.0384229891,0.5775093840,0.3840676269
-83.5000000000,69.5000000000,0.0356778180,0.5713537222,0.3929684598
-82.5000000000,69.5000000000,0.0334639823,0.5594208242,0.4071151934
-76.5000000000,69.5000000000,0.0261345004,0.3675867031,0.6062787965
-75.5000000000,69.5000000000,0.0248693892,0.3282528137,0.6468777970
-74.5000000000,69.5000000000,0.0240798783,0.2875782373,0.6883418844
-73.5000000000,69.5000000000,0.0219328156,0.2498565353,0.7282106491
-72.5000000000,69.5000000000,0.0193757467,0.2183893729,0.7622348804
-71.5000000000,69.5000000000,0.0177617011,0.1912856540,0.7909526449
-70.5000000000,69.5000000000,0.0149456180,0.1677734145,0.8172809675
-69.5000000000,69.5000000000,0.0151295009,0.1476972863,0.8371732128
-68.5000000000,69.5000000000,0.0142679011,0.1338253261,0.8519067728
-165.5000000000,68.5000000000,0.0297019282,0.3206534165,0.6496446552
-164.5000000000,68.5000000000,0.0309789831,0.3516131434,0.6174078735
-163.5000000000,68.5000000000,0.0342516463,0.3777300741,0.5880182796
-162.5000000000,68.5000000000,0.0367800126,0.4012643326,0.5619556548
-161.5000000000,68.5000000000,0.0363558778,0.4211863535,0.5424577687
-160.5000000000,68.5000000000,0.0369231403,0.4195071165,0.5435697432
-159.5000000000,68.5000000000,0.0349938973,0.4160157511,0.5489903516
-158.5000000000,68.5000000000,0.0344235279,0.4043024193,0.5612740528
-157.5000000000,68.5000000000,0.0344897142,0.4022218524,0.5632884334
-156.5000000000,68.5000000000,0.0340536846,0.4299581557,0.5359881597
-155.5000000000,68.5000000000,0.0367988994,0.4472594733,0.5159416273
-154.5000000000,68.5000000000,0.0443351483,0.4801770349,0.4754878168
-153.5000000000,68.5000000000,0.0541486357,0.5085315690,0.4373197953
-152.5000000000,68.5000000000,0.0638477926,0.5188796612,0.4172725463
-151.5000000000,68.5000000000,0.0708046478,0.4980132004,0.4311821518
-150.5000000000,68.5000000000,0.0729725720,0.4639897409,0.4630376871
-149.5000000000,68.5000000000,0.0743868129,0.4387308550,0.4868823321
-148.5000000000,68.5000000000,0.1000848251,0.4564098313,0.4435053436
-147.5000000000,68.5000000000,0.1275657703,0.4752199788,0.3972142509
-146.5000000000,68.5000000000,0.1356755060,0.4970100250,0.3673144690
-145.5000000000,68.5000000000,0.1519571691,0.5349153341,0.3131274968
-144.5000000000,68.5000000000,0.1448715564,0.5446606618,0.3104677818
-143.5000000000,68.5000000000,0.1307007043,0.5357155590,0.3335837368
-142.5000000000,68.5000000000,0.1061727182,0.5197931662,0.3740341156
-141.5000000000,68.5000000000,0.0863285543,0.4785269497,0.4351444960
-140.5000000000,68.5000000000,0.0720888462,0.4437819106,0.4841292432
-139.5000000000,68.5000000000,0.0797333296,0.4573657567,0.4629009136
-138.5000000000,68.5000000000,0.0964659868,0.4859195189,0.4176144943
-137.5000000000,68.5000000000,0.1168098071,0.5324722324,0.3507179605
-136.5000000000,68.5000000000,0.1421406544,0.5705261533,0.2873331923
-135.5000000000,68.5000000000,0.1697173424,0.5933336149,0.2369490427
-134.5000000000,68.5000000000,0.2035607647,0.5918390054,0.2046002300
-133.5000000000,68.5000000000,0.2368370725,0.5775317047,0.1856312228
-132.5000000000,68.5000000000,0.2452145004,0.5726669523,0.1821185473
-131.5000000000,68.5000000000,0.2427113824,0.5707787632,0.1865098544
-130.5000000000,68.5000000000,0.2263633140,0.5762401593,0.1973965267
-129.5000000000,68.5000000000,0.2125805024,0.5770527196,0.2103667780
-128.5000000000,68.5000000000,0.2008076733,0.5781923201,0.2210000066
-127.5000000000,68.5000000000,0.1924069008,0.5750123107,0.2325807885
-126.5000000000,68.5000000000,0.1811479623,0.5658611237,0.2529909140
-125.5000000000,68.5000000000,0.1706278450,0.5495779577,0.2797941973
-124.5000000000,68.5000000000,0.1606222727,0.5255443740,0.3138333533
-123.5000000000,68.5000000000,0.1515765089,0.4890232699,0.3594002211
-122.5000000000,68.5000000000,0.1429355150,0.4429272272,0.4141372578
-121.5000000000,68.5000000000,0.1439823295,0.3902920531,0.4657256173
-120.5000000000,68.5000000000,0.1405157830,0.3533739645,0.5061102525
-119.5000000000,68.5000000000,0.1418761441,0.3299317889,0.5281920670
-118.5000000000,68.5000000000,0.1379137331,0.3183537733,0.5437324936
-117.5000000000,68.5000000000,0.1375740556,0.3101104261,0.5523155182
-116.5000000000,68.5000000000,0.1350934809,0.3059135935,0.5589929255
-115.5000000000,68.5000000000,0.1300235264,0.3076956656,0.5622808080
-114.5000000000,68.5000000000,0.1227705793,0.3085627694,0.5686666512
-112.5000000000,68.5000000000,0.0986588142,0.3233694899,0.5779716959
-107.5000000000,68.5000000000,0.0584498267,0.3354583879,0.6060917854
-105.5000000000,68.5000000000,0.0502731918,0.3314483177,0.6182784905
-104.5000000000,68.5000000000,0.0489605005,0.3359268011,0.6151126984
-97.5000000000,68.5000000000,0.0559906858,0.4628061322,0.4812031820
-96.5000000000,68.5000000000,0.0554588016,0.4786514967,0.4658897017
-93.5000000000,68.5000000000,0.0563483709,0.5242578841,0.4193937451
-92.5000000000,68.5000000000,0.0578006624,0.5354751516,0.4067241860
-91.5000000000,68.5000000000,0.0582061726,0.5455664624,0.3962273650
-89.5000000000,68.5000000000,0.0528372642,0.5592976942,0.3878650416
-88.5000000000,68.5000000000,0.0513768732,0.5613807260,0.3872424008
-85.5000000000,68.5000000000,0.0456375775,0.5623463389,0.3920160836
-84.5000000000,68.5000000000,0.0441732431,0.5552083804,0.4006183765
-83.5000000000,68.5000000000,0.0416162072,0.5465753351,0.4118084577
-73.5000000000,68.5000000000,0.0219806820,0.2450142002,0.7330051178
-72.5000000000,68.5000000000,0.0198010988,0.2127004879,0.7674984134
-71.5000000000,68.5000000000,0.0177310542,0.1843748370,0.7978941088
-70.5000000000,68.5000000000,0.0159111195,0.1602912625,0.8237976179
-69.5000000000,68.5000000000,0.0145481840,0.1411330760,0.8443187400
-68.5000000000,68.5000000000,0.0121568354,0.1270713817,0.8607717829
-163.5000000000,67.5000000000,0.0308459426,0.3897830439,0.5793710135
-162.5000000000,67.5000000000,0.0312369853,0.4233822052,0.5453808095
-161.5000000000,67.5000000000,0.0350868661,0.4514015625,0.5135115713
-160.5000000000,67.5000000000,0.0341808893,0.4696862832,0.4961328275
-159.5000000000,67.5000000000,0.0348594125,0.4778534282,0.4872871593
-158.5000000000,67.5000000000,0.0364022704,0.4880902618,0.4755074678
-157.5000000000,67.5000000000,0.0389236246,0.5079792716,0.4530971037
-156.5000000000,67.5000000000,0.0436480850,0.5355290513,0.4208228637
-155.5000000000,67.5000000000,0.0484069380,0.5529328997,0.3986601623
-154.5000000000,67.5000000000,0.0614610591,0.5793626568,0.3591762841
-153.5000000000,67.5000000000,0.0695447239,0.6063652564,0.3240900198
-152.5000000000,67.5000000000,0.0850921633,0.6110887020,0.3038191347
-151.5000000000,67.5000000000,0.0940796889,0.5870876813,0.3188326298
-150.5000000000,67.5000000000,0.0966553841,0.5611958769,0.3421487390
-149.5000000000,67.5000000000,0.1053549229,0.5443349056,0.3503101715
-148.5000000000,67.5000000000,0.1183652379,0.5610091555,0.3206256066
-147.5000000000,67.5000000000,0.1451972655,0.5760225899,0.2787801447
-146.5000000000,67.5000000000,0.1503891792,0.5929335065,0.2566773144
-145.5000000000,67.5000000000,0.1569128272,0.6109616017,0.2321255711
-144.5000000000,67.5000000000,0.1454100896,0.6136639161,0.2409259942
-143.5000000000,67.5000000000,0.1305485649,0.6027569243,0.2666945108
-142.5000000000,67.5000000000,0.1176016223,0.5813256115,0.3010727662
-141.5000000000,67.5000000000,0.1003670673,0.5391848192,0.3604481135
-140.5000000000,67.5000000000,0.0897519037,0.5040140502,0.4062340461
-139.5000000000,67.5000000000,0.0933367006,0.5031978994,0.4034654000
-138.5000000000,67.5000000000,0.1091375597,0.5243698161,0.3664926241
-137.5000000000,67.5000000000,0.1383451846,0.5553120661,0.3063427493
-136.5000000000,67.5000000000,0.1798269444,0.5733650816,0.2468079740
-135.5000000000,67.5000000000,0.1970528722,0.5976200571,0.2053270707
-134.5000000000,67.5000000000,0.2199225237,0.5975959708,0.1824815055
-133.5000000000,67.5000000000,0.2500095190,0.5786066087,0.1713838723
-132.5000000000,67.5000000000,0.2652360026,0.5669150571,0.1678489403
-131.5000000000,67.5000000000,0.2545076264,0.5668868440,0.1786055296
-130.5000000000,67.5000000000,0.2500347442,0.5615867570,0.1883784988
-129.5000000000,67.5000000000,0.2371843940,0.5619566872,0.2008589188
-128.5000000000,67.5000000000,0.2349886396,0.5563245800,0.2086867805
-127.5000000000,67.5000000000,0.2322311694,0.5517403031,0.2160285274
-126.5000000000,67.5000000000,0.2302360436,0.5429619137,0.2268020426
-125.5000000000,67.5000000000,0.2223562016,0.5312734148,0.2463703836
-124.5000000000,67.5000000000,0.2166103795,0.5099030160,0.2734866045
-123.5000000000,67.5000000000,0.2089329163,0.4828651793,0.3082019045
-122.5000000000,67.5000000000,0.2033996588,0.4475201267,0.3490802145
-121.5000000000,67.5000000000,0.2027711116,0.4096198860,0.3876090023
-120.5000000000,67.5000000000,0.2024716559,0.3782774981,0.4192508460
-119.5000000000,67.5000000000,0.2031765058,0.3574374022,0.4393860920
-118.5000000000,67.5000000000,0.2054862685,0.3430085711,0.4515051603
-117.5000000000,67.5000000000,0.2017193912,0.3368385605,0.4614420483
-116.5000000000,67.5000000000,0.1989196010,0.3362283820,0.4648520170
-115.5000000000,67.5000000000,0.1923042974,0.3398165894,0.4678791132
-114.5000000000,67.5000000000,0.1861673967,0.3438416809,0.4699909224
-113.5000000000,67.5000000000,0.1650542352,0.3519816962,0.4829640686
-112.5000000000,67.5000000000,0.1423148427,0.3619999471,0.4956852102
-111.5000000000,67.5000000000,0.1192155097,0.3715418422,0.5092426481
-110.5000000000,67.5000000000,0.1029580639,0.3748764484,0.5221654877
-109.5000000000,67.5000000000,0.0899779081,0.3777051430,0.5323169489
-107.5000000000,67.5000000000,0.0701497379,0.3662393418,0.5636109203
-106.5000000000,67.5000000000,0.0636756709,0.3578154235,0.5785089056
-105.5000000000,67.5000000000,0.0588104666,0.3534458670,0.5877436665
-104.5000000000,67.5000000000,0.0560528917,0.3518138252,0.5921332832
-103.5000000000,67.5000000000,0.0567633892,0.3621083569,0.5811282538
-102.5000000000,67.5000000000,0.0585578120,0.3812884757,0.5601537123
-101.5000000000,67.5000000000,0.0606639374,0.3993188276,0.5400172349
-100.5000000000,67.5000000000,0.0632042523,0.4183981167,0.5183976311
-99.5000000000,67.5000000000,0.0658869880,0.4418628267,0.4922501853
-98.5000000000,67.5000000000,0.0661984462,0.4592691190,0.4745324348
-97.5000000000,67.5000000000,0.0669760657,0.4731589057,0.4598650286
-96.5000000000,67.5000000000,0.0660488043,0.4891525705,0.4447986253
-94.5000000000,67.5000000000,0.0684933333,0.5148046473,0.4167020194
-93.5000000000,67.5000000000,0.0677759550,0.5254486615,0.4067753835
-92.5000000000,67.5000000000,0.0696391530,0.5339722730,0.3963885740
-91.5000000000,67.5000000000,0.0661706758,0.5428630417,0.3909662825
-90.5000000000,67.5000000000,0.0662725225,0.5453496875,0.3883777899
-89.5000000000,67.5000000000,0.0635328785,0.5481846957,0.3882824258
-88.5000000000,67.5000000000,0.0617933417,0.5471796239,0.3910270344
-85.5000000000,67.5000000000,0.0537919299,0.5412532966,0.4049547735
-84.5000000000,67.5000000000,0.0509608076,0.5324048713,0.4166343211
-83.5000000000,67.5000000000,0.0480845003,0.5226239380,0.4292915618
-82.5000000000,67.5000000000,0.0453602640,0.5077785084,0.4468612277
-81.5000000000,67.5000000000,0.0419315206,0.4847288162,0.4733396632
-76.5000000000,67.5000000000,0.0307332476,0.3355057036,0.6337610487
-75.5000000000,67.5000000000,0.0283163938,0.3033513820,0.6683322242
-71.5000000000,67.5000000000,0.0181637016,0.1829918485,0.7988444499
-70.5000000000,67.5000000000,0.0161465807,0.1583089024,0.8255445169
-69.5000000000,67.5000000000,0.0147759626,0.1367576936,0.8484663438
-68.5000000000,67.5000000000,0.0135510057,0.1210914962,0.8653574981
-67.5000000000,67.5000000000,0.0132783098,0.1085951617,0.8781265286
-66.5000000000,67.5000000000,0.0142148026,0.1038971566,0.8818880409
-65.5000000000,67.5000000000,0.0148727071,0.1110085433,0.8741187496
-64.5000000000,67.5000000000,0.0153464389,0.1265579811,0.8580955799
-164.5000000000,66.5000000000,0.0274588122,0.3521611116,0.6203800762
-160.5000000000,66.5000000000,0.0316211477,0.5002318232,0.4681470291
-159.5000000000,66.5000000000,0.0333377663,0.5260263398,0.4406358939
-158.5000000000,66.5000000000,0.0359240227,0.5542387612,0.4098372161
-157.5000000000,66.5000000000,0.0405447827,0.5875979321,0.3718572852
-156.5000000000,66.5000000000,0.0478264293,0.6232666167,0.3289069540
-155.5000000000,66.5000000000,0.0500284270,0.6386215649,0.3113500081
-154.5000000000,66.5000000000,0.0609097290,0.6498581896,0.2892320814
-153.5000000000,66.5000000000,0.0721675488,0.6596725045,0.2681599466
-152.5000000000,66.5000000000,0.0853608888,0.6599661712,0.2546729401
-151.5000000000,66.5000000000,0.1012717849,0.6448458744,0.2538823408
-150.5000000000,66.5000000000,0.1182201513,0.6269776475,0.2548022012
-149.5000000000,66.5000000000,0.1282145793,0.6253663492,0.2464190716
-148.5000000000,66.5000000000,0.1353941214,0.6393991613,0.2252067173
-147.5000000000,66.5000000000,0.1478493250,0.6534470557,0.1987036193
-146.5000000000,66.5000000000,0.1545462770,0.6610901633,0.1843635596
-145.5000000000,66.5000000000,0.1568731977,0.6689273436,0.1741994586
-144.5000000000,66.5000000000,0.1451373379,0.6587735883,0.1960890738
-143.5000000000,66.5000000000,0.1324489950,0.6426815791,0.2248694260
-142.5000000000,66.5000000000,0.1245710872,0.6183211920,0.2571077208
-141.5000000000,66.5000000000,0.1197832090,0.5822071845,0.2980096065
-140.5000000000,66.5000000000,0.1172709582,0.5499061922,0.3328228496
-139.5000000000,66.5000000000,0.1213789333,0.5411453546,0.3374757121
-138.5000000000,66.5000000000,0.1334217902,0.5543396056,0.3122386042
-137.5000000000,66.5000000000,0.1580436435,0.5712856656,0.2706706909
-136.5000000000,66.5000000000,0.1953788709,0.5834276045,0.2211935246
-135.5000000000,66.5000000000,0.2219717194,0.5958481080,0.1821801726
-134.5000000000,66.5000000000,0.2494226666,0.5801652002,0.1704121332
-133.5000000000,66.5000000000,0.2611540849,0.5719415654,0.1669043497
-132.5000000000,66.5000000000,0.2740259168,0.5582660280,0.1677080552
-131.5000000000,66.5000000000,0.2726431989,0.5507380786,0.1766187226
-130.5000000000,66.5000000000,0.2626140264,0.5495507728,0.1878352008
-129.5000000000,66.5000000000,0.2547525780,0.5459656215,0.1992818005
-128.5000000000,66.5000000000,0.2553708342,0.5394123578,0.2052168080
-127.5000000000,66.5000000000,0.2653621532,0.5314469280,0.2031909188
-126.5000000000,66.5000000000,0.2777873132,0.5188853468,0.2033273400
-125.5000000000,66.5000000000,0.2850208805,0.5029824957,0.2119966238
-124.5000000000,66.5000000000,0.2825086545,0.4863286144,0.2311627310
-123.5000000000,66.5000000000,0.2785493582,0.4650377045,0.2564129373
-122.5000000000,66.5000000000,0.2701137815,0.4447814672,0.2851047513
-121.5000000000,66.5000000000,0.2703694374,0.4165333113,0.3130972512
-120.5000000000,66.5000000000,0.2753780400,0.3900532320,0.3345687281
-119.5000000000,66.5000000000,0.2837906249,0.3681167454,0.3480926296
-118.5000000000,66.5000000000,0.2868961655,0.3548026818,0.3583011527
-117.5000000000,66.5000000000,0.2817409727,0.3535213119,0.3647377153
-116.5000000000,66.5000000000,0.2870299026,0.3485540830,0.3644160145
-115.5000000000,66.5000000000,0.2832266276,0.3528221058,0.3639512666
-114.5000000000,66.5000000000,0.2627377731,0.3650750140,0.3721872130
-113.5000000000,66.5000000000,0.2291839014,0.3817717275,0.3890443711
-112.5000000000,66.5000000000,0.1929928281,0.3957076222,0.4112995497
-111.5000000000,66.5000000000,0.1596820558,0.4082080576,0.4321098866
-110.5000000000,66.5000000000,0.1322520286,0.4152931071,0.4524548643
-109.5000000000,66.5000000000,0.1130685819,0.4180074849,0.4689239332
-108.5000000000,66.5000000000,0.1023251767,0.4089565921,0.4887182312
-107.5000000000,66.5000000000,0.0849180468,0.4047892940,0.5102926592
-106.5000000000,66.5000000000,0.0798176419,0.3902141651,0.5299681930
-105.5000000000,66.5000000000,0.0730147997,0.3808025618,0.5461826385
-104.5000000000,66.5000000000,0.0676115410,0.3728259843,0.5595624747
-103.5000000000,66.5000000000,0.0692972101,0.3847470302,0.5459557597
-102.5000000000,66.5000000000,0.0715547786,0.4034311734,0.5250140480
-101.5000000000,66.5000000000,0.0752483649,0.4220341057,0.5027175294
-100.5000000000,66.5000000000,0.0783316593,0.4392208214,0.4824475194
-99.5000000000,66.5000000000,0.0814872596,0.4559880866,0.4625246537
-98.5000000000,66.5000000000,0.0818767628,0.4703309428,0.4477922944
-97.5000000000,66.5000000000,0.0813043910,0.4832152044,0.4354804046
-96.5000000000,66.5000000000,0.0808173148,0.4976288201,0.4215538651
-95.5000000000,66.5000000000,0.0805004894,0.5120682730,0.4074312376
-94.5000000000,66.5000000000,0.0831391286,0.5191878344,0.3976730370
-93.5000000000,66.5000000000,0.0819556954,0.5279253125,0.3901189921
-92.5000000000,66.5000000000,0.0805292639,0.5346848897,0.3847858464
-91.5000000000,66.5000000000,0.0777634270,0.5400187557,0.3822178173
-90.5000000000,66.5000000000,0.0785984169,0.5413468551,0.3800547280
-89.5000000000,66.5000000000,0.0741859332,0.5432091663,0.3826049006
-88.5000000000,66.5000000000,0.0724998406,0.5384390513,0.3890611081
-87.5000000000,66.5000000000,0.0659766930,0.5361911673,0.3978321397
-84.5000000000,66.5000000000,0.0577542531,0.5141749605,0.4280707864
-83.5000000000,66.5000000000,0.0541380932,0.5027805535,0.4430813533
-73.5000000000,66.5000000000,0.0260163544,0.2386658915,0.7353177541
-72.5000000000,66.5000000000,0.0230998558,0.2110273681,0.7658727760
-71.5000000000,66.5000000000,0.0200143927,0.1836078444,0.7963777629
-70.5000000000,66.5000000000,0.0171311646,0.1590094511,0.8238593843
-69.5000000000,66.5000000000,0.0148074382,0.1373508426,0.8478417192
-68.5000000000,66.5000000000,0.0133302577,0.1198886799,0.8667810625
-67.5000000000,66.5000000000,0.0121241500,0.1081595190,0.8797163311
-66.5000000000,66.5000000000,0.0124304077,0.1031148224,0.8844547699
-65.5000000000,66.5000000000,0.0132169179,0.1146496607,0.8721334214
-64.5000000000,66.5000000000,0.0183131981,0.1308080950,0.8508787070
-63.5000000000,66.5000000000,0.0212168202,0.1511552465,0.8276279334
-62.5000000000,66.5000000000,0.0241323743,0.1705410706,0.8053265551
-167.5000000000,65.5000000000,0.0228689375,0.2354410648,0.7416899977
-166.5000000000,65.5000000000,0.0237932228,0.2673267758,0.7088800014
-165.5000000000,65.5000000000,0.0258764802,0.3022046882,0.6719188316
-164.5000000000,65.5000000000,0.0269514978,0.3420043980,0.6310441042
-163.5000000000,65.5000000000,0.0279908032,0.3866328731,0.5853763236
-162.5000000000,65.5000000000,0.0286274052,0.4290017779,0.5423708168
-161.5000000000,65.5000000000,0.0312223963,0.4665121930,0.5022654107
-160.5000000000,65.5000000000,0.0322900389,0.5038675729,0.4638423882
-159.5000000000,65.5000000000,0.0342486113,0.5436330035,0.4221183852
-158.5000000000,65.5000000000,0.0378112757,0.5789135996,0.3832751246
-157.5000000000,65.5000000000,0.0405244649,0.6162188074,0.3432567276
-156.5000000000,65.5000000000,0.0467366257,0.6495610115,0.3037023628
-155.5000000000,65.5000000000,0.0551126641,0.6622765081,0.2826108278
-154.5000000000,65.5000000000,0.0677564847,0.6689361061,0.2633074092
-153.5000000000,65.5000000000,0.0839491896,0.6712938235,0.2447569869
-152.5000000000,65.5000000000,0.1018735191,0.6698486557,0.2282778251
-151.5000000000,65.5000000000,0.1188527289,0.6683410189,0.2128062522
-150.5000000000,65.5000000000,0.1287310120,0.6680670154,0.2032019726
-149.5000000000,65.5000000000,0.1440132452,0.6671621614,0.1888245934
