Lon,Lat,C_LonLatElev,B_LonLatElev,U_LonLatElev
-112.5000000000,78.5000000000,0.0500348073,0.2199014041,0.7300637886
-111.5000000000,78.5000000000,0.0525820335,0.2232107576,0.7242072089
-110.5000000000,78.5000000000,0.0573113975,0.2295683300,0.7131202725
-109.5000000000,78.5000000000,0.0603464221,0.2381519027,0.7015016752
-104.5000000000,78.5000000000,0.0699045469,0.2641528584,0.6659425947
-103.5000000000,78.5000000000,0.0714166164,0.2735598162,0.6550235674
-102.5000000000,78.5000000000,0.0749015075,0.2799750067,0.6451234858
-101.5000000000,78.5000000000,0.0794324185,0.2882481870,0.6323193945
-100.5000000000,78.5000000000,0.0795677469,0.2919757744,0.6284564786
-97.5000000000,78.5000000000,0.0790483817,0.3193158738,0.6016357445
-96.5000000000,78.5000000000,0.0752941640,0.3268574420,0.5978483940
-95.5000000000,78.5000000000,0.0710656597,0.3315590906,0.5973752498
-92.5000000000,78.5000000000,0.0614962043,0.3414205205,0.5970832752
-91.5000000000,78.5000000000,0.0749075199,0.3632765928,0.5618158874
-90.5000000000,78.5000000000,0.0785531926,0.3861419063,0.5353049011
-89.5000000000,78.5000000000,0.0689099342,0.4080260443,0.5230640214
-86.5000000000,78.5000000000,0.0631914818,0.5260253988,0.4107831194
-85.5000000000,78.5000000000,0.0645366837,0.5796135427,0.3558497736
-84.5000000000,78.5000000000,0.0644023018,0.6323824670,0.3032152312
-83.5000000000,78.5000000000,0.0670400274,0.6776038925,0.2553560801
-82.5000000000,78.5000000000,0.0570933379,0.6991039345,0.2438027276
-81.5000000000,78.5000000000,0.0624014353,0.6971188446,0.2404797200
-80.5000000000,78.5000000000,0.0748055183,0.6766150217,0.2485794600
-79.5000000000,78.5000000000,0.0926946921,0.6532683574,0.2540369505
-78.5000000000,78.5000000000,0.0716776209,0.6215013549,0.3068210242
-77.5000000000,78.5000000000,0.0628692678,0.5805375780,0.3565931542
-116.5000000000,77.5000000000,0.0393637202,0.1917621969,0.7688740829
-112.5000000000,77.5000000000,0.0508311494,0.2193542026,0.7298146480
-111.5000000000,77.5000000000,0.0532098947,0.2225101457,0.7242799596
-110.5000000000,77.5000000000,0.0568246981,0.2281245262,0.7150507757
-105.5000000000,77.5000000000,0.0700790925,0.2610086874,0.6689122200
-95.5000000000,77.5000000000,0.0704430550,0.3297762294,0.5997807156
-94.5000000000,77.5000000000,0.0654603957,0.3274136404,0.6071259639
-93.5000000000,77.5000000000,0.0626122611,0.3313771926,0.6060105463
-90.5000000000,77.5000000000,0.0581093545,0.3726057329,0.5692849126
-87.5000000000,77.5000000000,0.0565974489,0.4732908542,0.4701116969
-86.5000000000,77.5000000000,0.0628265450,0.5241495513,0.4130239037
-82.5000000000,77.5000000000,0.0600274150,0.6985090788,0.2414635063
-81.5000000000,77.5000000000,0.0541475933,0.6933944305,0.2524579762
-80.5000000000,77.5000000000,0.0692732808,0.6745835226,0.2561431966
-79.5000000000,77.5000000000,0.0667772218,0.6495351653,0.2836876129
-78.5000000000,77.5000000000,0.0601426458,0.6157915896,0.3240657646
-120.5000000000,76.5000000000,0.0404122611,0.2180457500,0.7415419889
-119.5000000000,76.5000000000,0.0384376754,0.1936253453,0.7679369793
-117.5000000000,76.5000000000,0.0400466562,0.1850448068,0.7749085369
-109.5000000000,76.5000000000,0.0614249974,0.2364289576,0.7021460451
-104.5000000000,76.5000000000,0.0705026665,0.2619343432,0.6675629902
-103.5000000000,76.5000000000,0.0720097848,0.2712755142,0.6567147010
-100.5000000000,76.5000000000,0.0825618739,0.2905274265,0.6269106996
-99.5000000000,76.5000000000,0.0833320211,0.3006968478,0.6159711311
-98.5000000000,76.5000000000,0.0839597359,0.3087366691,0.6073035950
-95.5000000000,76.5000000000,0.0741185000,0.3302319415,0.5956495585
-94.5000000000,76.5000000000,0.0719489848,0.3296159574,0.5984350578
-93.5000000000,76.5000000000,0.0633531139,0.3303998983,0.6062469878
-92.5000000000,76.5000000000,0.0655877622,0.3410892048,0.5933230330
-90.5000000000,76.5000000000,0.0576129530,0.3706838239,0.5717032231
-88.5000000000,76.5000000000,0.0572862253,0.4315631739,0.5111506008
-86.5000000000,76.5000000000,0.0603770265,0.5209854970,0.4186374765
-85.5000000000,76.5000000000,0.0673688651,0.5776348413,0.3549962937
-84.5000000000,76.5000000000,0.0615553222,0.6282190734,0.3102256044
-83.5000000000,76.5000000000,0.0651763047,0.6744000494,0.2604236459
-82.5000000000,76.5000000000,0.0736236881,0.6988446765,0.2275316354
-81.5000000000,76.5000000000,0.0602418334,0.6938945599,0.2458636067
-80.5000000000,76.5000000000,0.0593066288,0.6707177809,0.2699755903
-79.5000000000,76.5000000000,0.0737575915,0.6495520993,0.2766903092
-78.5000000000,76.5000000000,0.0629153196,0.6154551536,0.3216295268
-115.5000000000,75.5000000000,0.0440076246,0.1979892206,0.7580031548
-114.5000000000,75.5000000000,0.0516217237,0.2088075023,0.7395707740
-113.5000000000,75.5000000000,0.0574047749,0.2160812185,0.7265140067
-112.5000000000,75.5000000000,0.0586648822,0.2221313063,0.7192038114
-111.5000000000,75.5000000000,0.0549693949,0.2214174165,0.7236131886
-110.5000000000,75.5000000000,0.0587390197,0.2270057540,0.7142552263
-109.5000000000,75.5000000000,0.0619599425,0.2355632521,0.7024768054
-108.5000000000,75.5000000000,0.0649676027,0.2385319324,0.6965004649
-107.5000000000,75.5000000000,0.0709547584,0.2492181107,0.6798271309
-106.5000000000,75.5000000000,0.0709404366,0.2533072824,0.6757522810
-99.5000000000,75.5000000000,0.0822054529,0.2988850090,0.6189095382
-98.5000000000,75.5000000000,0.0822276010,0.3066621304,0.6111102686
-95.5000000000,75.5000000000,0.0717193320,0.3275664621,0.6007142059
-94.5000000000,75.5000000000,0.0698007609,0.3270259013,0.6031733377
-91.5000000000,75.5000000000,0.0624028809,0.3515640432,0.5860330759
-90.5000000000,75.5000000000,0.0647554923,0.3740933532,0.5611511545
-89.5000000000,75.5000000000,0.0634878428,0.3999348481,0.5365773091
-88.5000000000,75.5000000000,0.0615959210,0.4330528703,0.5053512088
-85.5000000000,75.5000000000,0.0658910862,0.5753772993,0.3587316145
-84.5000000000,75.5000000000,0.0668280257,0.6286071976,0.3045647767
-83.5000000000,75.5000000000,0.0817855967,0.6746980499,0.2435163534
-82.5000000000,75.5000000000,0.0855118547,0.6970334718,0.2174546735
-81.5000000000,75.5000000000,0.0684507490,0.6939814443,0.2375678067
-80.5000000000,75.5000000000,0.0651577078,0.6709451842,0.2638971081
-121.5000000000,74.5000000000,0.0526685680,0.2728224074,0.6745090246
-113.5000000000,74.5000000000,0.0529993943,0.2149575088,0.7320430969
-112.5000000000,74.5000000000,0.0563945495,0.2215707382,0.7220347123
-97.5000000000,74.5000000000,0.0798773363,0.3114014175,0.6087212461
-88.5000000000,74.5000000000,0.0579148755,0.4200695244,0.5220156001
-87.5000000000,74.5000000000,0.0660412083,0.4603785231,0.4735802687
-86.5000000000,74.5000000000,0.0627097524,0.5042868896,0.4330033580
-123.5000000000,73.5000000000,0.0877994495,0.4546129072,0.4575876433
-122.5000000000,73.5000000000,0.0790461873,0.3869434683,0.5340103444
-121.5000000000,73.5000000000,0.0618237670,0.2976840305,0.6404922024
-120.5000000000,73.5000000000,0.0489960901,0.2281638880,0.7228400219
-119.5000000000,73.5000000000,0.0470099600,0.2110153214,0.7419747186
-118.5000000000,73.5000000000,0.0500086442,0.2098983135,0.7400930423
-117.5000000000,73.5000000000,0.0504966997,0.2094559667,0.7400473336
-116.5000000000,73.5000000000,0.0488956256,0.2106583567,0.7404460178
-115.5000000000,73.5000000000,0.0489918643,0.2129156602,0.7380924755
-106.5000000000,73.5000000000,0.0711851960,0.2530520658,0.6757627382
-105.5000000000,73.5000000000,0.0727215915,0.2585706519,0.6687077567
-104.5000000000,73.5000000000,0.0691089787,0.2571102082,0.6737808131
-101.5000000000,73.5000000000,0.0738887114,0.2742525163,0.6518587724
-100.5000000000,73.5000000000,0.0805293878,0.2831957813,0.6362748310
-99.5000000000,73.5000000000,0.0800694812,0.2870444187,0.6328861001
-98.5000000000,73.5000000000,0.0826910402,0.2940209604,0.6232879994
-95.5000000000,73.5000000000,0.0757545764,0.3203773486,0.6038680750
-94.5000000000,73.5000000000,0.0736650505,0.3216838574,0.6046510920
-93.5000000000,73.5000000000,0.0683141770,0.3188148819,0.6128709411
-92.5000000000,73.5000000000,0.0654472274,0.3213968273,0.6131559453
-91.5000000000,73.5000000000,0.0616309849,0.3279421253,0.6104268897
-87.5000000000,73.5000000000,0.0646378823,0.4397933548,0.4955687629
-86.5000000000,73.5000000000,0.0673378128,0.4811715094,0.4514906778
-83.5000000000,73.5000000000,0.0697962223,0.6091199291,0.3210838486
-82.5000000000,73.5000000000,0.0688986549,0.6313431162,0.2997582289
-81.5000000000,73.5000000000,0.0645595808,0.6310445379,0.3043958813
-80.5000000000,73.5000000000,0.0764077196,0.6230199364,0.3005723441
-79.5000000000,73.5000000000,0.0786920700,0.6039824469,0.3173254831
-78.5000000000,73.5000000000,0.0652125707,0.5741721188,0.3606153106
-77.5000000000,73.5000000000,0.0670496191,0.5451335879,0.3878167930
-124.5000000000,72.5000000000,0.1137215448,0.5242368252,0.3620416300
-123.5000000000,72.5000000000,0.1053544766,0.4931821681,0.4014633553
-122.5000000000,72.5000000000,0.0961594770,0.4415942621,0.4622462609
-121.5000000000,72.5000000000,0.0793649328,0.3457865468,0.5748485204
-120.5000000000,72.5000000000,0.0645246866,0.2641753869,0.6712999265
-119.5000000000,72.5000000000,0.0606961490,0.2455919434,0.6937119075
-117.5000000000,72.5000000000,0.0573023950,0.2328492550,0.7098483500
-116.5000000000,72.5000000000,0.0567972546,0.2313995850,0.7118031604
-115.5000000000,72.5000000000,0.0551130628,0.2297508058,0.7151361315
-114.5000000000,72.5000000000,0.0545984821,0.2306378936,0.7147636242
-113.5000000000,72.5000000000,0.0600491176,0.2333506917,0.7066001906
-112.5000000000,72.5000000000,0.0629931185,0.2306542170,0.7063526645
-111.5000000000,72.5000000000,0.0611003108,0.2276980955,0.7112015938
-109.5000000000,72.5000000000,0.0731888850,0.2347094827,0.6921016323
-107.5000000000,72.5000000000,0.0733232291,0.2502108052,0.6764659657
-106.5000000000,72.5000000000,0.0728267198,0.2539937265,0.6731795537
-105.5000000000,72.5000000000,0.0687383990,0.2550048512,0.6762567498
-101.5000000000,72.5000000000,0.0730238604,0.2676630517,0.6593130879
-100.5000000000,72.5000000000,0.0745484938,0.2733451445,0.6521063616
-99.5000000000,72.5000000000,0.0760901053,0.2785874792,0.6453224155
-98.5000000000,72.5000000000,0.0762720940,0.2876773033,0.6360506027
-97.5000000000,72.5000000000,0.0764040635,0.2977244534,0.6258714831
-96.5000000000,72.5000000000,0.0763729174,0.3072960758,0.6163310067
-94.5000000000,72.5000000000,0.0695898806,0.3053443018,0.6250658177
-93.5000000000,72.5000000000,0.0586844739,0.2948393059,0.6464762202
-89.5000000000,72.5000000000,0.0559041877,0.3379442642,0.6061515481
-88.5000000000,72.5000000000,0.0595021888,0.3700599536,0.5704378575
-87.5000000000,72.5000000000,0.0649986729,0.4096026418,0.5253986853
-86.5000000000,72.5000000000,0.0649205764,0.4466893372,0.4883900864
-85.5000000000,72.5000000000,0.0656917182,0.4904577276,0.4438505542
-84.5000000000,72.5000000000,0.0737152719,0.5359181971,0.3903665310
-83.5000000000,72.5000000000,0.0742548402,0.5685251198,0.3572200400
-82.5000000000,72.5000000000,0.0794813764,0.5903133835,0.3302052400
-81.5000000000,72.5000000000,0.0736977524,0.5909139675,0.3353882801
-80.5000000000,72.5000000000,0.0644170676,0.5791695759,0.3564133565
-78.5000000000,72.5000000000,0.0625002392,0.5410821717,0.3964175891
-77.5000000000,72.5000000000,0.0687043205,0.5195969892,0.4116986903
-76.5000000000,72.5000000000,0.0689505882,0.4956908350,0.4353585768
-75.5000000000,72.5000000000,0.0553042121,0.4591845673,0.4855112206
-123.5000000000,71.5000000000,0.1389783924,0.5198592202,0.3411623874
-122.5000000000,71.5000000000,0.1322284132,0.4949611005,0.3728104862
-121.5000000000,71.5000000000,0.1051377718,0.3925975799,0.5022646482
-117.5000000000,71.5000000000,0.0667003334,0.2599217993,0.6733778673
-116.5000000000,71.5000000000,0.0645527887,0.2561079518,0.6793392594
-114.5000000000,71.5000000000,0.0648037617,0.2500804014,0.6851158369
-113.5000000000,71.5000000000,0.0725465992,0.2484445169,0.6790088839
-112.5000000000,71.5000000000,0.0707163730,0.2388427525,0.6904408745
-111.5000000000,71.5000000000,0.0725810103,0.2337822516,0.6936367381
-110.5000000000,71.5000000000,0.0752408057,0.2343360701,0.6904231242
-109.5000000000,71.5000000000,0.0750201186,0.2389576046,0.6860222768
-108.5000000000,71.5000000000,0.0726216512,0.2452653811,0.6821129678
-107.5000000000,71.5000000000,0.0723492812,0.2502594000,0.6773913188
-106.5000000000,71.5000000000,0.0704264435,0.2515575154,0.6780160412
-105.5000000000,71.5000000000,0.0699308336,0.2560151024,0.6740540640
-104.5000000000,71.5000000000,0.0667503865,0.2562508534,0.6769987601
-98.5000000000,71.5000000000,0.0712942940,0.2743604823,0.6543452237
-95.5000000000,71.5000000000,0.0689561659,0.2950836645,0.6359601696
-94.5000000000,71.5000000000,0.0635984382,0.2834010605,0.6530005013
-93.5000000000,71.5000000000,0.0564090883,0.2725836684,0.6710072433
-89.5000000000,71.5000000000,0.0548197987,0.3052109327,0.6399692686
-88.5000000000,71.5000000000,0.0596054089,0.3368430252,0.6035515659
-87.5000000000,71.5000000000,0.0609805695,0.3699624930,0.5690569375
-86.5000000000,71.5000000000,0.0651638736,0.4096045554,0.5252315710
-85.5000000000,71.5000000000,0.0652668984,0.4498250290,0.4849080726
-84.5000000000,71.5000000000,0.0702474950,0.4897999912,0.4399525139
-83.5000000000,71.5000000000,0.0736653176,0.5227331348,0.4036015476
-82.5000000000,71.5000000000,0.0776131996,0.5416324294,0.3807543711
-81.5000000000,71.5000000000,0.0749123761,0.5447888455,0.3802987784
-80.5000000000,71.5000000000,0.0749548891,0.5406340625,0.3844110483
-79.5000000000,71.5000000000,0.0817012147,0.5296427122,0.3886560731
-78.5000000000,71.5000000000,0.0767627435,0.5119054886,0.4113317678
-77.5000000000,71.5000000000,0.0762430177,0.4941829970,0.4295739853
-76.5000000000,71.5000000000,0.0692486786,0.4685766497,0.4621746717
-75.5000000000,71.5000000000,0.0585970839,0.4389254452,0.5024774709
-74.5000000000,71.5000000000,0.0620210637,0.4175157472,0.5204631891
-72.5000000000,71.5000000000,0.0393998059,0.3572124056,0.6033877885
-158.5000000000,70.5000000000,0.0305035542,0.1451500010,0.8243464448
-157.5000000000,70.5000000000,0.0289531902,0.1326376561,0.8384091537
-156.5000000000,70.5000000000,0.0297540818,0.1408773085,0.8293686097
-155.5000000000,70.5000000000,0.0321889003,0.1568897834,0.8109213164
-154.5000000000,70.5000000000,0.0371264535,0.1838473038,0.7790262427
-153.5000000000,70.5000000000,0.0430561092,0.2158747048,0.7410691859
-152.5000000000,70.5000000000,0.0465527830,0.2367326244,0.7167145925
-149.5000000000,70.5000000000,0.0391740072,0.2261829534,0.7346430394
-111.5000000000,70.5000000000,0.0759330587,0.2376610172,0.6864059241
-110.5000000000,70.5000000000,0.0810423421,0.2429109649,0.6760466930
-109.5000000000,70.5000000000,0.0788612499,0.2494589631,0.6716797870
-108.5000000000,70.5000000000,0.0794782974,0.2552440312,0.6652776713
-107.5000000000,70.5000000000,0.0772807170,0.2571532042,0.6655660788
-106.5000000000,70.5000000000,0.0745388485,0.2557493483,0.6697118031
-105.5000000000,70.5000000000,0.0691962063,0.2559198144,0.6748839793
-104.5000000000,70.5000000000,0.0665411637,0.2530962928,0.6803625435
-103.5000000000,70.5000000000,0.0637502531,0.2472542940,0.6889954529
-95.5000000000,70.5000000000,0.0667396012,0.2759943971,0.6572660017
-94.5000000000,70.5000000000,0.0640150442,0.2664801296,0.6695048262
-93.5000000000,70.5000000000,0.0618161498,0.2550947873,0.6830890630
-92.5000000000,70.5000000000,0.0503635297,0.2383867814,0.7112496889
-88.5000000000,70.5000000000,0.0561687759,0.3021754130,0.6416558111
-87.5000000000,70.5000000000,0.0616217189,0.3390421094,0.5993361717
-86.5000000000,70.5000000000,0.0675757268,0.3773179249,0.5551063483
-85.5000000000,70.5000000000,0.0746299435,0.4169609907,0.5084090658
-84.5000000000,70.5000000000,0.0759892238,0.4461873149,0.4778234613
-83.5000000000,70.5000000000,0.0794486317,0.4766078997,0.4439434687
-82.5000000000,70.5000000000,0.0796184428,0.4926975444,0.4276840128
-81.5000000000,70.5000000000,0.0758630536,0.4993734188,0.4247635276
-80.5000000000,70.5000000000,0.0732236591,0.4950639643,0.4317123766
-79.5000000000,70.5000000000,0.0692292638,0.4819354044,0.4488353318
-78.5000000000,70.5000000000,0.0712521018,0.4710187231,0.4577291751
-77.5000000000,70.5000000000,0.0701877333,0.4569895177,0.4728227490
-76.5000000000,70.5000000000,0.0667613679,0.4374874921,0.4957511400
-75.5000000000,70.5000000000,0.0622347437,0.4141940478,0.5235712085
-74.5000000000,70.5000000000,0.0573769606,0.3900640829,0.5525589565
-73.5000000000,70.5000000000,0.0500978900,0.3656797962,0.5842223138
-72.5000000000,70.5000000000,0.0460140517,0.3446175634,0.6093683850
-71.5000000000,70.5000000000,0.0523608576,0.3323146954,0.6153244470
-70.5000000000,70.5000000000,0.0325176710,0.2978303866,0.6696519423
-69.5000000000,70.5000000000,0.0288434863,0.2821689200,0.6889875937
-68.5000000000,70.5000000000,0.0261446201,0.2687888004,0.7050665795
-162.5000000000,69.5000000000,0.0437408213,0.2417070828,0.7145520959
-161.5000000000,69.5000000000,0.0427100916,0.2311256941,0.7261642143
-160.5000000000,69.5000000000,0.0426590772,0.2176487057,0.7396922171
-159.5000000000,69.5000000000,0.0393113182,0.1983165628,0.7623721190
-158.5000000000,69.5000000000,0.0386629641,0.1856567246,0.7756803113
-157.5000000000,69.5000000000,0.0376795783,0.1780377620,0.7842826597
-156.5000000000,69.5000000000,0.0392119835,0.1881766004,0.7726114160
-155.5000000000,69.5000000000,0.0433712351,0.2081293144,0.7484994506
-154.5000000000,69.5000000000,0.0535391354,0.2529564544,0.6935044102
-153.5000000000,69.5000000000,0.0649943168,0.2964918207,0.6385138625
-152.5000000000,69.5000000000,0.0698021830,0.3194992452,0.6106985718
-151.5000000000,69.5000000000,0.0651698993,0.3209927975,0.6138373032
-150.5000000000,69.5000000000,0.0574725277,0.3015879115,0.6409395608
-149.5000000000,69.5000000000,0.0509111864,0.2715697729,0.6775190407
-148.5000000000,69.5000000000,0.0502423847,0.2660248871,0.6837327282
-147.5000000000,69.5000000000,0.0588684252,0.2759601835,0.6651713912
-146.5000000000,69.5000000000,0.0744090264,0.2874331581,0.6381578156
-145.5000000000,69.5000000000,0.1097738476,0.3151165301,0.5751096224
-144.5000000000,69.5000000000,0.1104621211,0.3329170013,0.5566208776
-143.5000000000,69.5000000000,0.1154183426,0.3457315749,0.5388500825
-142.5000000000,69.5000000000,0.1220187107,0.3449761448,0.5330051446
-141.5000000000,69.5000000000,0.1016463505,0.3274772321,0.5708764174
-140.5000000000,69.5000000000,0.0878514530,0.3090461476,0.6031023994
-139.5000000000,69.5000000000,0.0721615710,0.3019321297,0.6259062992
-132.5000000000,69.5000000000,0.1193018457,0.5254260850,0.3552720694
-131.5000000000,69.5000000000,0.1291344037,0.5391862344,0.3316793620
-130.5000000000,69.5000000000,0.1360225301,0.5423744235,0.3216030464
-129.5000000000,69.5000000000,0.1474091331,0.5395486301,0.3130422368
-128.5000000000,69.5000000000,0.1559839361,0.5376648061,0.3063512578
-127.5000000000,69.5000000000,0.1742259618,0.5330155241,0.2927585141
-126.5000000000,69.5000000000,0.1957776707,0.5209882612,0.2832340680
-125.5000000000,69.5000000000,0.1908711231,0.5135731600,0.2955557169
-124.5000000000,69.5000000000,0.1942890571,0.4971991519,0.3085117910
-122.5000000000,69.5000000000,0.2080111833,0.4252264330,0.3667623837
-121.5000000000,69.5000000000,0.1956739932,0.3712050710,0.4331209357
-116.5000000000,69.5000000000,0.0878706359,0.3323183599,0.5798110042
-115.5000000000,69.5000000000,0.0850979443,0.3260994752,0.5888025805
-114.5000000000,69.5000000000,0.0841252342,0.3064081338,0.6094666320
-113.5000000000,69.5000000000,0.0882076994,0.2846508254,0.6271414752
-112.5000000000,69.5000000000,0.0929464024,0.2623831421,0.6446704555
-111.5000000000,69.5000000000,0.0925616848,0.2600478282,0.6473904871
-110.5000000000,69.5000000000,0.0930320243,0.2639947838,0.6429731919
-109.5000000000,69.5000000000,0.0896687553,0.2691603922,0.6411708525
-108.5000000000,69.5000000000,0.0864117915,0.2716685298,0.6419196787
-107.5000000000,69.5000000000,0.0803072281,0.2690793878,0.6506133841
-106.5000000000,69.5000000000,0.0732995826,0.2650613035,0.6616391139
-105.5000000000,69.5000000000,0.0682331065,0.2567146112,0.6750522823
-104.5000000000,69.5000000000,0.0636092527,0.2469953559,0.6893953914
-103.5000000000,69.5000000000,0.0604587812,0.2373370701,0.7022041487
-97.5000000000,69.5000000000,0.0634368697,0.2458594026,0.6907037277
-96.5000000000,69.5000000000,0.0638523212,0.2559965891,0.6801510897
-95.5000000000,69.5000000000,0.0603019257,0.2568134297,0.6828846446
-92.5000000000,69.5000000000,0.0485513755,0.2107398766,0.7407087478
-91.5000000000,69.5000000000,0.0438194020,0.2025378581,0.7536427399
-90.5000000000,69.5000000000,0.0472689710,0.2182568659,0.7344741632
-85.5000000000,69.5000000000,0.0729105806,0.3812039993,0.5458854201
-84.5000000000,69.5000000000,0.0855624210,0.4142778377,0.5001597413
-83.5000000000,69.5000000000,0.0841165262,0.4358434868,0.4800399870
-82.5000000000,69.5000000000,0.0796587971,0.4504438877,0.4698973152
-76.5000000000,69.5000000000,0.0580933222,0.4023871003,0.5395195776
-75.5000000000,69.5000000000,0.0536982968,0.3831459999,0.5631557033
-74.5000000000,69.5000000000,0.0533485984,0.3633737388,0.5832776628
-73.5000000000,69.5000000000,0.0490247749,0.3420532180,0.6089220071
-72.5000000000,69.5000000000,0.0417963446,0.3125859839,0.6456176715
-71.5000000000,69.5000000000,0.0380569834,0.2936245774,0.6683184393
-70.5000000000,69.5000000000,0.0306727247,0.2736936303,0.6956336449
-69.5000000000,69.5000000000,0.0346075626,0.2652748507,0.7001175866
-68.5000000000,69.5000000000,0.0348194300,0.2570046526,0.7081759174
-165.5000000000,68.5000000000,0.0492389600,0.2658198508,0.6849411891
-164.5000000000,68.5000000000,0.0492059029,0.2680833335,0.6827107637
-163.5000000000,68.5000000000,0.0569470854,0.2776317778,0.6654211368
-162.5000000000,68.5000000000,0.0602131763,0.2804349033,0.6593519204
-161.5000000000,68.5000000000,0.0565452338,0.2789137674,0.6645409988
-160.5000000000,68.5000000000,0.0608079695,0.2681737361,0.6710182944
-159.5000000000,68.5000000000,0.0559614550,0.2553438246,0.6886947203
-158.5000000000,68.5000000000,0.0600542263,0.2528920462,0.6870537275
-157.5000000000,68.5000000000,0.0649473786,0.2594754160,0.6755772053
-156.5000000000,68.5000000000,0.0641891580,0.2800947204,0.6557161216
-155.5000000000,68.5000000000,0.0794931718,0.3215836436,0.5989231846
-154.5000000000,68.5000000000,0.0986847783,0.3704797610,0.5308354607
-153.5000000000,68.5000000000,0.1149670341,0.4054242782,0.4796086878
-152.5000000000,68.5000000000,0.1247638860,0.4301960516,0.4450400624
-151.5000000000,68.5000000000,0.1220787461,0.4304728641,0.4474483899
-150.5000000000,68.5000000000,0.1067144462,0.4073799506,0.4859056032
-149.5000000000,68.5000000000,0.0812231742,0.3514665734,0.5673102524
-148.5000000000,68.5000000000,0.0987360646,0.3552858007,0.5459781347
-147.5000000000,68.5000000000,0.1183428300,0.3594823432,0.5221748268
-146.5000000000,68.5000000000,0.1176846372,0.3571651696,0.5251501932
-145.5000000000,68.5000000000,0.1395285497,0.3774830156,0.4829884347
-144.5000000000,68.5000000000,0.1701752177,0.3976902620,0.4321345203
-143.5000000000,68.5000000000,0.1900107847,0.4040368112,0.4059524041
-142.5000000000,68.5000000000,0.1643444612,0.3960841978,0.4395713411
-141.5000000000,68.5000000000,0.1389817026,0.3678251111,0.4931931863
-140.5000000000,68.5000000000,0.1099230503,0.3308905589,0.5591863908
-139.5000000000,68.5000000000,0.0958132624,0.3201970545,0.5839896831
-138.5000000000,68.5000000000,0.0961192017,0.3436320800,0.5602487183
-137.5000000000,68.5000000000,0.0987604507,0.3923513309,0.5088882185
-136.5000000000,68.5000000000,0.1074088960,0.4513571500,0.4412339540
-135.5000000000,68.5000000000,0.1180252088,0.5002861478,0.3816886434
-134.5000000000,68.5000000000,0.1365279905,0.5299200063,0.3335520032
-133.5000000000,68.5000000000,0.1572374221,0.5437632067,0.2989993711
-132.5000000000,68.5000000000,0.1641298150,0.5566404428,0.2792297421
-131.5000000000,68.5000000000,0.1705566676,0.5538068491,0.2756364833
-130.5000000000,68.5000000000,0.1670689900,0.5499042180,0.2830267921
-129.5000000000,68.5000000000,0.1738518545,0.5383556653,0.2877924802
-128.5000000000,68.5000000000,0.1828427519,0.5273674631,0.2897897850
-127.5000000000,68.5000000000,0.1997263931,0.5169944682,0.2832791387
-126.5000000000,68.5000000000,0.2186272564,0.5030370250,0.2783357186
-125.5000000000,68.5000000000,0.2359550612,0.4875225116,0.2765224272
-124.5000000000,68.5000000000,0.2473755621,0.4677360201,0.2848884177
-123.5000000000,68.5000000000,0.2544520716,0.4394281362,0.3061197922
-122.5000000000,68.5000000000,0.2492474504,0.4080316665,0.3427208831
-121.5000000000,68.5000000000,0.2504927515,0.3720172448,0.3774900037
-120.5000000000,68.5000000000,0.2178156843,0.3581371482,0.4240471675
-119.5000000000,68.5000000000,0.1864518986,0.3578046575,0.4557434439
-118.5000000000,68.5000000000,0.1511815573,0.3698925387,0.4789259040
-117.5000000000,68.5000000000,0.1287933492,0.3782530997,0.4929535510
-116.5000000000,68.5000000000,0.1127659879,0.3844560704,0.5027779417
-115.5000000000,68.5000000000,0.0999420377,0.3812225656,0.5188353967
-114.5000000000,68.5000000000,0.0993011190,0.3599739190,0.5407249620
-112.5000000000,68.5000000000,0.1048054410,0.3071826704,0.5880118886
-107.5000000000,68.5000000000,0.0851888043,0.2831500674,0.6316611283
-105.5000000000,68.5000000000,0.0703258101,0.2574259626,0.6722482273
-104.5000000000,68.5000000000,0.0624577121,0.2420422594,0.6955000286
-97.5000000000,68.5000000000,0.0619073533,0.2262708856,0.7118217610
-96.5000000000,68.5000000000,0.0637598635,0.2359495419,0.7002905946
-93.5000000000,68.5000000000,0.0494925718,0.2002341387,0.7502732895
-92.5000000000,68.5000000000,0.0471720750,0.1878990106,0.7649289144
-91.5000000000,68.5000000000,0.0458495899,0.1801933067,0.7739571034
-89.5000000000,68.5000000000,0.0549985975,0.2280264148,0.7169749877
-88.5000000000,68.5000000000,0.0635988445,0.2624865280,0.6739146275
-85.5000000000,68.5000000000,0.0846849806,0.3573004593,0.5580145601
-84.5000000000,68.5000000000,0.0904631070,0.3837867349,0.5257501581
-83.5000000000,68.5000000000,0.0922927852,0.4030356091,0.5046716058
-73.5000000000,68.5000000000,0.0444856767,0.3157327042,0.6397816191
-72.5000000000,68.5000000000,0.0411794617,0.2934470796,0.6653734588
-71.5000000000,68.5000000000,0.0378082777,0.2731260597,0.6890656626
-70.5000000000,68.5000000000,0.0355188138,0.2552537080,0.7092274782
-69.5000000000,68.5000000000,0.0341811381,0.2399647223,0.7258541396
-68.5000000000,68.5000000000,0.0282392947,0.2215899808,0.7501707245
-163.5000000000,67.5000000000,0.0508069528,0.2926118008,0.6565812464
-162.5000000000,67.5000000000,0.0483777310,0.2952263279,0.6563959411
-161.5000000000,67.5000000000,0.0578210176,0.3056068062,0.6365721762
-160.5000000000,67.5000000000,0.0573942524,0.3075560574,0.6350496903
-159.5000000000,67.5000000000,0.0607035158,0.3098048832,0.6294916010
-158.5000000000,67.5000000000,0.0686075326,0.3200112952,0.6113811721
-157.5000000000,67.5000000000,0.0805612443,0.3440624701,0.5753762856
-156.5000000000,67.5000000000,0.1075715944,0.3893552323,0.5030731733
-155.5000000000,67.5000000000,0.1458862622,0.4387476976,0.4153660401
-154.5000000000,67.5000000000,0.1843341095,0.4731184310,0.3425474595
-153.5000000000,67.5000000000,0.1759744104,0.4947746497,0.3292509399
-152.5000000000,67.5000000000,0.2000083037,0.5053829140,0.2946087823
-151.5000000000,67.5000000000,0.1811855605,0.5106444251,0.3081700145
-150.5000000000,67.5000000000,0.1557629877,0.5124902322,0.3317467800
-149.5000000000,67.5000000000,0.1329212541,0.4785726067,0.3885061392
-148.5000000000,67.5000000000,0.1141469852,0.4584137684,0.4274392464
-147.5000000000,67.5000000000,0.1245455477,0.4547307748,0.4207236775
-146.5000000000,67.5000000000,0.1262563135,0.4603230416,0.4134206449
-145.5000000000,67.5000000000,0.1518016855,0.4776680211,0.3705302934
-144.5000000000,67.5000000000,0.1739564546,0.4786526266,0.3473909187
-143.5000000000,67.5000000000,0.1921781530,0.4681829304,0.3396389166
-142.5000000000,67.5000000000,0.1863261843,0.4522827853,0.3613910304
-141.5000000000,67.5000000000,0.1545272658,0.4052120221,0.4402607121
-140.5000000000,67.5000000000,0.1223456235,0.3568902472,0.5207641293
-139.5000000000,67.5000000000,0.1041727972,0.3430418903,0.5527853125
-138.5000000000,67.5000000000,0.1028861654,0.3741690788,0.5229447558
-137.5000000000,67.5000000000,0.1195662304,0.4305372265,0.4498965431
-136.5000000000,67.5000000000,0.1543632862,0.4902703242,0.3553663895
-135.5000000000,67.5000000000,0.1520279235,0.5399921143,0.3079799622
-134.5000000000,67.5000000000,0.1605095328,0.5617685949,0.2777218724
-133.5000000000,67.5000000000,0.1887505584,0.5671193069,0.2441301347
-132.5000000000,67.5000000000,0.2125939511,0.5681087558,0.2192972931
-131.5000000000,67.5000000000,0.1971820621,0.5606215777,0.2421963602
-130.5000000000,67.5000000000,0.1969412406,0.5456122561,0.2574465033
-129.5000000000,67.5000000000,0.1953286051,0.5276001175,0.2770712774
-128.5000000000,67.5000000000,0.2066539838,0.5100714275,0.2832745886
-127.5000000000,67.5000000000,0.2258890755,0.4969216902,0.2771892343
-126.5000000000,67.5000000000,0.2552700663,0.4843375911,0.2603923425
-125.5000000000,67.5000000000,0.2709998148,0.4682786739,0.2607215113
-124.5000000000,67.5000000000,0.2843584556,0.4474000943,0.2682414501
-123.5000000000,67.5000000000,0.2866624206,0.4271243051,0.2862132743
-122.5000000000,67.5000000000,0.2818302855,0.4046153514,0.3135543631
-121.5000000000,67.5000000000,0.2733418894,0.3816666612,0.3449914495
-120.5000000000,67.5000000000,0.2460810392,0.3756041863,0.3783147745
-119.5000000000,67.5000000000,0.2216410197,0.3825501563,0.3958088240
-118.5000000000,67.5000000000,0.2021370952,0.3983779306,0.3994849741
-117.5000000000,67.5000000000,0.1691630892,0.4145602327,0.4162766781
-116.5000000000,67.5000000000,0.1484192688,0.4298125819,0.4217681493
-115.5000000000,67.5000000000,0.1292423088,0.4351783300,0.4355793613
-114.5000000000,67.5000000000,0.1402423641,0.4154505251,0.4443071108
-113.5000000000,67.5000000000,0.1486556968,0.3891088082,0.4622354951
-112.5000000000,67.5000000000,0.1501488399,0.3659119870,0.4839391731
-111.5000000000,67.5000000000,0.1419901397,0.3518826635,0.5061271968
-110.5000000000,67.5000000000,0.1354215417,0.3422343141,0.5223441442
-109.5000000000,67.5000000000,0.1226017295,0.3354522602,0.5419460103
-107.5000000000,67.5000000000,0.0980098439,0.3046143789,0.5973757771
-106.5000000000,67.5000000000,0.0878455539,0.2869416860,0.6252127601
-105.5000000000,67.5000000000,0.0767250950,0.2667105963,0.6565643087
-104.5000000000,67.5000000000,0.0670745802,0.2465362482,0.6863891716
-103.5000000000,67.5000000000,0.0613331579,0.2272478786,0.7114189635
-102.5000000000,67.5000000000,0.0576332161,0.2080352534,0.7343315305
-101.5000000000,67.5000000000,0.0549362018,0.1948917961,0.7501720021
-100.5000000000,67.5000000000,0.0554788202,0.1887440045,0.7557771753
-99.5000000000,67.5000000000,0.0576510529,0.1889554787,0.7533934685
-98.5000000000,67.5000000000,0.0614241556,0.1967698925,0.7418059519
-97.5000000000,67.5000000000,0.0639943495,0.2070505762,0.7289550744
-96.5000000000,67.5000000000,0.0645111942,0.2148432109,0.7206455949
-94.5000000000,67.5000000000,0.0640516785,0.2065270587,0.7294212628
-93.5000000000,67.5000000000,0.0580092026,0.1935664713,0.7484243261
-92.5000000000,67.5000000000,0.0574018511,0.1850443124,0.7575538365
-91.5000000000,67.5000000000,0.0522960452,0.1800386843,0.7676652705
-90.5000000000,67.5000000000,0.0597783975,0.1985452677,0.7416763349
-89.5000000000,67.5000000000,0.0656363029,0.2225154706,0.7118482265
-88.5000000000,67.5000000000,0.0765181648,0.2515003660,0.6719814691
-85.5000000000,67.5000000000,0.0967409340,0.3356101061,0.5676489599
-84.5000000000,67.5000000000,0.0994117853,0.3561142482,0.5444739665
-83.5000000000,67.5000000000,0.1005385277,0.3726997896,0.5267616826
-82.5000000000,67.5000000000,0.0992107435,0.3860474426,0.5147418139
-81.5000000000,67.5000000000,0.0922678596,0.3874202576,0.5203118828
-76.5000000000,67.5000000000,0.0631570231,0.3457539375,0.5910890395
-75.5000000000,67.5000000000,0.0569931987,0.3291619696,0.6138448317
-71.5000000000,67.5000000000,0.0376308069,0.2532787710,0.7090904221
-70.5000000000,67.5000000000,0.0352818945,0.2346592731,0.7300588324
-69.5000000000,67.5000000000,0.0347762767,0.2180925602,0.7471311631
-68.5000000000,67.5000000000,0.0356834436,0.2059351485,0.7583814078
-67.5000000000,67.5000000000,0.0424563336,0.2020007218,0.7555429445
-66.5000000000,67.5000000000,0.0578789915,0.2070494792,0.7350715293
-65.5000000000,67.5000000000,0.0634834358,0.2133223572,0.7231942071
-64.5000000000,67.5000000000,0.0621331003,0.2193806997,0.7184862000
-164.5000000000,66.5000000000,0.0499366735,0.3042975568,0.6457657697
-160.5000000000,66.5000000000,0.0544139887,0.3445663013,0.6010197100
-159.5000000000,66.5000000000,0.0589734125,0.3556474696,0.5853791179
-158.5000000000,66.5000000000,0.0673332705,0.3772612461,0.5554054834
-157.5000000000,66.5000000000,0.0848097285,0.4126675170,0.5025227545
-156.5000000000,66.5000000000,0.1180172721,0.4621325588,0.4198501691
-155.5000000000,66.5000000000,0.1423439691,0.5063012345,0.3513547964
-154.5000000000,66.5000000000,0.1755540270,0.5272937636,0.2971522095
-153.5000000000,66.5000000000,0.1904095490,0.5394840753,0.2701063758
-152.5000000000,66.5000000000,0.2050532340,0.5435223344,0.2514244316
-151.5000000000,66.5000000000,0.2104406480,0.5390422436,0.2505171084
-150.5000000000,66.5000000000,0.2077732257,0.5416767033,0.2505500710
-149.5000000000,66.5000000000,0.1751507363,0.5388448398,0.2860044239
-148.5000000000,66.5000000000,0.1421804423,0.5353268282,0.3224927295
-147.5000000000,66.5000000000,0.1357246698,0.5372458539,0.3270294763
-146.5000000000,66.5000000000,0.1378743395,0.5466139358,0.3155117247
-145.5000000000,66.5000000000,0.1568398664,0.5634809063,0.2796792273
-144.5000000000,66.5000000000,0.1842732370,0.5391458972,0.2765808658
-143.5000000000,66.5000000000,0.2136848566,0.5061377345,0.2801774089
-142.5000000000,66.5000000000,0.2047380588,0.4807055557,0.3145563855
-141.5000000000,66.5000000000,0.1861318501,0.4408635393,0.3730046106
-140.5000000000,66.5000000000,0.1607617914,0.4057752727,0.4334629359
-139.5000000000,66.5000000000,0.1390534681,0.3991999049,0.4617466270
-138.5000000000,66.5000000000,0.1241074995,0.4236244181,0.4522680824
-137.5000000000,66.5000000000,0.1324218494,0.4685600996,0.3990180510
-136.5000000000,66.5000000000,0.1597059213,0.5236201242,0.3166739546
-135.5000000000,66.5000000000,0.1792000286,0.5666372160,0.2541627554
-134.5000000000,66.5000000000,0.1993366318,0.5706600064,0.2300033618
-133.5000000000,66.5000000000,0.2058561593,0.5727287288,0.2214151119
-132.5000000000,66.5000000000,0.2244683642,0.5637806366,0.2117509992
-131.5000000000,66.5000000000,0.2193007242,0.5515289610,0.2291703148
-130.5000000000,66.5000000000,0.2062610070,0.5355140771,0.2582249160
-129.5000000000,66.5000000000,0.2040993575,0.5136198155,0.2822808270
-128.5000000000,66.5000000000,0.2099185189,0.4906123343,0.2994691467
-127.5000000000,66.5000000000,0.2345008506,0.4784546180,0.2870445314
-126.5000000000,66.5000000000,0.2815377448,0.4669943735,0.2514678817
-125.5000000000,66.5000000000,0.3130760779,0.4455289949,0.2413949272
-124.5000000000,66.5000000000,0.3197298220,0.4286924038,0.2515777741
-123.5000000000,66.5000000000,0.3191058850,0.4134264514,0.2674676637
-122.5000000000,66.5000000000,0.3014624597,0.4024104226,0.2961271177
-121.5000000000,66.5000000000,0.2901945977,0.3921423012,0.3176631011
-120.5000000000,66.5000000000,0.2764473439,0.3919790742,0.3315735819
-119.5000000000,66.5000000000,0.2751267649,0.3966031357,0.3282700994
-118.5000000000,66.5000000000,0.2539228361,0.4135129766,0.3325641873
-117.5000000000,66.5000000000,0.2232156035,0.4361926168,0.3405917796
-116.5000000000,66.5000000000,0.2151604433,0.4497398773,0.3350996794
-115.5000000000,66.5000000000,0.2107548277,0.4563383787,0.3329067936
-114.5000000000,66.5000000000,0.2105636889,0.4452808625,0.3441554485
-113.5000000000,66.5000000000,0.2082613622,0.4288831721,0.3628554657
-112.5000000000,66.5000000000,0.2032143653,0.4114828002,0.3853028345
-111.5000000000,66.5000000000,0.1912785808,0.3985490263,0.4101723929
-110.5000000000,66.5000000000,0.1736804259,0.3893498386,0.4369697355
-109.5000000000,66.5000000000,0.1552755267,0.3774782297,0.4672462436
-108.5000000000,66.5000000000,0.1469252946,0.3584521690,0.4946225364
-107.5000000000,66.5000000000,0.1140521886,0.3331326615,0.5528151499
-106.5000000000,66.5000000000,0.1055336816,0.3062911156,0.5881752028
-105.5000000000,66.5000000000,0.0921989345,0.2808273307,0.6269737348
-104.5000000000,66.5000000000,0.0782009589,0.2538279102,0.6679711309
-103.5000000000,66.5000000000,0.0717022627,0.2282731651,0.7000245723
-102.5000000000,66.5000000000,0.0652755488,0.2045081317,0.7302163195
-101.5000000000,66.5000000000,0.0608301120,0.1843275258,0.7548423623
-100.5000000000,66.5000000000,0.0598581851,0.1727083461,0.7674334688
-99.5000000000,66.5000000000,0.0619536233,0.1737266710,0.7643197057
-98.5000000000,66.5000000000,0.0670781713,0.1838701643,0.7490516645
-97.5000000000,66.5000000000,0.0723856423,0.1939076246,0.7337067331
-96.5000000000,66.5000000000,0.0748750533,0.2003682653,0.7247566814
-95.5000000000,66.5000000000,0.0754441533,0.2026941309,0.7218617158
-94.5000000000,66.5000000000,0.0789241394,0.2021226590,0.7189532016
-93.5000000000,66.5000000000,0.0734993630,0.1923972755,0.7341033615
-92.5000000000,66.5000000000,0.0701924726,0.1891451396,0.7406623879
-91.5000000000,66.5000000000,0.0661556695,0.1872426322,0.7466016983
-90.5000000000,66.5000000000,0.0754626843,0.2022771800,0.7222601357
-89.5000000000,66.5000000000,0.0781805620,0.2209717436,0.7008476944
-88.5000000000,66.5000000000,0.0881183843,0.2429739872,0.6689076284
-87.5000000000,66.5000000000,0.0909894719,0.2673779839,0.6416325443
-84.5000000000,66.5000000000,0.1066051779,0.3373526363,0.5560421859
-83.5000000000,66.5000000000,0.1055879089,0.3502463355,0.5441657556
-73.5000000000,66.5000000000,0.0491546776,0.2770732109,0.6737721114
-72.5000000000,66.5000000000,0.0449164786,0.2566463850,0.6984371364
-71.5000000000,66.5000000000,0.0411794775,0.2391046258,0.7197158967
-70.5000000000,66.5000000000,0.0364707479,0.2159714802,0.7475577718
-69.5000000000,66.5000000000,0.0332154665,0.1988494192,0.7679351143
-68.5000000000,66.5000000000,0.0332183526,0.1817097174,0.7850719300
-67.5000000000,66.5000000000,0.0347471603,0.1738385458,0.7914142939
-66.5000000000,66.5000000000,0.0440685750,0.1776587872,0.7782726379
-65.5000000000,66.5000000000,0.0490123446,0.1855084861,0.7654791693
-64.5000000000,66.5000000000,0.0864685519,0.2125039905,0.7010274576
-63.5000000000,66.5000000000,0.1050667324,0.2338874216,0.6610458460
-62.5000000000,66.5000000000,0.1239585843,0.2525077156,0.6235337001
-167.5000000000,65.5000000000,0.0499695418,0.2739438611,0.6760865971
-166.5000000000,65.5000000000,0.0497981832,0.2874865475,0.6627152692
-165.5000000000,65.5000000000,0.0550470627,0.3086400690,0.6363128683
-164.5000000000,65.5000000000,0.0568596217,0.3266399027,0.6165004756
-163.5000000000,65.5000000000,0.0580999764,0.3407556559,0.6011443678
-162.5000000000,65.5000000000,0.0557895417,0.3490157924,0.5951946660
-161.5000000000,65.5000000000,0.0633189016,0.3725891617,0.5640919368
-160.5000000000,65.5000000000,0.0667129245,0.3908504968,0.5424365787
-159.5000000000,65.5000000000,0.0729145776,0.4096973496,0.5173880728
-158.5000000000,65.5000000000,0.0821752736,0.4319567495,0.4858679769
-157.5000000000,65.5000000000,0.0907302007,0.4617166959,0.4475531034
-156.5000000000,65.5000000000,0.1175048671,0.5043011261,0.3781940068
-155.5000000000,65.5000000000,0.1560872384,0.5337374459,0.3101753156
-154.5000000000,65.5000000000,0.1969690520,0.5454446089,0.2575863391
-153.5000000000,65.5000000000,0.2285271502,0.5463764511,0.2250963987
-152.5000000000,65.5000000000,0.2624442531,0.5362356333,0.2013201136
-151.5000000000,65.5000000000,0.2675882513,0.5338367909,0.1985749578
-150.5000000000,65.5000000000,0.2300728895,0.5540012693,0.2159258412
-149.5000000000,65.5000000000,0.2074123476,0.5619142342,0.2306734182
