Lon,Lat,C_LonLatElev,B_LonLatElev,U_LonLatElev
-112.5000000000,78.5000000000,0.0469145426,0.2530401947,0.7000452626
-111.5000000000,78.5000000000,0.0471555320,0.2610276806,0.6918167875
-110.5000000000,78.5000000000,0.0477786155,0.2672592642,0.6849621203
-109.5000000000,78.5000000000,0.0473178217,0.2754957272,0.6771864511
-104.5000000000,78.5000000000,0.0485934887,0.2935515381,0.6578549732
-103.5000000000,78.5000000000,0.0502239107,0.2919986072,0.6577774821
-102.5000000000,78.5000000000,0.0524575845,0.2918768143,0.6556656012
-101.5000000000,78.5000000000,0.0544340116,0.2875653591,0.6580006293
-100.5000000000,78.5000000000,0.0555100257,0.2864173393,0.6580726351
-97.5000000000,78.5000000000,0.0617269442,0.3180933719,0.6201796838
-96.5000000000,78.5000000000,0.0634427279,0.3520113767,0.5845458954
-95.5000000000,78.5000000000,0.0671345938,0.3803679922,0.5524974140
-92.5000000000,78.5000000000,0.0790978536,0.4216489345,0.4992532119
-91.5000000000,78.5000000000,0.1020858505,0.4057760377,0.4921381118
-90.5000000000,78.5000000000,0.1109497214,0.4027248452,0.4863254335
-89.5000000000,78.5000000000,0.1010432989,0.4081813961,0.4907753050
-86.5000000000,78.5000000000,0.0870610618,0.3835961530,0.5293427852
-85.5000000000,78.5000000000,0.0869027303,0.3688353768,0.5442618929
-84.5000000000,78.5000000000,0.0847896463,0.3572204969,0.5579898568
-83.5000000000,78.5000000000,0.0853945250,0.3405426847,0.5740627903
-82.5000000000,78.5000000000,0.0708832488,0.3363477290,0.5927690222
-81.5000000000,78.5000000000,0.0716500069,0.3144195030,0.6139304902
-80.5000000000,78.5000000000,0.0787059616,0.2899810677,0.6313129707
-79.5000000000,78.5000000000,0.0888995303,0.2648431740,0.6462572957
-78.5000000000,78.5000000000,0.0649672801,0.2681873294,0.6668453905
-77.5000000000,78.5000000000,0.0542658147,0.2601849469,0.6855492384
-116.5000000000,77.5000000000,0.0584573269,0.2393037925,0.7022388806
-112.5000000000,77.5000000000,0.0477325404,0.2518072788,0.7004601808
-111.5000000000,77.5000000000,0.0478200251,0.2599443087,0.6922356662
-110.5000000000,77.5000000000,0.0476079689,0.2671134803,0.6852785508
-105.5000000000,77.5000000000,0.0480563407,0.2889456698,0.6629979895
-95.5000000000,77.5000000000,0.0668260807,0.3803251463,0.5528487730
-94.5000000000,77.5000000000,0.0711931266,0.3993045746,0.5295022988
-93.5000000000,77.5000000000,0.0749545825,0.4133893413,0.5116560763
-90.5000000000,77.5000000000,0.0848964239,0.4273565960,0.4877469802
-87.5000000000,77.5000000000,0.0820897050,0.4044965374,0.5134137575
-86.5000000000,77.5000000000,0.0867740330,0.3834926204,0.5297333465
-82.5000000000,77.5000000000,0.0745430452,0.3323340082,0.5931229466
-81.5000000000,77.5000000000,0.0623194366,0.3235437105,0.6141368528
-80.5000000000,77.5000000000,0.0730243206,0.2946968643,0.6322788151
-79.5000000000,77.5000000000,0.0644479644,0.2854015970,0.6501504386
-78.5000000000,77.5000000000,0.0548525679,0.2778557604,0.6672916717
-120.5000000000,76.5000000000,0.0650593285,0.2392142571,0.6957264144
-119.5000000000,76.5000000000,0.0630806708,0.2298596879,0.7070596413
-117.5000000000,76.5000000000,0.0637810083,0.2325897708,0.7036292209
-109.5000000000,76.5000000000,0.0484160302,0.2735326359,0.6780513339
-104.5000000000,76.5000000000,0.0493203075,0.2919744344,0.6587052581
-103.5000000000,76.5000000000,0.0509579604,0.2904381664,0.6586038732
-100.5000000000,76.5000000000,0.0577783295,0.2833224492,0.6588992213
-99.5000000000,76.5000000000,0.0596496198,0.2811056502,0.6592447299
-98.5000000000,76.5000000000,0.0623985715,0.2882566579,0.6493447705
-95.5000000000,76.5000000000,0.0702229941,0.3761874442,0.5535895617
-94.5000000000,76.5000000000,0.0777956750,0.3918092949,0.5303950302
-93.5000000000,76.5000000000,0.0760142625,0.4118427227,0.5121430148
-92.5000000000,76.5000000000,0.0843792917,0.4153161364,0.5003045719
-90.5000000000,76.5000000000,0.0845171134,0.4273632000,0.4881196866
-88.5000000000,76.5000000000,0.0856706581,0.4143956067,0.4999337352
-86.5000000000,76.5000000000,0.0837824084,0.3860570088,0.5301605829
-85.5000000000,76.5000000000,0.0908348693,0.3643849844,0.5447801462
-84.5000000000,76.5000000000,0.0813802485,0.3597398228,0.5588799287
-83.5000000000,76.5000000000,0.0832249505,0.3418070936,0.5749679559
-82.5000000000,76.5000000000,0.0912489592,0.3167993139,0.5919517269
-81.5000000000,76.5000000000,0.0693067800,0.3159817499,0.6147114701
-80.5000000000,76.5000000000,0.0627253528,0.3043314805,0.6329431667
-79.5000000000,76.5000000000,0.0711242635,0.2788249274,0.6500508091
-78.5000000000,76.5000000000,0.0573778919,0.2748812257,0.6677408824
-115.5000000000,75.5000000000,0.0605115731,0.2391135947,0.7003748322
-114.5000000000,75.5000000000,0.0611943997,0.2371352949,0.7016703053
-113.5000000000,75.5000000000,0.0589679442,0.2393377876,0.7016942682
-112.5000000000,75.5000000000,0.0543532495,0.2443081733,0.7013385772
-111.5000000000,75.5000000000,0.0495482332,0.2573749144,0.6930768524
-110.5000000000,75.5000000000,0.0493626875,0.2644631850,0.6861741274
-109.5000000000,75.5000000000,0.0489664830,0.2725606292,0.6784728878
-108.5000000000,75.5000000000,0.0490322833,0.2798231131,0.6711446036
-107.5000000000,75.5000000000,0.0503196658,0.2813760607,0.6683042735
-106.5000000000,75.5000000000,0.0492940002,0.2832854335,0.6674205663
-99.5000000000,75.5000000000,0.0591192057,0.2812954520,0.6595853423
-98.5000000000,75.5000000000,0.0614375242,0.2888686542,0.6496938215
-95.5000000000,75.5000000000,0.0683872296,0.3778092065,0.5538035639
-94.5000000000,75.5000000000,0.0759565200,0.3933579207,0.5306855593
-91.5000000000,75.5000000000,0.0875397135,0.4187307549,0.4937295316
-90.5000000000,75.5000000000,0.0941674354,0.4172326476,0.4885999170
-89.5000000000,75.5000000000,0.0946785643,0.4130976748,0.4922237610
-88.5000000000,75.5000000000,0.0917762470,0.4079057958,0.5003179572
-85.5000000000,75.5000000000,0.0890939762,0.3656276269,0.5452783969
-84.5000000000,75.5000000000,0.0882219171,0.3528825781,0.5588955049
-83.5000000000,75.5000000000,0.1040216661,0.3234638379,0.5725144960
-82.5000000000,75.5000000000,0.1058061578,0.3047181547,0.5894756875
-81.5000000000,75.5000000000,0.0786913638,0.3067682701,0.6145403661
-80.5000000000,75.5000000000,0.0688732043,0.2978753623,0.6332514334
-121.5000000000,74.5000000000,0.0794688096,0.2603181645,0.6602130259
-113.5000000000,74.5000000000,0.0545087200,0.2432167661,0.7022745139
-112.5000000000,74.5000000000,0.0523519954,0.2459730248,0.7016749798
-97.5000000000,74.5000000000,0.0635070159,0.3147469960,0.6217459881
-88.5000000000,74.5000000000,0.0866904275,0.4125834915,0.5007260810
-87.5000000000,74.5000000000,0.0950769058,0.3905622244,0.5143608698
-86.5000000000,74.5000000000,0.0869527315,0.3821696775,0.5308775910
-123.5000000000,73.5000000000,0.1119546814,0.3353863719,0.5526589467
-122.5000000000,73.5000000000,0.0987104106,0.2928279523,0.6084616371
-121.5000000000,73.5000000000,0.0814310098,0.2584312313,0.6601377589
-120.5000000000,73.5000000000,0.0691489389,0.2348692619,0.6959817993
-119.5000000000,73.5000000000,0.0653810186,0.2270202714,0.7075987100
-118.5000000000,73.5000000000,0.0677127219,0.2264486598,0.7058386183
-117.5000000000,73.5000000000,0.0673886287,0.2286765134,0.7039348579
-116.5000000000,73.5000000000,0.0640870900,0.2330876360,0.7028252740
-115.5000000000,73.5000000000,0.0604597621,0.2385255957,0.7010146421
-106.5000000000,73.5000000000,0.0507462703,0.2809257990,0.6683279307
-105.5000000000,73.5000000000,0.0520130726,0.2829745596,0.6650123678
-104.5000000000,73.5000000000,0.0511546139,0.2887802987,0.6600650873
-101.5000000000,73.5000000000,0.0556771647,0.2844662288,0.6598566066
-100.5000000000,73.5000000000,0.0601010596,0.2799090508,0.6599898896
-99.5000000000,73.5000000000,0.0598998369,0.2798115664,0.6602885968
-98.5000000000,73.5000000000,0.0639540921,0.2856699452,0.6503759627
-95.5000000000,73.5000000000,0.0736366462,0.3713904398,0.5549729140
-94.5000000000,73.5000000000,0.0813476820,0.3869936777,0.5316586403
-93.5000000000,73.5000000000,0.0868611653,0.3994144303,0.5137244044
-92.5000000000,73.5000000000,0.0910884102,0.4074093864,0.5015022034
-91.5000000000,73.5000000000,0.0921079677,0.4133930144,0.4944990180
-87.5000000000,73.5000000000,0.0925644603,0.3925616964,0.5148738434
-86.5000000000,73.5000000000,0.0924308399,0.3765680577,0.5310011024
-83.5000000000,73.5000000000,0.0822428594,0.3416082278,0.5761489128
-82.5000000000,73.5000000000,0.0783699448,0.3271880953,0.5944419599
-81.5000000000,73.5000000000,0.0686151632,0.3155720908,0.6158127459
-80.5000000000,73.5000000000,0.0749513470,0.2915407299,0.6335079232
-79.5000000000,73.5000000000,0.0719729069,0.2770363098,0.6509907833
-78.5000000000,73.5000000000,0.0578947029,0.2733250408,0.6687802564
-77.5000000000,73.5000000000,0.0567822996,0.2560011632,0.6872165372
-124.5000000000,72.5000000000,0.1370529886,0.3798547160,0.4830922954
-123.5000000000,72.5000000000,0.1213261432,0.3438338437,0.5348400132
-122.5000000000,72.5000000000,0.1067670410,0.3046132875,0.5886196715
-121.5000000000,72.5000000000,0.0914162285,0.2705008809,0.6380828906
-120.5000000000,72.5000000000,0.0795825565,0.2439386687,0.6764787747
-119.5000000000,72.5000000000,0.0745443668,0.2382367044,0.6872189288
-117.5000000000,72.5000000000,0.0731243425,0.2416819531,0.6851937043
-116.5000000000,72.5000000000,0.0729289722,0.2443295755,0.6827414522
-115.5000000000,72.5000000000,0.0679029543,0.2499317274,0.6821653184
-114.5000000000,72.5000000000,0.0612384472,0.2515148010,0.6872467518
-113.5000000000,72.5000000000,0.0589296145,0.2505144287,0.6905559568
-112.5000000000,72.5000000000,0.0577338571,0.2539270225,0.6883391204
-111.5000000000,72.5000000000,0.0534840131,0.2635862187,0.6829297682
-109.5000000000,72.5000000000,0.0575063444,0.2730001799,0.6694934758
-107.5000000000,72.5000000000,0.0530505377,0.2829918625,0.6639575998
-106.5000000000,72.5000000000,0.0528030538,0.2859992168,0.6611977294
-105.5000000000,72.5000000000,0.0519729182,0.2890434228,0.6589836589
-101.5000000000,72.5000000000,0.0580931346,0.2936574841,0.6482493814
-100.5000000000,72.5000000000,0.0597840113,0.2923559588,0.6478600299
-99.5000000000,72.5000000000,0.0617483298,0.2926450432,0.6456066270
-98.5000000000,72.5000000000,0.0649121270,0.3030207653,0.6320671078
-97.5000000000,72.5000000000,0.0675617113,0.3235877877,0.6088505010
-96.5000000000,72.5000000000,0.0728993501,0.3491147063,0.5779859436
-94.5000000000,72.5000000000,0.0830743957,0.3893510235,0.5275745808
-93.5000000000,72.5000000000,0.0813692500,0.4101595982,0.5084711518
-89.5000000000,72.5000000000,0.0923200637,0.4158063103,0.4918736260
-88.5000000000,72.5000000000,0.0927381872,0.4091319585,0.4981298543
-87.5000000000,72.5000000000,0.0950833143,0.3937466065,0.5111700792
-86.5000000000,72.5000000000,0.0903652442,0.3825421182,0.5270926376
-85.5000000000,72.5000000000,0.0857168090,0.3724189736,0.5418642174
-84.5000000000,72.5000000000,0.0881541058,0.3553981618,0.5564477324
-83.5000000000,72.5000000000,0.0842757000,0.3421762124,0.5735480876
-82.5000000000,72.5000000000,0.0851067093,0.3224363503,0.5924569404
-81.5000000000,72.5000000000,0.0756996624,0.3116313762,0.6126689614
-80.5000000000,72.5000000000,0.0622348854,0.3047926205,0.6329724942
-78.5000000000,72.5000000000,0.0544433486,0.2764769760,0.6690796754
-77.5000000000,72.5000000000,0.0576318026,0.2536990529,0.6886691446
-76.5000000000,72.5000000000,0.0553648755,0.2357575011,0.7088776235
-75.5000000000,72.5000000000,0.0428469652,0.2255338430,0.7316191918
-123.5000000000,71.5000000000,0.1464592606,0.3517010441,0.5018396953
-122.5000000000,71.5000000000,0.1339984886,0.3182613310,0.5477401804
-121.5000000000,71.5000000000,0.1101643889,0.2956920603,0.5941435509
-117.5000000000,71.5000000000,0.0886617845,0.2647761165,0.6465620990
-116.5000000000,71.5000000000,0.0857673590,0.2650111932,0.6492214479
-114.5000000000,71.5000000000,0.0768592218,0.2675081679,0.6556326103
-113.5000000000,71.5000000000,0.0749243269,0.2625279404,0.6625477328
-112.5000000000,71.5000000000,0.0673435322,0.2691841231,0.6634723447
-111.5000000000,71.5000000000,0.0649153072,0.2753370161,0.6597476766
-110.5000000000,71.5000000000,0.0645268057,0.2796522140,0.6558209803
-109.5000000000,71.5000000000,0.0615876228,0.2859949140,0.6524174632
-108.5000000000,71.5000000000,0.0570056226,0.2942617773,0.6487326001
-107.5000000000,71.5000000000,0.0550479818,0.2967555000,0.6481965182
-106.5000000000,71.5000000000,0.0548331220,0.3008887696,0.6442781083
-105.5000000000,71.5000000000,0.0561294900,0.3040497727,0.6398207373
-104.5000000000,71.5000000000,0.0548595313,0.3072400204,0.6379004483
-98.5000000000,71.5000000000,0.0680090572,0.3229256137,0.6090653291
-95.5000000000,71.5000000000,0.0811070545,0.3801722479,0.5387206977
-94.5000000000,71.5000000000,0.0852428436,0.3962194474,0.5185377090
-93.5000000000,71.5000000000,0.0854098836,0.4136280491,0.5009620673
-89.5000000000,71.5000000000,0.0950669154,0.4150749086,0.4898581761
-88.5000000000,71.5000000000,0.0976519222,0.4081090716,0.4942390062
-87.5000000000,71.5000000000,0.0940576665,0.4004103564,0.5055319771
-86.5000000000,71.5000000000,0.0936550574,0.3858948843,0.5204500583
-85.5000000000,71.5000000000,0.0859143868,0.3780547931,0.5360308201
-84.5000000000,71.5000000000,0.0834262227,0.3655004418,0.5510733355
-83.5000000000,71.5000000000,0.0822643779,0.3497812892,0.5679543330
-82.5000000000,71.5000000000,0.0810029041,0.3313093418,0.5876877541
-81.5000000000,71.5000000000,0.0750681167,0.3169699609,0.6079619224
-80.5000000000,71.5000000000,0.0701339993,0.2999954541,0.6298705465
-79.5000000000,71.5000000000,0.0722848001,0.2799369555,0.6477782444
-78.5000000000,71.5000000000,0.0670041562,0.2679828642,0.6650129795
-77.5000000000,71.5000000000,0.0636915738,0.2504478540,0.6858605722
-76.5000000000,71.5000000000,0.0560760494,0.2360966460,0.7078273047
-75.5000000000,71.5000000000,0.0465418132,0.2224211463,0.7310370405
-74.5000000000,71.5000000000,0.0477922892,0.2016137048,0.7505940060
-72.5000000000,71.5000000000,0.0308565073,0.1835231221,0.7856203706
-158.5000000000,70.5000000000,0.0262846504,0.2964757208,0.6772396288
-157.5000000000,70.5000000000,0.0290357883,0.3104552721,0.6605089396
-156.5000000000,70.5000000000,0.0333949799,0.3449323982,0.6216726219
-155.5000000000,70.5000000000,0.0389351444,0.3845144850,0.5765503706
-154.5000000000,70.5000000000,0.0442856302,0.4204868970,0.5352274728
-153.5000000000,70.5000000000,0.0488366666,0.4476037164,0.5035596170
-152.5000000000,70.5000000000,0.0525142658,0.4620406408,0.4854450933
-149.5000000000,70.5000000000,0.0607612729,0.4601835736,0.4790551535
-111.5000000000,70.5000000000,0.0727108205,0.3007930213,0.6264961583
-110.5000000000,70.5000000000,0.0715871122,0.3019208116,0.6264920762
-109.5000000000,70.5000000000,0.0661043955,0.3071570733,0.6267385312
-108.5000000000,70.5000000000,0.0640338871,0.3109850825,0.6249810305
-107.5000000000,70.5000000000,0.0611093909,0.3137744316,0.6251161774
-106.5000000000,70.5000000000,0.0615232190,0.3165048391,0.6219719419
-105.5000000000,70.5000000000,0.0599561541,0.3192196432,0.6208242027
-104.5000000000,70.5000000000,0.0593320847,0.3222813545,0.6183865608
-103.5000000000,70.5000000000,0.0605669677,0.3256629980,0.6137700343
-95.5000000000,70.5000000000,0.0883477810,0.3867313270,0.5249208920
-94.5000000000,70.5000000000,0.0948835734,0.3981903979,0.5069260287
-93.5000000000,70.5000000000,0.1021212674,0.4042073416,0.4936713910
-92.5000000000,70.5000000000,0.0957054050,0.4191597486,0.4851348464
-88.5000000000,70.5000000000,0.0966007082,0.4130343269,0.4903649649
-87.5000000000,70.5000000000,0.0969038766,0.4029986327,0.5000974907
-86.5000000000,70.5000000000,0.0967244271,0.3866691852,0.5166063877
-85.5000000000,70.5000000000,0.0966458365,0.3736077801,0.5297463834
-84.5000000000,70.5000000000,0.0889471975,0.3641299179,0.5469228846
-83.5000000000,70.5000000000,0.0855125949,0.3502569515,0.5642304537
-82.5000000000,70.5000000000,0.0803079027,0.3349356242,0.5847564730
-81.5000000000,70.5000000000,0.0728062720,0.3204522582,0.6067414698
-80.5000000000,70.5000000000,0.0680993148,0.3061900185,0.6257106667
-79.5000000000,70.5000000000,0.0612441314,0.2926256291,0.6461302395
-78.5000000000,70.5000000000,0.0615941807,0.2749761136,0.6634297057
-77.5000000000,70.5000000000,0.0591510853,0.2575490065,0.6832999082
-76.5000000000,70.5000000000,0.0549080301,0.2406659582,0.7044260116
-75.5000000000,70.5000000000,0.0495681980,0.2214893192,0.7289424829
-74.5000000000,70.5000000000,0.0450339509,0.2049891729,0.7499768762
-73.5000000000,70.5000000000,0.0393492914,0.1933787298,0.7672719789
-72.5000000000,70.5000000000,0.0360882371,0.1796071037,0.7843046593
-71.5000000000,70.5000000000,0.0392783751,0.1575790170,0.8031426079
-70.5000000000,70.5000000000,0.0251737182,0.1568725149,0.8179537669
-69.5000000000,70.5000000000,0.0224498815,0.1523119779,0.8252381406
-68.5000000000,70.5000000000,0.0197263891,0.1478375188,0.8324360921
-162.5000000000,69.5000000000,0.0224661307,0.2898999510,0.6876339183
-161.5000000000,69.5000000000,0.0242777226,0.3025870204,0.6731352570
-160.5000000000,69.5000000000,0.0263316414,0.3127214167,0.6609469419
-159.5000000000,69.5000000000,0.0276344878,0.3274612475,0.6449042647
-158.5000000000,69.5000000000,0.0304768631,0.3419009727,0.6276221642
-157.5000000000,69.5000000000,0.0340976386,0.3647762642,0.6011260973
-156.5000000000,69.5000000000,0.0389058521,0.4000344701,0.5610596779
-155.5000000000,69.5000000000,0.0455698227,0.4370789039,0.5173512733
-154.5000000000,69.5000000000,0.0514139049,0.4748129625,0.4737731326
-153.5000000000,69.5000000000,0.0575532773,0.5009554269,0.4414912958
-152.5000000000,69.5000000000,0.0625195001,0.5115477014,0.4259327985
-151.5000000000,69.5000000000,0.0631809191,0.5111280431,0.4256910378
-150.5000000000,69.5000000000,0.0651323068,0.4989243906,0.4359433026
-149.5000000000,69.5000000000,0.0704500678,0.4886539067,0.4408960254
-148.5000000000,69.5000000000,0.0783392966,0.5009898024,0.4206709011
-147.5000000000,69.5000000000,0.0935596503,0.5082923043,0.3981480454
-146.5000000000,69.5000000000,0.1123807321,0.5053857967,0.3822334712
-145.5000000000,69.5000000000,0.1489608057,0.4888951252,0.3621440692
-144.5000000000,69.5000000000,0.1337552883,0.5052554079,0.3609893038
-143.5000000000,69.5000000000,0.1249143344,0.5005485107,0.3745371549
-142.5000000000,69.5000000000,0.1245081738,0.4772904189,0.3982014073
-141.5000000000,69.5000000000,0.1056877881,0.4693303603,0.4249818516
-140.5000000000,69.5000000000,0.0995173309,0.4579006014,0.4425820677
-139.5000000000,69.5000000000,0.0911577377,0.4673983830,0.4414438794
-132.5000000000,69.5000000000,0.2170997606,0.5579726418,0.2249275976
-131.5000000000,69.5000000000,0.2174110553,0.5542697842,0.2283191605
-130.5000000000,69.5000000000,0.2158732429,0.5465889513,0.2375378058
-129.5000000000,69.5000000000,0.2126731128,0.5331420236,0.2541848636
-128.5000000000,69.5000000000,0.2042842367,0.5188637806,0.2768519827
-127.5000000000,69.5000000000,0.2072328264,0.4942400310,0.2985271427
-126.5000000000,69.5000000000,0.2118264074,0.4637979350,0.3243756577
-125.5000000000,69.5000000000,0.1934315902,0.4495867584,0.3569816514
-124.5000000000,69.5000000000,0.1892421296,0.4241679789,0.3865898915
-122.5000000000,69.5000000000,0.2000955486,0.3639575774,0.4359468740
-121.5000000000,69.5000000000,0.1987134861,0.3449096113,0.4563769026
-116.5000000000,69.5000000000,0.1464809704,0.3330724816,0.5204465480
-115.5000000000,69.5000000000,0.1398754751,0.3311554620,0.5289690629
-114.5000000000,69.5000000000,0.1290099362,0.3303827310,0.5406073328
-113.5000000000,69.5000000000,0.1157775591,0.3289279045,0.5552945363
-112.5000000000,69.5000000000,0.1048305617,0.3272809325,0.5678885057
-111.5000000000,69.5000000000,0.0920818798,0.3275465538,0.5803715665
-110.5000000000,69.5000000000,0.0842884501,0.3299941663,0.5857173836
-109.5000000000,69.5000000000,0.0765918456,0.3314258386,0.5919823157
-108.5000000000,69.5000000000,0.0714431473,0.3349467007,0.5936101519
-107.5000000000,69.5000000000,0.0671640008,0.3374921679,0.5953438313
-106.5000000000,69.5000000000,0.0638159933,0.3399551657,0.5962288411
-105.5000000000,69.5000000000,0.0640623761,0.3408671301,0.5950704938
-104.5000000000,69.5000000000,0.0641098331,0.3446676752,0.5912224916
-103.5000000000,69.5000000000,0.0652792849,0.3462618268,0.5884588882
-97.5000000000,69.5000000000,0.0809560904,0.3753199215,0.5437239881
-96.5000000000,69.5000000000,0.0846424167,0.3883586229,0.5269989604
-95.5000000000,69.5000000000,0.0886752927,0.4040062811,0.5073184262
-92.5000000000,69.5000000000,0.1025056848,0.4238899440,0.4736043712
-91.5000000000,69.5000000000,0.1006781734,0.4288412317,0.4704805949
-90.5000000000,69.5000000000,0.1016027849,0.4259583865,0.4724388287
-85.5000000000,69.5000000000,0.0915886676,0.3813612834,0.5270500489
-84.5000000000,69.5000000000,0.0961181884,0.3604654706,0.5434163411
-83.5000000000,69.5000000000,0.0873642034,0.3504026302,0.5622331664
-82.5000000000,69.5000000000,0.0777808433,0.3395411831,0.5826779736
-76.5000000000,69.5000000000,0.0482568952,0.2477692145,0.7039738903
-75.5000000000,69.5000000000,0.0436681005,0.2296657442,0.7266661553
-74.5000000000,69.5000000000,0.0424968432,0.2103604905,0.7471426663
-73.5000000000,69.5000000000,0.0386549576,0.1962780619,0.7650669805
-72.5000000000,69.5000000000,0.0335491754,0.1834779799,0.7829728446
-71.5000000000,69.5000000000,0.0301258723,0.1691255674,0.8007485603
-70.5000000000,69.5000000000,0.0240397297,0.1592730170,0.8166872534
-69.5000000000,69.5000000000,0.0261690373,0.1465569727,0.8272739901
-68.5000000000,69.5000000000,0.0243934635,0.1395988747,0.8360076617
-165.5000000000,68.5000000000,0.0208264487,0.2536320919,0.7255414594
-164.5000000000,68.5000000000,0.0219490726,0.2691455962,0.7089053312
-163.5000000000,68.5000000000,0.0259470341,0.2802997511,0.6937532148
-162.5000000000,68.5000000000,0.0293882391,0.2956980424,0.6749137185
-161.5000000000,68.5000000000,0.0297928653,0.3196610544,0.6505460803
-160.5000000000,68.5000000000,0.0354827057,0.3381215251,0.6263957692
-159.5000000000,68.5000000000,0.0358753982,0.3625098616,0.6016147402
-158.5000000000,68.5000000000,0.0413424210,0.3854646982,0.5731928808
-157.5000000000,68.5000000000,0.0480764771,0.4165390723,0.5353844506
-156.5000000000,68.5000000000,0.0489175494,0.4625586438,0.4885238068
-155.5000000000,68.5000000000,0.0596614720,0.4955439449,0.4447945831
-154.5000000000,68.5000000000,0.0685004347,0.5276229284,0.4038766368
-153.5000000000,68.5000000000,0.0771899841,0.5516867651,0.3711232508
-152.5000000000,68.5000000000,0.0850680885,0.5586461038,0.3562858077
-151.5000000000,68.5000000000,0.0913637420,0.5503922985,0.3582439595
-150.5000000000,68.5000000000,0.0963656352,0.5299913245,0.3736430403
-149.5000000000,68.5000000000,0.0959863392,0.5194289581,0.3845847026
-148.5000000000,68.5000000000,0.1319821846,0.5151065651,0.3529112503
-147.5000000000,68.5000000000,0.1668676605,0.5112001626,0.3219321769
-146.5000000000,68.5000000000,0.1627381937,0.5243962982,0.3128655081
-145.5000000000,68.5000000000,0.1823128371,0.5261718522,0.2915153106
-144.5000000000,68.5000000000,0.1888804027,0.5184286518,0.2926909455
-143.5000000000,68.5000000000,0.1811410971,0.5050169471,0.3138419557
-142.5000000000,68.5000000000,0.1467923882,0.5039424571,0.3492651547
-141.5000000000,68.5000000000,0.1304179690,0.4811482049,0.3884338261
-140.5000000000,68.5000000000,0.1151128380,0.4647887954,0.4200983665
-139.5000000000,68.5000000000,0.1146910681,0.4603057657,0.4250031662
-138.5000000000,68.5000000000,0.1262037046,0.4664465189,0.4073497765
-137.5000000000,68.5000000000,0.1389330086,0.5010298303,0.3600371610
-136.5000000000,68.5000000000,0.1526849296,0.5398823197,0.3074327506
-135.5000000000,68.5000000000,0.1694778102,0.5682938755,0.2622283143
-134.5000000000,68.5000000000,0.1951569234,0.5761825471,0.2286605295
-133.5000000000,68.5000000000,0.2256878863,0.5679270604,0.2063850533
-132.5000000000,68.5000000000,0.2399499989,0.5582104220,0.2018395791
-131.5000000000,68.5000000000,0.2472754289,0.5467059988,0.2060185724
-130.5000000000,68.5000000000,0.2365089750,0.5444543452,0.2190366798
-129.5000000000,68.5000000000,0.2308686407,0.5333313730,0.2357999863
-128.5000000000,68.5000000000,0.2243381936,0.5212037077,0.2544580987
-127.5000000000,68.5000000000,0.2243815271,0.4993737191,0.2762447537
-126.5000000000,68.5000000000,0.2225410504,0.4797041399,0.2977548097
-125.5000000000,68.5000000000,0.2278001335,0.4524450259,0.3197548407
-124.5000000000,68.5000000000,0.2312596320,0.4274889092,0.3412514588
-123.5000000000,68.5000000000,0.2402246504,0.4022497627,0.3575255869
-122.5000000000,68.5000000000,0.2410396140,0.3817431555,0.3772172305
-121.5000000000,68.5000000000,0.2601160405,0.3567903424,0.3830936171
-120.5000000000,68.5000000000,0.2560082191,0.3478630209,0.3961287600
-119.5000000000,68.5000000000,0.2503084727,0.3432847965,0.4064067307
-118.5000000000,68.5000000000,0.2305353324,0.3518140687,0.4176505988
-117.5000000000,68.5000000000,0.2200159196,0.3549041025,0.4250799779
-116.5000000000,68.5000000000,0.2061001673,0.3598663731,0.4340334596
-115.5000000000,68.5000000000,0.1863099724,0.3631929698,0.4504970577
-114.5000000000,68.5000000000,0.1686831631,0.3664276263,0.4648892105
-112.5000000000,68.5000000000,0.1255384125,0.3676447767,0.5068168108
-107.5000000000,68.5000000000,0.0743482512,0.3637549267,0.5618968222
-105.5000000000,68.5000000000,0.0707808388,0.3676581192,0.5615610420
-104.5000000000,68.5000000000,0.0705960863,0.3704897521,0.5589141616
-97.5000000000,68.5000000000,0.0882077408,0.4005924471,0.5111998121
-96.5000000000,68.5000000000,0.0920455401,0.4113734556,0.4965810043
-93.5000000000,68.5000000000,0.1017239379,0.4342002830,0.4640757790
-92.5000000000,68.5000000000,0.1085026797,0.4336851315,0.4578121888
-91.5000000000,68.5000000000,0.1140848882,0.4284575780,0.4574575338
-89.5000000000,68.5000000000,0.1079090942,0.4257328809,0.4663580248
-88.5000000000,68.5000000000,0.1106541861,0.4171629831,0.4721828308
-85.5000000000,68.5000000000,0.1017894674,0.3775151470,0.5206953857
-84.5000000000,68.5000000000,0.0991321583,0.3627782476,0.5380895941
-83.5000000000,68.5000000000,0.0917177265,0.3489917395,0.5592905340
-73.5000000000,68.5000000000,0.0354448388,0.2050065385,0.7595486227
-72.5000000000,68.5000000000,0.0326217906,0.1878604382,0.7795177711
-71.5000000000,68.5000000000,0.0295917536,0.1742913249,0.7961169216
-70.5000000000,68.5000000000,0.0269602601,0.1602576123,0.8127821276
-69.5000000000,68.5000000000,0.0250583481,0.1495061799,0.8254354720
-68.5000000000,68.5000000000,0.0200634351,0.1463973056,0.8335392593
-163.5000000000,67.5000000000,0.0230100029,0.2994836519,0.6775063453
-162.5000000000,67.5000000000,0.0236023594,0.3271203613,0.6492772793
-161.5000000000,67.5000000000,0.0295483136,0.3470324092,0.6234192773
-160.5000000000,67.5000000000,0.0315684735,0.3813174654,0.5871140610
-159.5000000000,67.5000000000,0.0352390474,0.4116433527,0.5531175999
-158.5000000000,67.5000000000,0.0416413969,0.4445925614,0.5137660417
-157.5000000000,67.5000000000,0.0505858769,0.4817083441,0.4677057789
-156.5000000000,67.5000000000,0.0648360064,0.5148199824,0.4203440113
-155.5000000000,67.5000000000,0.0823328467,0.5361803555,0.3814867978
-154.5000000000,67.5000000000,0.0978930562,0.5604581458,0.3416487980
-153.5000000000,67.5000000000,0.0935861992,0.5994885119,0.3069252889
-152.5000000000,67.5000000000,0.1083612307,0.6045240318,0.2871147376
-151.5000000000,67.5000000000,0.1099645583,0.6068253795,0.2832100622
-150.5000000000,67.5000000000,0.1095763309,0.5964501876,0.2939734815
-149.5000000000,67.5000000000,0.1188706928,0.5838079855,0.2973213216
-148.5000000000,67.5000000000,0.1272453220,0.6037590684,0.2689956096
-147.5000000000,67.5000000000,0.1582188508,0.6035340167,0.2382471325
-146.5000000000,67.5000000000,0.1602914965,0.6068747995,0.2328337041
-145.5000000000,67.5000000000,0.1768464790,0.5972562877,0.2258972333
-144.5000000000,67.5000000000,0.1767469691,0.5881192696,0.2351337614
-143.5000000000,67.5000000000,0.1675443422,0.5733230029,0.2591326549
-142.5000000000,67.5000000000,0.1501866898,0.5503846091,0.2994287011
-141.5000000000,67.5000000000,0.1344330335,0.5170867342,0.3484802323
-140.5000000000,67.5000000000,0.1219641403,0.4868922568,0.3911436029
-139.5000000000,67.5000000000,0.1192680148,0.4889159835,0.3918160017
-138.5000000000,67.5000000000,0.1295892981,0.5000627846,0.3703479173
-137.5000000000,67.5000000000,0.1604585391,0.5145287545,0.3250127064
-136.5000000000,67.5000000000,0.2077508810,0.5206693410,0.2715797781
-135.5000000000,67.5000000000,0.2027737154,0.5638784442,0.2333478404
-134.5000000000,67.5000000000,0.2114581653,0.5809608033,0.2075810314
-133.5000000000,67.5000000000,0.2401108161,0.5695403586,0.1903488253
-132.5000000000,67.5000000000,0.2610494140,0.5548127103,0.1841378757
-131.5000000000,67.5000000000,0.2493076402,0.5580161064,0.1926762533
-130.5000000000,67.5000000000,0.2514842926,0.5416300481,0.2068856594
-129.5000000000,67.5000000000,0.2419957048,0.5347418504,0.2232624447
-128.5000000000,67.5000000000,0.2419580611,0.5188186526,0.2392232863
-127.5000000000,67.5000000000,0.2422643520,0.5021503458,0.2555853022
-126.5000000000,67.5000000000,0.2443400342,0.4824246078,0.2732353580
-125.5000000000,67.5000000000,0.2486047976,0.4619995846,0.2893956178
-124.5000000000,67.5000000000,0.2555810297,0.4408199949,0.3035989754
-123.5000000000,67.5000000000,0.2649320659,0.4215919860,0.3134759481
-122.5000000000,67.5000000000,0.2768916239,0.4038444286,0.3192639476
-121.5000000000,67.5000000000,0.2924475824,0.3846955264,0.3228568912
-120.5000000000,67.5000000000,0.2990362770,0.3763753859,0.3245883371
-119.5000000000,67.5000000000,0.3026595201,0.3690662833,0.3282741966
-118.5000000000,67.5000000000,0.3062284010,0.3641721615,0.3295994375
-117.5000000000,67.5000000000,0.2922803158,0.3713637806,0.3363559036
-116.5000000000,67.5000000000,0.2819224692,0.3739216886,0.3441558423
-115.5000000000,67.5000000000,0.2592215582,0.3801015330,0.3606769089
-114.5000000000,67.5000000000,0.2428776127,0.3819392070,0.3751831803
-113.5000000000,67.5000000000,0.2114813617,0.3870994088,0.4014192295
-112.5000000000,67.5000000000,0.1803056950,0.3895245857,0.4301697193
-111.5000000000,67.5000000000,0.1469527533,0.3910932080,0.4619540387
-110.5000000000,67.5000000000,0.1241789498,0.3892142575,0.4866067928
-109.5000000000,67.5000000000,0.1069974653,0.3897508588,0.5032516760
-107.5000000000,67.5000000000,0.0869089969,0.3934757989,0.5196152042
-106.5000000000,67.5000000000,0.0838040527,0.3924405987,0.5237553486
-105.5000000000,67.5000000000,0.0800916935,0.3948816002,0.5250267063
-104.5000000000,67.5000000000,0.0789302880,0.3975248479,0.5235448641
-103.5000000000,67.5000000000,0.0795241599,0.4008205407,0.5196552994
-102.5000000000,67.5000000000,0.0804732907,0.4023769412,0.5171497681
-101.5000000000,67.5000000000,0.0828328887,0.4049544803,0.5122126310
-100.5000000000,67.5000000000,0.0869862639,0.4073679454,0.5056457908
-99.5000000000,67.5000000000,0.0902277821,0.4107503560,0.4990218618
-98.5000000000,67.5000000000,0.0941920903,0.4170475607,0.4887603490
-97.5000000000,67.5000000000,0.0988934343,0.4249252834,0.4761812823
-96.5000000000,67.5000000000,0.1001885787,0.4335685856,0.4662428357
-94.5000000000,67.5000000000,0.1135891909,0.4376398291,0.4487709800
-93.5000000000,67.5000000000,0.1149441874,0.4396483619,0.4454074507
-92.5000000000,67.5000000000,0.1234884517,0.4354194559,0.4410920923
-91.5000000000,67.5000000000,0.1202400501,0.4381012096,0.4416587403
-90.5000000000,67.5000000000,0.1258725532,0.4300699402,0.4440575066
-89.5000000000,67.5000000000,0.1216941611,0.4251574111,0.4531484278
-88.5000000000,67.5000000000,0.1234970916,0.4135842667,0.4629186417
-85.5000000000,67.5000000000,0.1107241020,0.3744091334,0.5148667646
-84.5000000000,67.5000000000,0.1036851498,0.3600851498,0.5362297003
-83.5000000000,67.5000000000,0.0958299466,0.3476029663,0.5565670871
-82.5000000000,67.5000000000,0.0895100250,0.3357629149,0.5747270601
-81.5000000000,67.5000000000,0.0806982199,0.3265889824,0.5927127977
-76.5000000000,67.5000000000,0.0535436150,0.2556421922,0.6908141928
-75.5000000000,67.5000000000,0.0478485987,0.2421909050,0.7099604962
-71.5000000000,67.5000000000,0.0296859205,0.1833116580,0.7870024215
-70.5000000000,67.5000000000,0.0271730273,0.1695485795,0.8032783932
-69.5000000000,67.5000000000,0.0263878975,0.1565278334,0.8170842691
-68.5000000000,67.5000000000,0.0249775815,0.1458421338,0.8291802847
-67.5000000000,67.5000000000,0.0259731433,0.1369116252,0.8371152316
-66.5000000000,67.5000000000,0.0307171705,0.1353222304,0.8339605992
-65.5000000000,67.5000000000,0.0309957804,0.1495955992,0.8194086204
-64.5000000000,67.5000000000,0.0286558390,0.1747034185,0.7966407425
-164.5000000000,66.5000000000,0.0204712454,0.2868867467,0.6926420079
-160.5000000000,66.5000000000,0.0276985888,0.4144695572,0.5578318540
-159.5000000000,66.5000000000,0.0314349846,0.4550793385,0.5134856769
-158.5000000000,66.5000000000,0.0367050692,0.4977327154,0.4655622154
-157.5000000000,66.5000000000,0.0459378206,0.5430054227,0.4110567567
-156.5000000000,66.5000000000,0.0591433641,0.5830457096,0.3578109264
-155.5000000000,66.5000000000,0.0626761289,0.6176241742,0.3196996969
-154.5000000000,66.5000000000,0.0760553579,0.6372301645,0.2867144776
-153.5000000000,66.5000000000,0.0832266913,0.6608426496,0.2559306591
-152.5000000000,66.5000000000,0.0906133764,0.6718309055,0.2375557181
-151.5000000000,66.5000000000,0.1005735421,0.6676745038,0.2317519541
-150.5000000000,66.5000000000,0.1223895833,0.6480040983,0.2296063183
-149.5000000000,66.5000000000,0.1304534644,0.6481940666,0.2213524690
-148.5000000000,66.5000000000,0.1295039254,0.6662561165,0.2042399580
-147.5000000000,66.5000000000,0.1438080673,0.6739753252,0.1822166075
-146.5000000000,66.5000000000,0.1545079162,0.6668569286,0.1786351552
-145.5000000000,66.5000000000,0.1686226726,0.6545418966,0.1768354308
-144.5000000000,66.5000000000,0.1751385589,0.6356562020,0.1892052391
-143.5000000000,66.5000000000,0.1787845148,0.6121261584,0.2090893268
-142.5000000000,66.5000000000,0.1645664190,0.5835065240,0.2519270570
-141.5000000000,66.5000000000,0.1604901237,0.5436966789,0.2958131974
-140.5000000000,66.5000000000,0.1514928310,0.5147113523,0.3337958167
-139.5000000000,66.5000000000,0.1489779858,0.5090926292,0.3419293850
-138.5000000000,66.5000000000,0.1495896126,0.5241864720,0.3262239154
-137.5000000000,66.5000000000,0.1748644146,0.5353030376,0.2898325478
-136.5000000000,66.5000000000,0.2143036160,0.5383204685,0.2473759155
-135.5000000000,66.5000000000,0.2363905692,0.5532183727,0.2103910582
-134.5000000000,66.5000000000,0.2549999810,0.5517858226,0.1932141964
-133.5000000000,66.5000000000,0.2502621639,0.5640410980,0.1856967381
-132.5000000000,66.5000000000,0.2617939919,0.5550361218,0.1831698863
-131.5000000000,66.5000000000,0.2601826358,0.5487363968,0.1910809674
-130.5000000000,66.5000000000,0.2491013294,0.5460956644,0.2048030062
-129.5000000000,66.5000000000,0.2455108731,0.5374716938,0.2170174332
-128.5000000000,66.5000000000,0.2472691842,0.5226883722,0.2300424436
-127.5000000000,66.5000000000,0.2474038894,0.5087499493,0.2438461613
-126.5000000000,66.5000000000,0.2527333635,0.4907372206,0.2565294159
-125.5000000000,66.5000000000,0.2716353338,0.4648236959,0.2635409702
-124.5000000000,66.5000000000,0.2847851922,0.4461182270,0.2690965808
-123.5000000000,66.5000000000,0.2978341887,0.4315028853,0.2706629260
-122.5000000000,66.5000000000,0.3045542359,0.4230099679,0.2724357962
-121.5000000000,66.5000000000,0.3200941150,0.4077213145,0.2721845705
-120.5000000000,66.5000000000,0.3387407884,0.3966068906,0.2646523210
-119.5000000000,66.5000000000,0.3648889208,0.3775554787,0.2575556005
-118.5000000000,66.5000000000,0.3716736159,0.3724342130,0.2558921710
-117.5000000000,66.5000000000,0.3627717663,0.3790117439,0.2582164898
-116.5000000000,66.5000000000,0.3733649731,0.3682265763,0.2584084506
-115.5000000000,66.5000000000,0.3623500934,0.3675360196,0.2701138870
-114.5000000000,66.5000000000,0.3248518700,0.3839515832,0.2911965468
-113.5000000000,66.5000000000,0.2769003357,0.3986178352,0.3244818290
-112.5000000000,66.5000000000,0.2342977769,0.4053184964,0.3603837267
-111.5000000000,66.5000000000,0.1918970261,0.4102509080,0.3978520659
-110.5000000000,66.5000000000,0.1562978772,0.4150412331,0.4286608897
-109.5000000000,66.5000000000,0.1313422587,0.4171871368,0.4514706045
-108.5000000000,66.5000000000,0.1217280927,0.4121129627,0.4661589447
-107.5000000000,66.5000000000,0.0988355965,0.4253568899,0.4758075136
-106.5000000000,66.5000000000,0.0986373268,0.4203217577,0.4810409155
-105.5000000000,66.5000000000,0.0947011883,0.4210136540,0.4842851577
-104.5000000000,66.5000000000,0.0919069974,0.4222182233,0.4858747793
-103.5000000000,66.5000000000,0.0933230748,0.4276599889,0.4790169363
-102.5000000000,66.5000000000,0.0940294855,0.4283800446,0.4775904699
-101.5000000000,66.5000000000,0.0973826861,0.4296147733,0.4730025405
-100.5000000000,66.5000000000,0.1017764995,0.4314076710,0.4668158295
-99.5000000000,66.5000000000,0.1053817725,0.4391561974,0.4554620300
-98.5000000000,66.5000000000,0.1099392190,0.4449358980,0.4451248831
-97.5000000000,66.5000000000,0.1126256391,0.4491856943,0.4381886666
-96.5000000000,66.5000000000,0.1142861143,0.4568396858,0.4288741998
-95.5000000000,66.5000000000,0.1176589486,0.4579822125,0.4243588389
-94.5000000000,66.5000000000,0.1289326316,0.4501412803,0.4209260880
-93.5000000000,66.5000000000,0.1308633575,0.4485034430,0.4206331995
-92.5000000000,66.5000000000,0.1323919781,0.4457354095,0.4218726124
-91.5000000000,66.5000000000,0.1297981074,0.4447172318,0.4254846608
-90.5000000000,66.5000000000,0.1380124115,0.4310060607,0.4309815277
-89.5000000000,66.5000000000,0.1301621528,0.4280001617,0.4418376855
-88.5000000000,66.5000000000,0.1312519199,0.4144106152,0.4543374650
-87.5000000000,66.5000000000,0.1202324348,0.4092779123,0.4704896528
-84.5000000000,66.5000000000,0.1024703626,0.3622204717,0.5353091656
-83.5000000000,66.5000000000,0.0958431003,0.3502557749,0.5539011248
-73.5000000000,66.5000000000,0.0405356261,0.2200917156,0.7393726583
-72.5000000000,66.5000000000,0.0367231183,0.2072391291,0.7560377526
-71.5000000000,66.5000000000,0.0327419381,0.1930986180,0.7741594439
-70.5000000000,66.5000000000,0.0290940962,0.1806200015,0.7902859023
-69.5000000000,66.5000000000,0.0259419266,0.1688235745,0.8052344989
-68.5000000000,66.5000000000,0.0247112701,0.1581922747,0.8170964552
-67.5000000000,66.5000000000,0.0229348217,0.1527585524,0.8243066259
-66.5000000000,66.5000000000,0.0252475691,0.1510365313,0.8237158996
-65.5000000000,66.5000000000,0.0261680453,0.1736463382,0.8001856165
-64.5000000000,66.5000000000,0.0398914370,0.1851574095,0.7749511535
-63.5000000000,66.5000000000,0.0441380094,0.2102499129,0.7456120776
-62.5000000000,66.5000000000,0.0484095598,0.2329753429,0.7186150974
-167.5000000000,65.5000000000,0.0196523125,0.2282743242,0.7520733633
-166.5000000000,65.5000000000,0.0194762396,0.2461263528,0.7343974076
-165.5000000000,65.5000000000,0.0212997651,0.2628010780,0.7158991569
-164.5000000000,65.5000000000,0.0216968593,0.2857774463,0.6925256943
-163.5000000000,65.5000000000,0.0231642776,0.3133332121,0.6635025102
-162.5000000000,65.5000000000,0.0237740327,0.3479196462,0.6283063211
-161.5000000000,65.5000000000,0.0277954147,0.3803268397,0.5918777456
-160.5000000000,65.5000000000,0.0301764325,0.4227530840,0.5470704835
-159.5000000000,65.5000000000,0.0338308750,0.4705222982,0.4956468268
-158.5000000000,65.5000000000,0.0397474558,0.5183214398,0.4419311044
-157.5000000000,65.5000000000,0.0437313889,0.5741597355,0.3821088756
-156.5000000000,65.5000000000,0.0529988884,0.6198730859,0.3271280257
-155.5000000000,65.5000000000,0.0653577864,0.6469924587,0.2876497549
-154.5000000000,65.5000000000,0.0807746977,0.6655562410,0.2536690613
-153.5000000000,65.5000000000,0.0951449143,0.6806168143,0.2242382714
-152.5000000000,65.5000000000,0.1079960269,0.6882932264,0.2037107467
-151.5000000000,65.5000000000,0.1140366819,0.6930138083,0.1929495097
-150.5000000000,65.5000000000,0.1144686201,0.7014976384,0.1840337415
-149.5000000000,65.5000000000,0.1297855634,0.6918361683,0.1783782683
