Lon,Lat,C_LonLatElev,B_LonLatElev,U_LonLatElev
-112.5000000000,78.5000000000,0.0344108295,0.1686491956,0.7969399749
-111.5000000000,78.5000000000,0.0363792566,0.1748534300,0.7887673134
-110.5000000000,78.5000000000,0.0391915584,0.1835151989,0.7772932427
-109.5000000000,78.5000000000,0.0416865496,0.1960362839,0.7622771666
-104.5000000000,78.5000000000,0.0657318925,0.2932743382,0.6409937693
-103.5000000000,78.5000000000,0.0722695864,0.3224843014,0.6052461122
-102.5000000000,78.5000000000,0.0790493790,0.3554870216,0.5654635994
-101.5000000000,78.5000000000,0.0872005313,0.3897431157,0.5230563530
-100.5000000000,78.5000000000,0.0915946227,0.4238229569,0.4845824204
-97.5000000000,78.5000000000,0.0848916844,0.4705489385,0.4445593772
-96.5000000000,78.5000000000,0.0728378038,0.4642241167,0.4629380795
-95.5000000000,78.5000000000,0.0654379015,0.4484720573,0.4860900412
-92.5000000000,78.5000000000,0.0552146193,0.4196406105,0.5251447702
-91.5000000000,78.5000000000,0.0707008487,0.3960528313,0.5332463200
-90.5000000000,78.5000000000,0.0774641453,0.3857786989,0.5367571558
-89.5000000000,78.5000000000,0.0697804315,0.3855475592,0.5446720093
-86.5000000000,78.5000000000,0.0722173063,0.3702162458,0.5575664479
-85.5000000000,78.5000000000,0.0754299164,0.3602791427,0.5642909409
-84.5000000000,78.5000000000,0.0757697167,0.3500131257,0.5742171576
-83.5000000000,78.5000000000,0.0795328584,0.3348468805,0.5856202612
-82.5000000000,78.5000000000,0.0670683928,0.3274011113,0.6055304959
-81.5000000000,78.5000000000,0.0718297188,0.3057325671,0.6224377141
-80.5000000000,78.5000000000,0.0842913208,0.2814466229,0.6342620563
-79.5000000000,78.5000000000,0.1005154786,0.2542896503,0.6451948711
-78.5000000000,78.5000000000,0.0681461403,0.2452043108,0.6866495489
-77.5000000000,78.5000000000,0.0539099607,0.2261492461,0.7199407932
-116.5000000000,77.5000000000,0.0369067437,0.1790212437,0.7840720127
-112.5000000000,77.5000000000,0.0351288335,0.1679772793,0.7968938872
-111.5000000000,77.5000000000,0.0369874066,0.1742256199,0.7887869735
-110.5000000000,77.5000000000,0.0390045717,0.1832578293,0.7777375989
-105.5000000000,77.5000000000,0.0615465894,0.2668940828,0.6715593278
-95.5000000000,77.5000000000,0.0650736179,0.4482125319,0.4867138502
-94.5000000000,77.5000000000,0.0601938079,0.4370569875,0.5027492046
-93.5000000000,77.5000000000,0.0561383547,0.4263143167,0.5175473286
-90.5000000000,77.5000000000,0.0558573398,0.4001560755,0.5439865847
-87.5000000000,77.5000000000,0.0623122555,0.3824377725,0.5552499719
-86.5000000000,77.5000000000,0.0719119438,0.3698986402,0.5581894160
-82.5000000000,77.5000000000,0.0712337940,0.3244477888,0.6043184171
-81.5000000000,77.5000000000,0.0607342141,0.3116446843,0.6276211016
-80.5000000000,77.5000000000,0.0770370124,0.2846337380,0.6383292495
-79.5000000000,77.5000000000,0.0683802304,0.2688122777,0.6628074918
-78.5000000000,77.5000000000,0.0555667053,0.2510311987,0.6934020960
-120.5000000000,76.5000000000,0.0543045481,0.2697577481,0.6759377039
-119.5000000000,76.5000000000,0.0477899395,0.2267278877,0.7254821727
-117.5000000000,76.5000000000,0.0411759820,0.1847143003,0.7741097176
-109.5000000000,76.5000000000,0.0428222759,0.1947530305,0.7624246936
-104.5000000000,76.5000000000,0.0668687890,0.2917141282,0.6414170828
-103.5000000000,76.5000000000,0.0734980107,0.3208049390,0.6056970503
-100.5000000000,76.5000000000,0.0960243321,0.4198715211,0.4841041468
-99.5000000000,76.5000000000,0.1024380595,0.4471385666,0.4504233740
-98.5000000000,76.5000000000,0.1016063105,0.4628657067,0.4355279827
-95.5000000000,76.5000000000,0.0690567604,0.4446963937,0.4862468460
-94.5000000000,76.5000000000,0.0669756103,0.4314485268,0.5015758629
-93.5000000000,76.5000000000,0.0570888759,0.4250459714,0.5178651527
-92.5000000000,76.5000000000,0.0596942641,0.4151863562,0.5251193797
-90.5000000000,76.5000000000,0.0555377486,0.3998622940,0.5445999574
-88.5000000000,76.5000000000,0.0607242132,0.3895111227,0.5497646641
-86.5000000000,76.5000000000,0.0689141861,0.3713244519,0.5597613619
-85.5000000000,76.5000000000,0.0795248470,0.3567576903,0.5637174627
-84.5000000000,76.5000000000,0.0720813000,0.3512605510,0.5766581489
-83.5000000000,76.5000000000,0.0770715124,0.3352868732,0.5876416143
-82.5000000000,76.5000000000,0.0907945585,0.3131544511,0.5960509904
-81.5000000000,76.5000000000,0.0689849732,0.3063712625,0.6246437644
-80.5000000000,76.5000000000,0.0641784614,0.2910217790,0.6447997596
-79.5000000000,76.5000000000,0.0769408578,0.2641332178,0.6589259243
-78.5000000000,76.5000000000,0.0586456745,0.2490119968,0.6923423287
-115.5000000000,75.5000000000,0.0387677282,0.1688603548,0.7923719170
-114.5000000000,75.5000000000,0.0409036215,0.1618855369,0.7972108417
-113.5000000000,75.5000000000,0.0415046634,0.1599835593,0.7985117773
-112.5000000000,75.5000000000,0.0411346230,0.1646186362,0.7942467408
-111.5000000000,75.5000000000,0.0385864294,0.1728060611,0.7886075095
-110.5000000000,75.5000000000,0.0407200624,0.1817477116,0.7775322260
-109.5000000000,75.5000000000,0.0433930916,0.1941155129,0.7624913955
-108.5000000000,75.5000000000,0.0476073483,0.2085831799,0.7438094718
-107.5000000000,75.5000000000,0.0551246464,0.2228487909,0.7220265626
-106.5000000000,75.5000000000,0.0591792888,0.2422247796,0.6985959316
-99.5000000000,75.5000000000,0.1013924412,0.4473306190,0.4512769398
-98.5000000000,75.5000000000,0.0997923991,0.4636115896,0.4365960114
-95.5000000000,75.5000000000,0.0668934792,0.4457723928,0.4873341280
-94.5000000000,75.5000000000,0.0650630957,0.4323226762,0.5026142280
-91.5000000000,75.5000000000,0.0585570447,0.4030163707,0.5384265846
-90.5000000000,75.5000000000,0.0633351816,0.3937097553,0.5429550631
-89.5000000000,75.5000000000,0.0643973268,0.3876326512,0.5479700220
-88.5000000000,75.5000000000,0.0659993813,0.3853323600,0.5486682587
-85.5000000000,75.5000000000,0.0776724095,0.3573789912,0.5649485993
-84.5000000000,75.5000000000,0.0794225444,0.3463223245,0.5742551311
-83.5000000000,75.5000000000,0.1007669826,0.3217363395,0.5774966779
-82.5000000000,75.5000000000,0.1084012882,0.3037288297,0.5878698821
-81.5000000000,75.5000000000,0.0803230458,0.2997268017,0.6199501525
-80.5000000000,75.5000000000,0.0717805941,0.2864453723,0.6417740336
-121.5000000000,74.5000000000,0.0653045131,0.3093607554,0.6253347316
-113.5000000000,74.5000000000,0.0376667566,0.1613147912,0.8010184522
-112.5000000000,74.5000000000,0.0392731523,0.1651068421,0.7956200056
-97.5000000000,74.5000000000,0.0878548762,0.4663190651,0.4458260587
-88.5000000000,74.5000000000,0.0615672410,0.3878679151,0.5505648439
-87.5000000000,74.5000000000,0.0743748709,0.3728827158,0.5527424133
-86.5000000000,74.5000000000,0.0720358398,0.3682798090,0.5596843512
-123.5000000000,73.5000000000,0.0816492700,0.4091012396,0.5092494904
-122.5000000000,73.5000000000,0.0773357554,0.3551830064,0.5674812383
-121.5000000000,73.5000000000,0.0672897892,0.3077394249,0.6249707859
-120.5000000000,73.5000000000,0.0585063382,0.2661096240,0.6753840378
-119.5000000000,73.5000000000,0.0499132020,0.2244376231,0.7256491749
-118.5000000000,73.5000000000,0.0473790861,0.1973217233,0.7552991907
-117.5000000000,73.5000000000,0.0440358601,0.1823519728,0.7736121671
-116.5000000000,73.5000000000,0.0412888546,0.1756046754,0.7831064700
-115.5000000000,73.5000000000,0.0386940575,0.1682413688,0.7930645737
-106.5000000000,73.5000000000,0.0612228092,0.2403856617,0.6983915292
-105.5000000000,73.5000000000,0.0675343172,0.2620490489,0.6704166339
-104.5000000000,73.5000000000,0.0697775111,0.2887446840,0.6414778048
-101.5000000000,73.5000000000,0.0895588795,0.3856983369,0.5247427836
-100.5000000000,73.5000000000,0.1005947261,0.4153696245,0.4840356494
-99.5000000000,73.5000000000,0.1029988327,0.4452185997,0.4517825676
-98.5000000000,73.5000000000,0.1046476983,0.4592305283,0.4361217733
-95.5000000000,73.5000000000,0.0730894446,0.4401528114,0.4867577441
-94.5000000000,73.5000000000,0.0706533629,0.4271928060,0.5021538311
-93.5000000000,73.5000000000,0.0670637508,0.4160766270,0.5168596222
-92.5000000000,73.5000000000,0.0654710175,0.4093951099,0.5251338726
-91.5000000000,73.5000000000,0.0622705008,0.3992761912,0.5384533080
-87.5000000000,73.5000000000,0.0719807788,0.3739070638,0.5541121574
-86.5000000000,73.5000000000,0.0775303213,0.3643103484,0.5581593302
-83.5000000000,73.5000000000,0.0759241213,0.3344746803,0.5896011985
-82.5000000000,73.5000000000,0.0755781921,0.3200055864,0.6044162214
-81.5000000000,73.5000000000,0.0681084004,0.3054361168,0.6264554829
-80.5000000000,73.5000000000,0.0794012992,0.2816115433,0.6389871576
-79.5000000000,73.5000000000,0.0779816889,0.2623210296,0.6596972816
-78.5000000000,73.5000000000,0.0592302338,0.2474377459,0.6933320203
-77.5000000000,73.5000000000,0.0568554205,0.2227393591,0.7204052204
-124.5000000000,72.5000000000,0.0951518914,0.4664244481,0.4384236605
-123.5000000000,72.5000000000,0.0878213619,0.4114741947,0.5007044434
-122.5000000000,72.5000000000,0.0806525084,0.3564805304,0.5628669612
-121.5000000000,72.5000000000,0.0709178889,0.3056936701,0.6233884410
-120.5000000000,72.5000000000,0.0606375881,0.2569028938,0.6824595181
-119.5000000000,72.5000000000,0.0526201574,0.2230776839,0.7243021587
-117.5000000000,72.5000000000,0.0471548599,0.1935946708,0.7592504693
-116.5000000000,72.5000000000,0.0463846184,0.1834239589,0.7701914227
-115.5000000000,72.5000000000,0.0427606826,0.1761907313,0.7810485862
-114.5000000000,72.5000000000,0.0395418487,0.1706936328,0.7897645185
-113.5000000000,72.5000000000,0.0405059180,0.1675972250,0.7918968570
-112.5000000000,72.5000000000,0.0429613465,0.1708350621,0.7862035913
-111.5000000000,72.5000000000,0.0421990997,0.1792270997,0.7785738006
-109.5000000000,72.5000000000,0.0528598129,0.1965405075,0.7505996796
-107.5000000000,72.5000000000,0.0588181964,0.2249053604,0.7162764432
-106.5000000000,72.5000000000,0.0635505700,0.2423331538,0.6941162761
-105.5000000000,72.5000000000,0.0660287332,0.2632880299,0.6706832370
-101.5000000000,72.5000000000,0.0880383927,0.3762075169,0.5357540904
-100.5000000000,72.5000000000,0.0920802449,0.4072552123,0.5006645428
-99.5000000000,72.5000000000,0.0955243988,0.4317039801,0.4727716211
-98.5000000000,72.5000000000,0.0933353720,0.4485574100,0.4581072180
-97.5000000000,72.5000000000,0.0845488873,0.4535089333,0.4619421795
-96.5000000000,72.5000000000,0.0774128786,0.4436696466,0.4789174748
-94.5000000000,72.5000000000,0.0675219615,0.4216250510,0.5108529875
-93.5000000000,72.5000000000,0.0587471100,0.4154787429,0.5257741471
-89.5000000000,72.5000000000,0.0631455425,0.3878307435,0.5490237140
-88.5000000000,72.5000000000,0.0659828735,0.3802980385,0.5537190880
-87.5000000000,72.5000000000,0.0731055903,0.3710152684,0.5558791413
-86.5000000000,72.5000000000,0.0734143672,0.3658034683,0.5607821645
-85.5000000000,72.5000000000,0.0721375866,0.3578848398,0.5699775737
-84.5000000000,72.5000000000,0.0793247474,0.3476455011,0.5730297516
-83.5000000000,72.5000000000,0.0787037728,0.3354141313,0.5858820960
-82.5000000000,72.5000000000,0.0843107739,0.3189257458,0.5967634803
-81.5000000000,72.5000000000,0.0762772758,0.3038151858,0.6199075383
-80.5000000000,72.5000000000,0.0635055635,0.2917346222,0.6447598143
-78.5000000000,72.5000000000,0.0546568121,0.2508873512,0.6944558368
-77.5000000000,72.5000000000,0.0587122389,0.2247088586,0.7165789025
-76.5000000000,72.5000000000,0.0557487937,0.1995926447,0.7446585616
-75.5000000000,72.5000000000,0.0414126380,0.1829447089,0.7756426531
-123.5000000000,71.5000000000,0.1067130985,0.4206595734,0.4726273281
-122.5000000000,71.5000000000,0.0995564646,0.3662726426,0.5341708928
-121.5000000000,71.5000000000,0.0805827544,0.3177621782,0.6016550674
-117.5000000000,71.5000000000,0.0566870473,0.2161999814,0.7271129713
-116.5000000000,71.5000000000,0.0551550041,0.2066385966,0.7382063994
-114.5000000000,71.5000000000,0.0505005553,0.1870148968,0.7624845478
-113.5000000000,71.5000000000,0.0525465083,0.1807585502,0.7666949415
-112.5000000000,71.5000000000,0.0508827268,0.1860520912,0.7630651821
-111.5000000000,71.5000000000,0.0532167140,0.1909210620,0.7558622239
-110.5000000000,71.5000000000,0.0554999040,0.1955845301,0.7489155658
-109.5000000000,71.5000000000,0.0568969811,0.2058251901,0.7372778288
-108.5000000000,71.5000000000,0.0560965316,0.2182270535,0.7256764149
-107.5000000000,71.5000000000,0.0596315922,0.2316678740,0.7087005338
-106.5000000000,71.5000000000,0.0628180841,0.2460109848,0.6911709311
-105.5000000000,71.5000000000,0.0669075567,0.2612465263,0.6718459170
-104.5000000000,71.5000000000,0.0693524753,0.2837302024,0.6469173223
-98.5000000000,71.5000000000,0.0836725664,0.4292953340,0.4870320996
-95.5000000000,71.5000000000,0.0659676506,0.4224447485,0.5115876010
-94.5000000000,71.5000000000,0.0625455984,0.4132515280,0.5242028736
-93.5000000000,71.5000000000,0.0578357088,0.4073236724,0.5348406188
-89.5000000000,71.5000000000,0.0664009669,0.3858909730,0.5477080601
-88.5000000000,71.5000000000,0.0709905430,0.3789582196,0.5500512374
-87.5000000000,71.5000000000,0.0712790397,0.3729917563,0.5557292040
-86.5000000000,71.5000000000,0.0745073726,0.3649307146,0.5605619128
-85.5000000000,71.5000000000,0.0716503157,0.3606173931,0.5677322911
-84.5000000000,71.5000000000,0.0741455784,0.3525759798,0.5732784418
-83.5000000000,71.5000000000,0.0757975202,0.3399482729,0.5842542069
-82.5000000000,71.5000000000,0.0780472185,0.3241471563,0.5978056253
-81.5000000000,71.5000000000,0.0741762947,0.3058079994,0.6200157059
-80.5000000000,71.5000000000,0.0724354021,0.2879396258,0.6396249721
-79.5000000000,71.5000000000,0.0768251581,0.2667496536,0.6564251883
-78.5000000000,71.5000000000,0.0696639174,0.2465423703,0.6837937123
-77.5000000000,71.5000000000,0.0672511739,0.2242562000,0.7084926261
-76.5000000000,71.5000000000,0.0580423621,0.2019827736,0.7399748643
-75.5000000000,71.5000000000,0.0461331670,0.1821645332,0.7717022998
-74.5000000000,71.5000000000,0.0470611659,0.1589972852,0.7939415489
-72.5000000000,71.5000000000,0.0267822386,0.1272791456,0.8459386158
-158.5000000000,70.5000000000,0.0171855841,0.2140539615,0.7687604544
-157.5000000000,70.5000000000,0.0165645810,0.2012192009,0.7822162181
-156.5000000000,70.5000000000,0.0172980748,0.2135140403,0.7691878849
-155.5000000000,70.5000000000,0.0187814624,0.2354931778,0.7457253598
-154.5000000000,70.5000000000,0.0213134457,0.2677796155,0.7109069389
-153.5000000000,70.5000000000,0.0247060424,0.3020824685,0.6732114892
-152.5000000000,70.5000000000,0.0276587711,0.3245558336,0.6477853953
-149.5000000000,70.5000000000,0.0329218475,0.3376172808,0.6294608717
-111.5000000000,70.5000000000,0.0616339683,0.2166940784,0.7216719533
-110.5000000000,70.5000000000,0.0647620155,0.2168677744,0.7183702101
-109.5000000000,70.5000000000,0.0631925234,0.2223640738,0.7144434028
-108.5000000000,70.5000000000,0.0642608133,0.2288711925,0.7068679942
-107.5000000000,70.5000000000,0.0646532573,0.2379902572,0.6973564855
-106.5000000000,70.5000000000,0.0675481091,0.2476633504,0.6847885405
-105.5000000000,70.5000000000,0.0680067979,0.2607847199,0.6712084822
-104.5000000000,70.5000000000,0.0701634603,0.2802943666,0.6495421731
-103.5000000000,70.5000000000,0.0720048652,0.3003654577,0.6276296771
-95.5000000000,70.5000000000,0.0626657727,0.4068780632,0.5304561641
-94.5000000000,70.5000000000,0.0635296758,0.3984345893,0.5380357349
-93.5000000000,70.5000000000,0.0667001468,0.3924720175,0.5408278357
-92.5000000000,70.5000000000,0.0596619752,0.3956851870,0.5446528378
-88.5000000000,70.5000000000,0.0697728595,0.3792379197,0.5509892208
-87.5000000000,70.5000000000,0.0739139585,0.3741064689,0.5519795726
-86.5000000000,70.5000000000,0.0784822254,0.3658974184,0.5556203563
-85.5000000000,70.5000000000,0.0822909807,0.3562439017,0.5614651176
-84.5000000000,70.5000000000,0.0795338839,0.3484674752,0.5719986409
-83.5000000000,70.5000000000,0.0797140317,0.3390849487,0.5812010196
-82.5000000000,70.5000000000,0.0772879380,0.3244103818,0.5983016803
-81.5000000000,70.5000000000,0.0721663842,0.3105846616,0.6172489543
-80.5000000000,70.5000000000,0.0687161946,0.2941889229,0.6370948825
-79.5000000000,70.5000000000,0.0622232866,0.2763939096,0.6613828039
-78.5000000000,70.5000000000,0.0627354564,0.2532431654,0.6840213782
-77.5000000000,70.5000000000,0.0614901484,0.2303958604,0.7081139912
-76.5000000000,70.5000000000,0.0566457872,0.2071091792,0.7362450336
-75.5000000000,70.5000000000,0.0503838879,0.1827357787,0.7668803334
-74.5000000000,70.5000000000,0.0442965681,0.1604119630,0.7952914689
-73.5000000000,70.5000000000,0.0367373109,0.1426667473,0.8205959418
-72.5000000000,70.5000000000,0.0320975060,0.1254041487,0.8424983453
-71.5000000000,70.5000000000,0.0353469280,0.1066693650,0.8579837069
-70.5000000000,70.5000000000,0.0200308052,0.0969885109,0.8829806839
-69.5000000000,70.5000000000,0.0167794051,0.0858111076,0.8974094873
-68.5000000000,70.5000000000,0.0138294308,0.0764562282,0.9097143410
-162.5000000000,69.5000000000,0.0225835707,0.3297766684,0.6476397609
-161.5000000000,69.5000000000,0.0234709669,0.3237779155,0.6527511176
-160.5000000000,69.5000000000,0.0238968587,0.3037896665,0.6723134748
-159.5000000000,69.5000000000,0.0220483819,0.2852222620,0.6927293560
-158.5000000000,69.5000000000,0.0211823350,0.2709599555,0.7078577095
-157.5000000000,69.5000000000,0.0208683294,0.2670928543,0.7120388164
-156.5000000000,69.5000000000,0.0215150708,0.2820788908,0.6964060384
-155.5000000000,69.5000000000,0.0237725886,0.3055870950,0.6706403163
-154.5000000000,69.5000000000,0.0274162407,0.3513099520,0.6212738072
-153.5000000000,69.5000000000,0.0329837076,0.3918328737,0.5751834187
-152.5000000000,69.5000000000,0.0374829436,0.4140353924,0.5484816640
-151.5000000000,69.5000000000,0.0383397207,0.4129688367,0.5486914426
-150.5000000000,69.5000000000,0.0390869440,0.3968354489,0.5640776071
-149.5000000000,69.5000000000,0.0420940974,0.3854425793,0.5724633233
-148.5000000000,69.5000000000,0.0467725971,0.4019790615,0.5512483414
-147.5000000000,69.5000000000,0.0559531938,0.4199623260,0.5240844801
-146.5000000000,69.5000000000,0.0663137642,0.4394965432,0.4941896925
-145.5000000000,69.5000000000,0.0870762271,0.4610016584,0.4519221144
-144.5000000000,69.5000000000,0.0672235820,0.4953385692,0.4374378489
-143.5000000000,69.5000000000,0.0554189731,0.5060827891,0.4384982378
-142.5000000000,69.5000000000,0.0514224350,0.4853276688,0.4632498962
-141.5000000000,69.5000000000,0.0408048088,0.4510969316,0.5080982596
-140.5000000000,69.5000000000,0.0379698543,0.4216181000,0.5404120457
-139.5000000000,69.5000000000,0.0377315076,0.4401212808,0.5221472116
-132.5000000000,69.5000000000,0.1098987609,0.6960378777,0.1940633614
-131.5000000000,69.5000000000,0.1104915806,0.6960048289,0.1935035904
-130.5000000000,69.5000000000,0.1091418050,0.6923492361,0.1985089590
-129.5000000000,69.5000000000,0.1089529859,0.6791367260,0.2119102881
-128.5000000000,69.5000000000,0.1088460282,0.6631045429,0.2280494288
-127.5000000000,69.5000000000,0.1160310348,0.6364697092,0.2474992560
-126.5000000000,69.5000000000,0.1281325646,0.5978773243,0.2739901111
-125.5000000000,69.5000000000,0.1213452417,0.5654117570,0.3132430013
-124.5000000000,69.5000000000,0.1244021846,0.5189757930,0.3566220225
-122.5000000000,69.5000000000,0.1377317941,0.4119444208,0.4503237851
-121.5000000000,69.5000000000,0.1332675499,0.3655918778,0.5011405723
-116.5000000000,69.5000000000,0.0928559993,0.2913079086,0.6158360921
-115.5000000000,69.5000000000,0.0933913731,0.2811162384,0.6254923885
-114.5000000000,69.5000000000,0.0915159508,0.2728578107,0.6356262385
-113.5000000000,69.5000000000,0.0885268342,0.2623646035,0.6491085623
-112.5000000000,69.5000000000,0.0876016460,0.2524976598,0.6599006942
-111.5000000000,69.5000000000,0.0825129898,0.2485264736,0.6689605366
-110.5000000000,69.5000000000,0.0791950086,0.2452846363,0.6755203551
-109.5000000000,69.5000000000,0.0750263796,0.2428898689,0.6820837516
-108.5000000000,69.5000000000,0.0712150762,0.2436970750,0.6850878488
-107.5000000000,69.5000000000,0.0699142955,0.2506777362,0.6794079683
-106.5000000000,69.5000000000,0.0667879073,0.2547275904,0.6784845023
-105.5000000000,69.5000000000,0.0677230348,0.2629746545,0.6693023107
-104.5000000000,69.5000000000,0.0685222988,0.2774747669,0.6540029344
-103.5000000000,69.5000000000,0.0709735586,0.2953889786,0.6336374629
-97.5000000000,69.5000000000,0.0669133452,0.4017817147,0.5313049401
-96.5000000000,69.5000000000,0.0605521641,0.4026981683,0.5367496675
-95.5000000000,69.5000000000,0.0560485391,0.3976419520,0.5463095089
-92.5000000000,69.5000000000,0.0621323427,0.3904100766,0.5474575806
-91.5000000000,69.5000000000,0.0628645322,0.3908086050,0.5463268628
-90.5000000000,69.5000000000,0.0667468893,0.3875795960,0.5456735146
-85.5000000000,69.5000000000,0.0780991017,0.3650194525,0.5568814459
-84.5000000000,69.5000000000,0.0878927810,0.3482698904,0.5638373286
-83.5000000000,69.5000000000,0.0820249534,0.3421458558,0.5758291909
-82.5000000000,69.5000000000,0.0754280914,0.3310950507,0.5934768578
-76.5000000000,69.5000000000,0.0495114994,0.2152189002,0.7352696004
-75.5000000000,69.5000000000,0.0437173473,0.1894136439,0.7668690088
-74.5000000000,69.5000000000,0.0414702235,0.1648104590,0.7937193175
-73.5000000000,69.5000000000,0.0360290509,0.1449103266,0.8190606225
-72.5000000000,69.5000000000,0.0296236307,0.1279668365,0.8424095328
-71.5000000000,69.5000000000,0.0254565673,0.1112425627,0.8633008701
-70.5000000000,69.5000000000,0.0189718026,0.0972927592,0.8837354382
-69.5000000000,69.5000000000,0.0203699055,0.0836272684,0.8960028261
-68.5000000000,69.5000000000,0.0180083900,0.0736476584,0.9083439516
-165.5000000000,68.5000000000,0.0221128271,0.3190251865,0.6588619864
-164.5000000000,68.5000000000,0.0231717026,0.3349638971,0.6418644003
-163.5000000000,68.5000000000,0.0279699668,0.3461477722,0.6258822610
-162.5000000000,68.5000000000,0.0319001676,0.3542025239,0.6138973085
-161.5000000000,68.5000000000,0.0308597394,0.3574202028,0.6117200578
-160.5000000000,68.5000000000,0.0339068431,0.3447475198,0.6213456372
-159.5000000000,68.5000000000,0.0306197228,0.3407341607,0.6286461165
-158.5000000000,68.5000000000,0.0315696132,0.3394417327,0.6289886541
-157.5000000000,68.5000000000,0.0331913247,0.3532364815,0.6135721938
-156.5000000000,68.5000000000,0.0302577104,0.3884178864,0.5813244032
-155.5000000000,68.5000000000,0.0349327159,0.4261146720,0.5389526120
-154.5000000000,68.5000000000,0.0417323395,0.4678336553,0.4904340052
-153.5000000000,68.5000000000,0.0501666458,0.4986936668,0.4511396874
-152.5000000000,68.5000000000,0.0585935115,0.5128123437,0.4285941448
-151.5000000000,68.5000000000,0.0643828405,0.4974356187,0.4381815408
-150.5000000000,68.5000000000,0.0671106373,0.4700798581,0.4628095046
-149.5000000000,68.5000000000,0.0642578869,0.4460492372,0.4896928760
-148.5000000000,68.5000000000,0.0915022188,0.4511647518,0.4573330294
-147.5000000000,68.5000000000,0.1173357646,0.4607774837,0.4218867516
-146.5000000000,68.5000000000,0.1057610682,0.4899076896,0.4043312422
-145.5000000000,68.5000000000,0.1086081126,0.5312484050,0.3601434824
-144.5000000000,68.5000000000,0.0958412868,0.5562025784,0.3479561349
-143.5000000000,68.5000000000,0.0820197471,0.5657497309,0.3522305220
-142.5000000000,68.5000000000,0.0601035928,0.5568163103,0.3830800969
-141.5000000000,68.5000000000,0.0510421656,0.4964037284,0.4525541059
-140.5000000000,68.5000000000,0.0444311961,0.4390720656,0.5164967384
-139.5000000000,68.5000000000,0.0525144797,0.4516416766,0.4958438437
-138.5000000000,68.5000000000,0.0693307948,0.4906926017,0.4399766035
-137.5000000000,68.5000000000,0.0788687364,0.5435232359,0.3776080276
-136.5000000000,68.5000000000,0.0881163277,0.5954203556,0.3164633167
-135.5000000000,68.5000000000,0.0960090646,0.6437300371,0.2602608984
-134.5000000000,68.5000000000,0.1083669462,0.6732001784,0.2184328754
-133.5000000000,68.5000000000,0.1219720915,0.6892996586,0.1887282499
-132.5000000000,68.5000000000,0.1275503035,0.6927022173,0.1797474792
-131.5000000000,68.5000000000,0.1299179591,0.6879884470,0.1820935939
-130.5000000000,68.5000000000,0.1210461509,0.6903935469,0.1885603023
-129.5000000000,68.5000000000,0.1171530502,0.6814565271,0.2013904226
-128.5000000000,68.5000000000,0.1160067304,0.6676187371,0.2163745326
-127.5000000000,68.5000000000,0.1226667178,0.6463345693,0.2309987129
-126.5000000000,68.5000000000,0.1306109280,0.6168288735,0.2525601985
-125.5000000000,68.5000000000,0.1437642526,0.5745799092,0.2816558382
-124.5000000000,68.5000000000,0.1538719969,0.5307537614,0.3153742417
-123.5000000000,68.5000000000,0.1640025714,0.4832213747,0.3527760539
-122.5000000000,68.5000000000,0.1643553076,0.4430111282,0.3926335642
-121.5000000000,68.5000000000,0.1749933574,0.3990954073,0.4259112353
-120.5000000000,68.5000000000,0.1666687790,0.3769558315,0.4563753895
-119.5000000000,68.5000000000,0.1598418235,0.3620771934,0.4780809831
-118.5000000000,68.5000000000,0.1450987985,0.3582985879,0.4966026136
-117.5000000000,68.5000000000,0.1392136246,0.3531979666,0.5075884088
-116.5000000000,68.5000000000,0.1336135280,0.3445115509,0.5218749210
-115.5000000000,68.5000000000,0.1268754761,0.3348906861,0.5382338377
-114.5000000000,68.5000000000,0.1230099304,0.3272273925,0.5497626771
-112.5000000000,68.5000000000,0.1075295482,0.3023940654,0.5900763864
-107.5000000000,68.5000000000,0.0766238844,0.2652187596,0.6581573559
-105.5000000000,68.5000000000,0.0695659449,0.2663038777,0.6641301773
-104.5000000000,68.5000000000,0.0692942615,0.2756692539,0.6550364846
-97.5000000000,68.5000000000,0.0674417615,0.3942368290,0.5383214095
-96.5000000000,68.5000000000,0.0632753394,0.3968264304,0.5398982301
-93.5000000000,68.5000000000,0.0602423379,0.3918546565,0.5479030056
-92.5000000000,68.5000000000,0.0657849298,0.3897278892,0.5444871810
-91.5000000000,68.5000000000,0.0735735315,0.3859425570,0.5404839115
-89.5000000000,68.5000000000,0.0770974312,0.3843187937,0.5385837751
-88.5000000000,68.5000000000,0.0817203486,0.3801138430,0.5381658084
-85.5000000000,68.5000000000,0.0892583595,0.3611014288,0.5496402117
-84.5000000000,68.5000000000,0.0924488114,0.3519426006,0.5556085881
-83.5000000000,68.5000000000,0.0894920181,0.3434922977,0.5670156842
-73.5000000000,68.5000000000,0.0332919512,0.1520241817,0.8146838671
-72.5000000000,68.5000000000,0.0295081580,0.1325217500,0.8379700921
-71.5000000000,68.5000000000,0.0254908935,0.1156872069,0.8588218996
-70.5000000000,68.5000000000,0.0217886564,0.0981406281,0.8800707155
-69.5000000000,68.5000000000,0.0192016499,0.0847426350,0.8960557151
-68.5000000000,68.5000000000,0.0139214698,0.0746907396,0.9113877905
-163.5000000000,67.5000000000,0.0236581581,0.3624569452,0.6138848967
-162.5000000000,67.5000000000,0.0237591149,0.3827580111,0.5934828741
-161.5000000000,67.5000000000,0.0298919672,0.3890565016,0.5810515312
-160.5000000000,67.5000000000,0.0297441592,0.3969334103,0.5733224305
-159.5000000000,67.5000000000,0.0302163335,0.4025487736,0.5672348928
-158.5000000000,67.5000000000,0.0328261493,0.4189169160,0.5482569347
-157.5000000000,67.5000000000,0.0362432832,0.4457003349,0.5180563819
-156.5000000000,67.5000000000,0.0435642671,0.4894550778,0.4669806551
-155.5000000000,67.5000000000,0.0529309367,0.5385176802,0.4085513830
-154.5000000000,67.5000000000,0.0676285441,0.5722840026,0.3600874534
-153.5000000000,67.5000000000,0.0676334626,0.6006050594,0.3317614779
-152.5000000000,67.5000000000,0.0844239944,0.6076433927,0.3079326128
-151.5000000000,67.5000000000,0.0855829372,0.5909104967,0.3235065661
-150.5000000000,67.5000000000,0.0828232450,0.5689069106,0.3482698444
-149.5000000000,67.5000000000,0.0892011547,0.5503620700,0.3604367753
-148.5000000000,67.5000000000,0.0944770653,0.5618097129,0.3437132219
-147.5000000000,67.5000000000,0.1172775923,0.5688443293,0.3138780784
-146.5000000000,67.5000000000,0.1058505379,0.5925093497,0.3016401124
-145.5000000000,67.5000000000,0.0987076048,0.6210666257,0.2802257694
-144.5000000000,67.5000000000,0.0792502972,0.6481783731,0.2725713297
-143.5000000000,67.5000000000,0.0643910788,0.6570299735,0.2785789476
-142.5000000000,67.5000000000,0.0576434863,0.6473100546,0.2950464591
-141.5000000000,67.5000000000,0.0539449010,0.5788876737,0.3671674253
-140.5000000000,67.5000000000,0.0540985365,0.5142044529,0.4316970106
-139.5000000000,67.5000000000,0.0590503606,0.5064756290,0.4344740104
-138.5000000000,67.5000000000,0.0731989332,0.5274374442,0.3993636227
-137.5000000000,67.5000000000,0.0969497636,0.5542113100,0.3488389264
-136.5000000000,67.5000000000,0.1328754052,0.5775327757,0.2895918191
-135.5000000000,67.5000000000,0.1253622191,0.6317366543,0.2429011266
-134.5000000000,67.5000000000,0.1250554527,0.6659628400,0.2089817072
-133.5000000000,67.5000000000,0.1382815273,0.6769900709,0.1847284018
-132.5000000000,67.5000000000,0.1457811233,0.6792119104,0.1750069663
-131.5000000000,67.5000000000,0.1317777303,0.6899057119,0.1783165579
-130.5000000000,67.5000000000,0.1295842780,0.6847193327,0.1856963894
-129.5000000000,67.5000000000,0.1207296471,0.6818796838,0.1973906691
-128.5000000000,67.5000000000,0.1233199431,0.6687535619,0.2079264950
-127.5000000000,67.5000000000,0.1303183416,0.6509491472,0.2187325112
-126.5000000000,67.5000000000,0.1440867433,0.6228320340,0.2330812226
-125.5000000000,67.5000000000,0.1564465510,0.5897015675,0.2538518815
-124.5000000000,67.5000000000,0.1677424572,0.5526310200,0.2796265229
-123.5000000000,67.5000000000,0.1782025690,0.5165635503,0.3052338808
-122.5000000000,67.5000000000,0.1833630254,0.4822548565,0.3343821181
-121.5000000000,67.5000000000,0.1903342964,0.4505028510,0.3591628526
-120.5000000000,67.5000000000,0.1873825875,0.4314250589,0.3811923536
-119.5000000000,67.5000000000,0.1865965063,0.4182369432,0.3951665505
-118.5000000000,67.5000000000,0.1889243970,0.4060102159,0.4050653871
-117.5000000000,67.5000000000,0.1800429077,0.4034768959,0.4164801964
-116.5000000000,67.5000000000,0.1800469973,0.3941700540,0.4257829487
-115.5000000000,67.5000000000,0.1760490407,0.3831760951,0.4407748642
-114.5000000000,67.5000000000,0.1807001388,0.3658036811,0.4534961801
-113.5000000000,67.5000000000,0.1714292585,0.3507694560,0.4778012855
-112.5000000000,67.5000000000,0.1573119993,0.3370708441,0.5056171565
-111.5000000000,67.5000000000,0.1389835682,0.3221523877,0.5388640441
-110.5000000000,67.5000000000,0.1235834311,0.3079238205,0.5684927484
-109.5000000000,67.5000000000,0.1096226544,0.2970452657,0.5933320799
-107.5000000000,67.5000000000,0.0887233342,0.2797636023,0.6315130636
-106.5000000000,67.5000000000,0.0824038488,0.2741092538,0.6434868974
-105.5000000000,67.5000000000,0.0758859282,0.2713154593,0.6527986125
-104.5000000000,67.5000000000,0.0726054666,0.2759058965,0.6514886369
-103.5000000000,67.5000000000,0.0740058812,0.2915678807,0.6344262381
-102.5000000000,67.5000000000,0.0752833288,0.3099537779,0.6147628933
-101.5000000000,67.5000000000,0.0760870484,0.3310576768,0.5928552748
-100.5000000000,67.5000000000,0.0766608302,0.3498504607,0.5734887091
-99.5000000000,67.5000000000,0.0755755492,0.3647172306,0.5597072202
-98.5000000000,67.5000000000,0.0744953976,0.3799934340,0.5455111684
-97.5000000000,67.5000000000,0.0720851989,0.3900281604,0.5378866407
-96.5000000000,67.5000000000,0.0684256992,0.3965205125,0.5350537883
-94.5000000000,67.5000000000,0.0717094259,0.3942587829,0.5340317912
-93.5000000000,67.5000000000,0.0723176988,0.3946543651,0.5330279361
-92.5000000000,67.5000000000,0.0794139318,0.3904287815,0.5301572867
-91.5000000000,67.5000000000,0.0785224832,0.3883988921,0.5330786247
-90.5000000000,67.5000000000,0.0880598944,0.3823397737,0.5296003318
-89.5000000000,67.5000000000,0.0895216353,0.3830735782,0.5274047865
-88.5000000000,67.5000000000,0.0968068269,0.3802522848,0.5229408884
-85.5000000000,67.5000000000,0.1014840831,0.3619079106,0.5366080063
-84.5000000000,67.5000000000,0.0997073606,0.3534891413,0.5468034981
-83.5000000000,67.5000000000,0.0967732763,0.3467978313,0.5564288925
-82.5000000000,67.5000000000,0.0933894894,0.3365527587,0.5700577518
-81.5000000000,67.5000000000,0.0851221586,0.3253054858,0.5895723555
-76.5000000000,67.5000000000,0.0552237382,0.2244990843,0.7202771775
-75.5000000000,67.5000000000,0.0480627346,0.2020703310,0.7498669345
-71.5000000000,67.5000000000,0.0252222981,0.1199687848,0.8548089172
-70.5000000000,67.5000000000,0.0215664840,0.1020150140,0.8764185020
-69.5000000000,67.5000000000,0.0192741724,0.0864146668,0.8943111608
-68.5000000000,67.5000000000,0.0171663526,0.0737636346,0.9090700128
-67.5000000000,67.5000000000,0.0165494704,0.0630846532,0.9203658763
-66.5000000000,67.5000000000,0.0173209198,0.0546707613,0.9280083188
-65.5000000000,67.5000000000,0.0146294740,0.0524449594,0.9329255666
-64.5000000000,67.5000000000,0.0108990713,0.0531616305,0.9359392982
-164.5000000000,66.5000000000,0.0207040848,0.3464327129,0.6328632023
-160.5000000000,66.5000000000,0.0256163415,0.4346741505,0.5397095079
-159.5000000000,66.5000000000,0.0270862027,0.4529760490,0.5199377483
-158.5000000000,66.5000000000,0.0294972377,0.4849019011,0.4856008613
-157.5000000000,66.5000000000,0.0340511262,0.5223713987,0.4435774750
-156.5000000000,66.5000000000,0.0414900896,0.5726694499,0.3858404605
-155.5000000000,66.5000000000,0.0414869928,0.6257115485,0.3328014587
-154.5000000000,66.5000000000,0.0527893075,0.6575029233,0.2897077693
-153.5000000000,66.5000000000,0.0606649077,0.6774457097,0.2618893826
-152.5000000000,66.5000000000,0.0695523206,0.6842563850,0.2461912944
-151.5000000000,66.5000000000,0.0806250098,0.6684827272,0.2508922630
-150.5000000000,66.5000000000,0.1009626882,0.6480176752,0.2510196366
-149.5000000000,66.5000000000,0.1066723028,0.6405105200,0.2528171771
-148.5000000000,66.5000000000,0.1044558843,0.6480921367,0.2474519790
-147.5000000000,66.5000000000,0.1117583476,0.6529236606,0.2353179917
-146.5000000000,66.5000000000,0.1047400419,0.6645779864,0.2306819718
-145.5000000000,66.5000000000,0.0916297069,0.6874479341,0.2209223591
-144.5000000000,66.5000000000,0.0725577168,0.7032688693,0.2241734140
-143.5000000000,66.5000000000,0.0598529631,0.7073646272,0.2327824097
-142.5000000000,66.5000000000,0.0586604847,0.6890601309,0.2522793844
-141.5000000000,66.5000000000,0.0658124801,0.6357988580,0.2983886619
-140.5000000000,66.5000000000,0.0730935559,0.5821487771,0.3447576670
-139.5000000000,66.5000000000,0.0809794979,0.5573876414,0.3616328607
-138.5000000000,66.5000000000,0.0897139990,0.5616433987,0.3486426023
-137.5000000000,66.5000000000,0.1111595713,0.5737064284,0.3151340003
-136.5000000000,66.5000000000,0.1439148542,0.5862119749,0.2698731709
-135.5000000000,66.5000000000,0.1582902396,0.6141562993,0.2275534612
-134.5000000000,66.5000000000,0.1674385233,0.6305713325,0.2019901442
-133.5000000000,66.5000000000,0.1546865748,0.6573328625,0.1879805626
-132.5000000000,66.5000000000,0.1538866026,0.6673389745,0.1787744229
-131.5000000000,66.5000000000,0.1436284050,0.6772566914,0.1791149036
-130.5000000000,66.5000000000,0.1291041811,0.6835510079,0.1873448110
-129.5000000000,66.5000000000,0.1220599973,0.6818938703,0.1960461324
-128.5000000000,66.5000000000,0.1218135710,0.6717317741,0.2064546548
-127.5000000000,66.5000000000,0.1294911564,0.6574577337,0.2130511099
-126.5000000000,66.5000000000,0.1507917002,0.6331143404,0.2160939594
-125.5000000000,66.5000000000,0.1754077008,0.5965607766,0.2280315226
-124.5000000000,66.5000000000,0.1899348985,0.5655742759,0.2444908256
-123.5000000000,66.5000000000,0.2005992062,0.5352531618,0.2641476320
-122.5000000000,66.5000000000,0.1960185795,0.5194769429,0.2845044776
-121.5000000000,66.5000000000,0.2000762748,0.5024196816,0.2975040437
-120.5000000000,66.5000000000,0.2018168543,0.4867736079,0.3114095378
-119.5000000000,66.5000000000,0.2149495806,0.4669133806,0.3181370388
-118.5000000000,66.5000000000,0.2186469461,0.4574642130,0.3238888409
-117.5000000000,66.5000000000,0.2135482233,0.4519664446,0.3344853321
-116.5000000000,66.5000000000,0.2328307925,0.4292104651,0.3379587424
-115.5000000000,66.5000000000,0.2456151741,0.4099346180,0.3444502079
-114.5000000000,66.5000000000,0.2385328494,0.3986240692,0.3628430814
-113.5000000000,66.5000000000,0.2220803990,0.3853960179,0.3925235831
-112.5000000000,66.5000000000,0.2039561893,0.3670432137,0.4290005970
-111.5000000000,66.5000000000,0.1827117889,0.3468331214,0.4704550897
-110.5000000000,66.5000000000,0.1582841181,0.3305251079,0.5111907741
-109.5000000000,66.5000000000,0.1364806036,0.3172223459,0.5462970505
-108.5000000000,66.5000000000,0.1290906261,0.3017670358,0.5691423381
-107.5000000000,66.5000000000,0.1002146969,0.3006118977,0.5991734055
-106.5000000000,66.5000000000,0.0977639453,0.2875687516,0.6146673031
-105.5000000000,66.5000000000,0.0901209751,0.2825370721,0.6273419528
-104.5000000000,66.5000000000,0.0823402957,0.2831120324,0.6345476719
-103.5000000000,66.5000000000,0.0825855824,0.2967596021,0.6206548156
-102.5000000000,66.5000000000,0.0829896484,0.3134349350,0.6035754166
-101.5000000000,66.5000000000,0.0846632551,0.3319195420,0.5834172029
-100.5000000000,66.5000000000,0.0851571394,0.3473388035,0.5675040571
-99.5000000000,66.5000000000,0.0841655946,0.3615188293,0.5543155760
-98.5000000000,66.5000000000,0.0836493650,0.3763216635,0.5400289715
-97.5000000000,66.5000000000,0.0815080542,0.3850049282,0.5334870176
-96.5000000000,66.5000000000,0.0792768801,0.3954956166,0.5252275033
-95.5000000000,66.5000000000,0.0784025845,0.3989631589,0.5226342566
-94.5000000000,66.5000000000,0.0861355621,0.3978447816,0.5160196563
-93.5000000000,66.5000000000,0.0875331163,0.3987080401,0.5137588435
-92.5000000000,66.5000000000,0.0898180803,0.3982775407,0.5119043790
-91.5000000000,66.5000000000,0.0900755107,0.3979025400,0.5120219493
-90.5000000000,66.5000000000,0.1019705384,0.3870916944,0.5109377672
-89.5000000000,66.5000000000,0.0996564546,0.3890212052,0.5113223402
-88.5000000000,66.5000000000,0.1074664486,0.3853251961,0.5072083553
-87.5000000000,66.5000000000,0.1025880024,0.3836509461,0.5137610516
-84.5000000000,66.5000000000,0.1020523137,0.3622800368,0.5356676495
-83.5000000000,66.5000000000,0.0987438601,0.3549078249,0.5463483150
-73.5000000000,66.5000000000,0.0377843790,0.1639766882,0.7982389328
-72.5000000000,66.5000000000,0.0325540008,0.1447062983,0.8227397009
-71.5000000000,66.5000000000,0.0275184608,0.1259916703,0.8464898689
-70.5000000000,66.5000000000,0.0225390255,0.1072241237,0.8702368509
-69.5000000000,66.5000000000,0.0183438207,0.0913650128,0.8902911665
-68.5000000000,66.5000000000,0.0158745588,0.0775422636,0.9065831776
-67.5000000000,66.5000000000,0.0129928945,0.0659685151,0.9210385905
-66.5000000000,66.5000000000,0.0125876737,0.0569866148,0.9304257115
-65.5000000000,66.5000000000,0.0105208375,0.0555547985,0.9339243639
-64.5000000000,66.5000000000,0.0143303518,0.0532318161,0.9324378322
-63.5000000000,66.5000000000,0.0133229813,0.0542053162,0.9324717025
-62.5000000000,66.5000000000,0.0130950933,0.0558187958,0.9310861109
-167.5000000000,65.5000000000,0.0177458253,0.2669206037,0.7153335710
-166.5000000000,65.5000000000,0.0187576198,0.2934233663,0.6878190139
-165.5000000000,65.5000000000,0.0214970543,0.3183125892,0.6601903565
-164.5000000000,65.5000000000,0.0223276451,0.3427045679,0.6349677870
-163.5000000000,65.5000000000,0.0236321297,0.3666475453,0.6097203250
-162.5000000000,65.5000000000,0.0237009139,0.3957057653,0.5805933208
-161.5000000000,65.5000000000,0.0279219662,0.4199893169,0.5520887169
-160.5000000000,65.5000000000,0.0290318065,0.4472364522,0.5237317413
-159.5000000000,65.5000000000,0.0307598943,0.4803856860,0.4888544196
-158.5000000000,65.5000000000,0.0338424644,0.5195545202,0.4466030154
-157.5000000000,65.5000000000,0.0340099514,0.5657010742,0.4002889744
-156.5000000000,65.5000000000,0.0386109732,0.6180150828,0.3433739439
-155.5000000000,65.5000000000,0.0461480309,0.6611507581,0.2927012111
-154.5000000000,65.5000000000,0.0580780472,0.6926074634,0.2493144894
-153.5000000000,65.5000000000,0.0715344025,0.7085827565,0.2198828410
-152.5000000000,65.5000000000,0.0845151275,0.7122772364,0.2032076361
-151.5000000000,65.5000000000,0.0929114274,0.7131426427,0.1939459298
-150.5000000000,65.5000000000,0.0943784500,0.7175430793,0.1880784707
-149.5000000000,65.5000000000,0.1115434400,0.7037102359,0.1847463241
