Lon,Lat,C_LonLatElev,B_LonLatElev,U_LonLatElev
-115.5000000000,75.5000000000,0.0457754525,0.1632097445,0.7910148031
-114.5000000000,75.5000000000,0.0490156633,0.1734701072,0.7775142295
-113.5000000000,75.5000000000,0.0504581518,0.1862639487,0.7632778995
-112.5000000000,75.5000000000,0.0523948279,0.2077918134,0.7398133586
-111.5000000000,75.5000000000,0.0522551280,0.2241330493,0.7236118228
-110.5000000000,75.5000000000,0.0537545422,0.2373765542,0.7088689035
-109.5000000000,75.5000000000,0.0569742451,0.2578985174,0.6851272375
-108.5000000000,75.5000000000,0.0606712068,0.2775565268,0.6617722664
-107.5000000000,75.5000000000,0.0668746073,0.3024210543,0.6307043383
-106.5000000000,75.5000000000,0.0680380013,0.3131110524,0.6188509463
-99.5000000000,75.5000000000,0.0614115795,0.3512608101,0.5873276104
-98.5000000000,75.5000000000,0.0613610092,0.3590229231,0.5796160678
-95.5000000000,75.5000000000,0.0595559469,0.3817305269,0.5587135262
-94.5000000000,75.5000000000,0.0606665367,0.4024784935,0.5368549698
-91.5000000000,75.5000000000,0.0622103145,0.4779794659,0.4598102196
-90.5000000000,75.5000000000,0.0636228759,0.5227949796,0.4135821445
-89.5000000000,75.5000000000,0.0621379979,0.5637740154,0.3740879866
-88.5000000000,75.5000000000,0.0569307718,0.5946270059,0.3484422223
-85.5000000000,75.5000000000,0.0463340365,0.7016611976,0.2520047659
-84.5000000000,75.5000000000,0.0428855101,0.7283478455,0.2287666443
-83.5000000000,75.5000000000,0.0442266468,0.7468399179,0.2089334353
-82.5000000000,75.5000000000,0.0426195826,0.7480808626,0.2092995548
-81.5000000000,75.5000000000,0.0369098008,0.7246563249,0.2384338742
-80.5000000000,75.5000000000,0.0363070927,0.6949561221,0.2687367852
-121.5000000000,74.5000000000,0.0443725531,0.2343677294,0.7212597176
-113.5000000000,74.5000000000,0.0507157285,0.1918299541,0.7574543174
-112.5000000000,74.5000000000,0.0537735522,0.2095474011,0.7366790467
-97.5000000000,74.5000000000,0.0601070080,0.3623861619,0.5775068301
-88.5000000000,74.5000000000,0.0573356377,0.5890732958,0.3535910665
-87.5000000000,74.5000000000,0.0579337866,0.6260752129,0.3159910005
-86.5000000000,74.5000000000,0.0510311615,0.6561666286,0.2928022100
-123.5000000000,73.5000000000,0.0683380161,0.4617481509,0.4699138330
-122.5000000000,73.5000000000,0.0624228813,0.3752328010,0.5623443177
-121.5000000000,73.5000000000,0.0531843343,0.2686376462,0.6781780195
-120.5000000000,73.5000000000,0.0467695291,0.1950131283,0.7582173426
-119.5000000000,73.5000000000,0.0487650514,0.1788022152,0.7724327333
-118.5000000000,73.5000000000,0.0520118106,0.1715941065,0.7763940828
-117.5000000000,73.5000000000,0.0543890323,0.1745829757,0.7710279919
-116.5000000000,73.5000000000,0.0544940433,0.1787656240,0.7667403328
-115.5000000000,73.5000000000,0.0548046288,0.1850779119,0.7601174593
-106.5000000000,73.5000000000,0.0723893642,0.3279057069,0.5997049289
-105.5000000000,73.5000000000,0.0710869187,0.3348038294,0.5941092519
-104.5000000000,73.5000000000,0.0668788874,0.3344222079,0.5986989047
-101.5000000000,73.5000000000,0.0595864435,0.3349020880,0.6055114684
-100.5000000000,73.5000000000,0.0604964208,0.3385514656,0.6009521136
-99.5000000000,73.5000000000,0.0591979131,0.3410546300,0.5997474569
-98.5000000000,73.5000000000,0.0601501204,0.3464648937,0.5933849859
-95.5000000000,73.5000000000,0.0613881556,0.3769815435,0.5616303009
-94.5000000000,73.5000000000,0.0623328426,0.3918782017,0.5457889557
-93.5000000000,73.5000000000,0.0635430077,0.4158741666,0.5205828258
-92.5000000000,73.5000000000,0.0653042733,0.4426827591,0.4920129676
-91.5000000000,73.5000000000,0.0657025418,0.4766331228,0.4576643354
-87.5000000000,73.5000000000,0.0606932385,0.6168803532,0.3224264083
-86.5000000000,73.5000000000,0.0569408007,0.6427402143,0.3003189850
-83.5000000000,73.5000000000,0.0457819775,0.7004535797,0.2537644428
-82.5000000000,73.5000000000,0.0436514177,0.6999938897,0.2563546926
-81.5000000000,73.5000000000,0.0410535369,0.6822578864,0.2766885767
-80.5000000000,73.5000000000,0.0443643174,0.6596424099,0.2959932727
-79.5000000000,73.5000000000,0.0444881334,0.6236657815,0.3318460851
-78.5000000000,73.5000000000,0.0394288834,0.5787059154,0.3818652012
-77.5000000000,73.5000000000,0.0390597333,0.5311585364,0.4297817303
-124.5000000000,72.5000000000,0.0882509754,0.5643965727,0.3473524519
-123.5000000000,72.5000000000,0.0817046843,0.5219024949,0.3963928208
-122.5000000000,72.5000000000,0.0745810151,0.4454681676,0.4799508172
-121.5000000000,72.5000000000,0.0698369865,0.3362546956,0.5939083179
-120.5000000000,72.5000000000,0.0647194011,0.2499212666,0.6853593322
-119.5000000000,72.5000000000,0.0681829313,0.2270756287,0.7047414399
-117.5000000000,72.5000000000,0.0682593811,0.2033062557,0.7284343632
-116.5000000000,72.5000000000,0.0699604257,0.2083976911,0.7216418832
-115.5000000000,72.5000000000,0.0673871950,0.2090920966,0.7235207084
-114.5000000000,72.5000000000,0.0629535329,0.2111006350,0.7259458321
-113.5000000000,72.5000000000,0.0624150475,0.2208992904,0.7166856621
-112.5000000000,72.5000000000,0.0650651922,0.2344741074,0.7004607004
-111.5000000000,72.5000000000,0.0655707600,0.2519058427,0.6825233972
-109.5000000000,72.5000000000,0.0767153164,0.2951215547,0.6281631289
-107.5000000000,72.5000000000,0.0791311197,0.3259692841,0.5948995961
-106.5000000000,72.5000000000,0.0780963359,0.3386354389,0.5832682252
-105.5000000000,72.5000000000,0.0736863475,0.3446152648,0.5816983877
-101.5000000000,72.5000000000,0.0614360027,0.3369786798,0.6015853175
-100.5000000000,72.5000000000,0.0597477302,0.3350896233,0.6051626465
-99.5000000000,72.5000000000,0.0596333063,0.3380356522,0.6023310415
-98.5000000000,72.5000000000,0.0580055037,0.3417727705,0.6002217258
-97.5000000000,72.5000000000,0.0567329604,0.3509673067,0.5922997329
-96.5000000000,72.5000000000,0.0575997761,0.3578147321,0.5845854918
-94.5000000000,72.5000000000,0.0608724440,0.3853089922,0.5538185638
-93.5000000000,72.5000000000,0.0603537625,0.4087236329,0.5309226046
-89.5000000000,72.5000000000,0.0673005559,0.5337182171,0.3989812270
-88.5000000000,72.5000000000,0.0666284789,0.5669604466,0.3664110745
-87.5000000000,72.5000000000,0.0660431652,0.6008158292,0.3331410056
-86.5000000000,72.5000000000,0.0599268106,0.6214093639,0.3186638255
-85.5000000000,72.5000000000,0.0549114820,0.6441729014,0.3009156165
-84.5000000000,72.5000000000,0.0539750403,0.6628165491,0.2832084106
-83.5000000000,72.5000000000,0.0514262206,0.6716657185,0.2769080610
-82.5000000000,72.5000000000,0.0511948095,0.6691604173,0.2796447732
-81.5000000000,72.5000000000,0.0478788223,0.6545421358,0.2975790418
-80.5000000000,72.5000000000,0.0429478715,0.6238478009,0.3332043276
-78.5000000000,72.5000000000,0.0396934269,0.5528516543,0.4074549188
-77.5000000000,72.5000000000,0.0415353033,0.5154873409,0.4429773558
-76.5000000000,72.5000000000,0.0405111255,0.4716421640,0.4878467104
-75.5000000000,72.5000000000,0.0346949204,0.4202467215,0.5450583581
-123.5000000000,71.5000000000,0.1028891256,0.5638765847,0.3332342897
-122.5000000000,71.5000000000,0.0974614224,0.5173543484,0.3851842292
-121.5000000000,71.5000000000,0.0926497605,0.4013936677,0.5059565718
-117.5000000000,71.5000000000,0.0907767288,0.2396894939,0.6695337774
-116.5000000000,71.5000000000,0.0903883533,0.2412508566,0.6683607901
-114.5000000000,71.5000000000,0.0835831223,0.2415405878,0.6748762900
-113.5000000000,71.5000000000,0.0818633415,0.2489739099,0.6691627486
-112.5000000000,71.5000000000,0.0801764347,0.2582861566,0.6615374087
-111.5000000000,71.5000000000,0.0839302080,0.2807582463,0.6353115458
-110.5000000000,71.5000000000,0.0876656829,0.3005044006,0.6118299165
-109.5000000000,71.5000000000,0.0879401768,0.3161181842,0.5959416390
-108.5000000000,71.5000000000,0.0862096029,0.3333424317,0.5804479654
-107.5000000000,71.5000000000,0.0850848121,0.3429086373,0.5720065506
-106.5000000000,71.5000000000,0.0832803902,0.3544880513,0.5622315584
-105.5000000000,71.5000000000,0.0796838725,0.3584800174,0.5618361101
-104.5000000000,71.5000000000,0.0734506490,0.3557486411,0.5708007099
-98.5000000000,71.5000000000,0.0582765126,0.3354507809,0.6062727065
-95.5000000000,71.5000000000,0.0566067150,0.3604406505,0.5829526345
-94.5000000000,71.5000000000,0.0588732429,0.3810574993,0.5600692578
-93.5000000000,71.5000000000,0.0610940976,0.4041653375,0.5347405648
-89.5000000000,71.5000000000,0.0726420000,0.5230197056,0.4043382944
-88.5000000000,71.5000000000,0.0724648288,0.5512712687,0.3762639025
-87.5000000000,71.5000000000,0.0695498980,0.5829971541,0.3474529479
-86.5000000000,71.5000000000,0.0650986124,0.6008652565,0.3340361311
-85.5000000000,71.5000000000,0.0589198100,0.6148867275,0.3261934625
-84.5000000000,71.5000000000,0.0562945652,0.6295266025,0.3141788322
-83.5000000000,71.5000000000,0.0551801448,0.6371105823,0.3077092729
-82.5000000000,71.5000000000,0.0551829097,0.6371276665,0.3076894238
-81.5000000000,71.5000000000,0.0528818098,0.6245941590,0.3225240312
-80.5000000000,71.5000000000,0.0504093017,0.5991479270,0.3504427712
-79.5000000000,71.5000000000,0.0503866770,0.5722965886,0.3773167344
-78.5000000000,71.5000000000,0.0478593582,0.5348491114,0.4172915304
-77.5000000000,71.5000000000,0.0464281086,0.4958394960,0.4577323954
-76.5000000000,71.5000000000,0.0426848404,0.4501374542,0.5071777054
-75.5000000000,71.5000000000,0.0375294643,0.4041554876,0.5583150481
-74.5000000000,71.5000000000,0.0377878584,0.3708609169,0.5913512247
-72.5000000000,71.5000000000,0.0265165476,0.2932696842,0.6802137682
-158.5000000000,70.5000000000,0.0231699594,0.1725837162,0.8042463244
-157.5000000000,70.5000000000,0.0199155561,0.1456359146,0.8344485293
-156.5000000000,70.5000000000,0.0178094281,0.1337834321,0.8484071398
-155.5000000000,70.5000000000,0.0172359117,0.1359298319,0.8468342564
-154.5000000000,70.5000000000,0.0209002123,0.1636640520,0.8154357357
-153.5000000000,70.5000000000,0.0255665608,0.1965291087,0.7779043305
-152.5000000000,70.5000000000,0.0292606487,0.2180377584,0.7527015929
-149.5000000000,70.5000000000,0.0344050590,0.2266503840,0.7389445570
-111.5000000000,70.5000000000,0.1033682682,0.3123783932,0.5842533385
-110.5000000000,70.5000000000,0.1039218211,0.3303016739,0.5657765050
-109.5000000000,70.5000000000,0.1021953711,0.3436595245,0.5541451044
-108.5000000000,70.5000000000,0.1019772014,0.3571674877,0.5408553109
-107.5000000000,70.5000000000,0.0997446929,0.3653010533,0.5349542538
-106.5000000000,70.5000000000,0.0949644625,0.3715113406,0.5335241969
-105.5000000000,70.5000000000,0.0868441354,0.3709575416,0.5421983230
-104.5000000000,70.5000000000,0.0794110153,0.3653464102,0.5552425745
-103.5000000000,70.5000000000,0.0733493775,0.3564910986,0.5701595240
-95.5000000000,70.5000000000,0.0575883380,0.3564156547,0.5859960074
-94.5000000000,70.5000000000,0.0618412203,0.3770633951,0.5610953846
-93.5000000000,70.5000000000,0.0679570449,0.4025598211,0.5294831340
-92.5000000000,70.5000000000,0.0675462545,0.4257375530,0.5067161925
-88.5000000000,70.5000000000,0.0767689046,0.5326160561,0.3906150393
-87.5000000000,70.5000000000,0.0756446062,0.5597902972,0.3645650966
-86.5000000000,70.5000000000,0.0728400822,0.5816453211,0.3455145967
-85.5000000000,70.5000000000,0.0704983131,0.5948234063,0.3346782806
-84.5000000000,70.5000000000,0.0669176962,0.6064286682,0.3266536356
-83.5000000000,70.5000000000,0.0641744215,0.6123227501,0.3235028284
-82.5000000000,70.5000000000,0.0617276618,0.6071426150,0.3311297232
-81.5000000000,70.5000000000,0.0576420425,0.5930203142,0.3493376433
-80.5000000000,70.5000000000,0.0542110057,0.5712007524,0.3745882419
-79.5000000000,70.5000000000,0.0496806993,0.5356723837,0.4146469170
-78.5000000000,70.5000000000,0.0496174605,0.5093825236,0.4410000159
-77.5000000000,70.5000000000,0.0474776216,0.4753518039,0.4771705745
-76.5000000000,70.5000000000,0.0441985586,0.4329755216,0.5228259198
-75.5000000000,70.5000000000,0.0407816358,0.3920502038,0.5671681604
-74.5000000000,70.5000000000,0.0374518049,0.3556222113,0.6069259838
-73.5000000000,70.5000000000,0.0332946219,0.3195446381,0.6471607400
-72.5000000000,70.5000000000,0.0294879074,0.2855054183,0.6850066744
-71.5000000000,70.5000000000,0.0303664272,0.2677062901,0.7019272827
-70.5000000000,70.5000000000,0.0214753198,0.2314107711,0.7471139091
-69.5000000000,70.5000000000,0.0191970194,0.2126592975,0.7681436831
-68.5000000000,70.5000000000,0.0175192501,0.1985150847,0.7839656652
-162.5000000000,69.5000000000,0.0348813983,0.3035858202,0.6615327815
-161.5000000000,69.5000000000,0.0345639269,0.3050190407,0.6604170324
-160.5000000000,69.5000000000,0.0339821048,0.2904820079,0.6755358872
-159.5000000000,69.5000000000,0.0316652381,0.2611072293,0.7072275325
-158.5000000000,69.5000000000,0.0297638974,0.2289419137,0.7412941889
-157.5000000000,69.5000000000,0.0265895167,0.2001579436,0.7732525397
-156.5000000000,69.5000000000,0.0249264374,0.1906685039,0.7844050586
-155.5000000000,69.5000000000,0.0247487753,0.1922114411,0.7830397836
-154.5000000000,69.5000000000,0.0332606238,0.2495682003,0.7171711759
-153.5000000000,69.5000000000,0.0428338281,0.3002079470,0.6569582248
-152.5000000000,69.5000000000,0.0488603497,0.3210802447,0.6300594056
-151.5000000000,69.5000000000,0.0491471649,0.3158007661,0.6350520690
-150.5000000000,69.5000000000,0.0462977923,0.2925593388,0.6611428689
-149.5000000000,69.5000000000,0.0466409022,0.2797626546,0.6735964433
-148.5000000000,69.5000000000,0.0572700677,0.3104209548,0.6323089776
-147.5000000000,69.5000000000,0.0774672394,0.3513144708,0.5712182898
-146.5000000000,69.5000000000,0.1040801266,0.3928748222,0.5030450512
-145.5000000000,69.5000000000,0.1446655258,0.4290666774,0.4262677968
-144.5000000000,69.5000000000,0.1482593119,0.4538296189,0.3979110692
-143.5000000000,69.5000000000,0.1487530005,0.4633482235,0.3878987760
-142.5000000000,69.5000000000,0.1440547515,0.4609841720,0.3949610765
-141.5000000000,69.5000000000,0.1202533646,0.4443154213,0.4354312140
-140.5000000000,69.5000000000,0.1034135200,0.4369100122,0.4596764678
-139.5000000000,69.5000000000,0.0874209459,0.4397761178,0.4728029362
-132.5000000000,69.5000000000,0.1290935981,0.6457065562,0.2251998457
-131.5000000000,69.5000000000,0.1402664784,0.6470954580,0.2126380636
-130.5000000000,69.5000000000,0.1508493901,0.6397875646,0.2093630453
-129.5000000000,69.5000000000,0.1630061152,0.6339678065,0.2030260783
-128.5000000000,69.5000000000,0.1684364223,0.6288705452,0.2026930326
-127.5000000000,69.5000000000,0.1771372039,0.6191279219,0.2037348741
-126.5000000000,69.5000000000,0.1874502587,0.6046779265,0.2078718148
-125.5000000000,69.5000000000,0.1778200526,0.5966028824,0.2255770650
-124.5000000000,69.5000000000,0.1738239096,0.5695158840,0.2566602063
-122.5000000000,69.5000000000,0.1828436487,0.4781371582,0.3390191930
-121.5000000000,69.5000000000,0.1869870028,0.4032840542,0.4097289430
-116.5000000000,69.5000000000,0.1640420848,0.3208434781,0.5151144371
-115.5000000000,69.5000000000,0.1581569881,0.3187893700,0.5230536418
-114.5000000000,69.5000000000,0.1508216252,0.3205964926,0.5285818823
-113.5000000000,69.5000000000,0.1443838372,0.3270343055,0.5285818574
-112.5000000000,69.5000000000,0.1426799089,0.3396870587,0.5176330324
-111.5000000000,69.5000000000,0.1355331934,0.3534784217,0.5109883849
-110.5000000000,69.5000000000,0.1311929452,0.3653642885,0.5034427663
-109.5000000000,69.5000000000,0.1258187622,0.3766924691,0.4974887688
-108.5000000000,69.5000000000,0.1204993494,0.3851649420,0.4943357086
-107.5000000000,69.5000000000,0.1122543461,0.3897449408,0.4980007131
-106.5000000000,69.5000000000,0.1008592203,0.3878400006,0.5113007792
-105.5000000000,69.5000000000,0.0941614304,0.3857502497,0.5200883199
-104.5000000000,69.5000000000,0.0839193192,0.3727865265,0.5432941543
-103.5000000000,69.5000000000,0.0776476398,0.3570828079,0.5652695523
-97.5000000000,69.5000000000,0.0592156229,0.3212157554,0.6195686218
-96.5000000000,69.5000000000,0.0578720530,0.3326815142,0.6094464328
-95.5000000000,69.5000000000,0.0571945857,0.3492371012,0.5935683131
-92.5000000000,69.5000000000,0.0745701748,0.4224025047,0.5030273205
-91.5000000000,69.5000000000,0.0776840613,0.4455245381,0.4767914006
-90.5000000000,69.5000000000,0.0814044876,0.4703655123,0.4482300001
-85.5000000000,69.5000000000,0.0769567748,0.5662211675,0.3568220576
-84.5000000000,69.5000000000,0.0784802719,0.5795613915,0.3419583366
-83.5000000000,69.5000000000,0.0726346301,0.5811347827,0.3462305872
-82.5000000000,69.5000000000,0.0669680964,0.5761400524,0.3568918512
-76.5000000000,69.5000000000,0.0432173844,0.4139083142,0.5428743015
-75.5000000000,69.5000000000,0.0391928175,0.3753354267,0.5854717558
-74.5000000000,69.5000000000,0.0379983213,0.3447310012,0.6172706775
-73.5000000000,69.5000000000,0.0337901046,0.3103965474,0.6558133481
-72.5000000000,69.5000000000,0.0294465356,0.2793698193,0.6911836451
-71.5000000000,69.5000000000,0.0262212988,0.2552000380,0.7185786633
-70.5000000000,69.5000000000,0.0218027163,0.2275725630,0.7506247207
-69.5000000000,69.5000000000,0.0228939721,0.2179296503,0.7591763776
-68.5000000000,69.5000000000,0.0220350089,0.2045575410,0.7734074501
-165.5000000000,68.5000000000,0.0368659899,0.2944238574,0.6687101527
-164.5000000000,68.5000000000,0.0372451458,0.3129241620,0.6498306923
-163.5000000000,68.5000000000,0.0409924125,0.3372307882,0.6217767994
-162.5000000000,68.5000000000,0.0439822684,0.3584957347,0.5975219969
-161.5000000000,68.5000000000,0.0432090126,0.3681375260,0.5886534614
-160.5000000000,68.5000000000,0.0465318136,0.3719333108,0.5815348757
-159.5000000000,68.5000000000,0.0441352673,0.3459350487,0.6099296841
-158.5000000000,68.5000000000,0.0451432690,0.3234058827,0.6314508483
-157.5000000000,68.5000000000,0.0450663600,0.3037154257,0.6512182144
-156.5000000000,68.5000000000,0.0449770851,0.3229307827,0.6320921322
-155.5000000000,68.5000000000,0.0534360733,0.3631103912,0.5834535355
-154.5000000000,68.5000000000,0.0698827858,0.4295165034,0.5006007108
-153.5000000000,68.5000000000,0.0858711732,0.4640397338,0.4500890930
-152.5000000000,68.5000000000,0.0931759029,0.4660774990,0.4407465981
-151.5000000000,68.5000000000,0.0940732537,0.4468601752,0.4590665711
-150.5000000000,68.5000000000,0.0861653081,0.4050231578,0.5088115340
-149.5000000000,68.5000000000,0.0764832968,0.3684703058,0.5550463975
-148.5000000000,68.5000000000,0.1053556870,0.4137868794,0.4808574336
-147.5000000000,68.5000000000,0.1409447331,0.4502862243,0.4087690425
-146.5000000000,68.5000000000,0.1574673001,0.4725642642,0.3699684356
-145.5000000000,68.5000000000,0.1942135291,0.4923462031,0.3134402679
-144.5000000000,68.5000000000,0.2136277899,0.5031653296,0.2832068805
-143.5000000000,68.5000000000,0.2172798246,0.5045783133,0.2781418621
-142.5000000000,68.5000000000,0.1848143535,0.4939887124,0.3211969341
-141.5000000000,68.5000000000,0.1537377822,0.4633842136,0.3828780042
-140.5000000000,68.5000000000,0.1205682677,0.4321680840,0.4472636482
-139.5000000000,68.5000000000,0.1048539381,0.4382702916,0.4568757703
-138.5000000000,68.5000000000,0.1074985366,0.4812829411,0.4112185224
-137.5000000000,68.5000000000,0.1115783112,0.5322717300,0.3561499588
-136.5000000000,68.5000000000,0.1184251910,0.5805886884,0.3009861206
-135.5000000000,68.5000000000,0.1263505776,0.6187815936,0.2548678288
-134.5000000000,68.5000000000,0.1392836512,0.6413164956,0.2193998532
-133.5000000000,68.5000000000,0.1524882244,0.6477076602,0.1998041154
-132.5000000000,68.5000000000,0.1675164391,0.6442150151,0.1882685459
-131.5000000000,68.5000000000,0.1786475503,0.6351451041,0.1862073456
-130.5000000000,68.5000000000,0.1839815465,0.6280073736,0.1880110799
-129.5000000000,68.5000000000,0.1938786205,0.6179577812,0.1881635983
-128.5000000000,68.5000000000,0.2019164971,0.6082191050,0.1898643979
-127.5000000000,68.5000000000,0.2122641348,0.6019936599,0.1857422053
-126.5000000000,68.5000000000,0.2248428020,0.5866721807,0.1884850173
-125.5000000000,68.5000000000,0.2312051014,0.5742626459,0.1945322527
-124.5000000000,68.5000000000,0.2309746946,0.5512169809,0.2178083245
-123.5000000000,68.5000000000,0.2369786097,0.5179827468,0.2450386436
-122.5000000000,68.5000000000,0.2382547166,0.4682945481,0.2934507353
-121.5000000000,68.5000000000,0.2497442753,0.4154487078,0.3348070168
-120.5000000000,68.5000000000,0.2484653100,0.3854528603,0.3660818297
-119.5000000000,68.5000000000,0.2444431941,0.3722394373,0.3833173686
-118.5000000000,68.5000000000,0.2329003014,0.3628315785,0.4042681200
-117.5000000000,68.5000000000,0.2313618826,0.3612361868,0.4074019305
-116.5000000000,68.5000000000,0.2246580683,0.3604519659,0.4148899657
-115.5000000000,68.5000000000,0.2147679098,0.3608016060,0.4244304842
-114.5000000000,68.5000000000,0.2033283393,0.3639458085,0.4327258522
-112.5000000000,68.5000000000,0.1805346251,0.3822933323,0.4371720426
-107.5000000000,68.5000000000,0.1288905547,0.4115624244,0.4595470209
-105.5000000000,68.5000000000,0.1040358490,0.3981119244,0.4978522266
-104.5000000000,68.5000000000,0.0926511890,0.3837309568,0.5236178543
-97.5000000000,68.5000000000,0.0663394581,0.3158455879,0.6178149540
-96.5000000000,68.5000000000,0.0648339902,0.3275927990,0.6075732109
-93.5000000000,68.5000000000,0.0742548043,0.3902625478,0.5354826479
-92.5000000000,68.5000000000,0.0842596358,0.4208989044,0.4948414598
-91.5000000000,68.5000000000,0.0906939337,0.4380558598,0.4712502065
-89.5000000000,68.5000000000,0.0969243620,0.4831314382,0.4199441998
-88.5000000000,68.5000000000,0.0996718900,0.5022087198,0.3981193902
-85.5000000000,68.5000000000,0.0934228261,0.5417430658,0.3648341081
-84.5000000000,68.5000000000,0.0896330108,0.5495880708,0.3607789183
-83.5000000000,68.5000000000,0.0838884600,0.5485073162,0.3676042237
-73.5000000000,68.5000000000,0.0332209431,0.3020358376,0.6647432193
-72.5000000000,68.5000000000,0.0302135874,0.2766975064,0.6930889062
-71.5000000000,68.5000000000,0.0273672429,0.2541874156,0.7184453416
-70.5000000000,68.5000000000,0.0251966280,0.2337362155,0.7410671565
-69.5000000000,68.5000000000,0.0240065538,0.2183822686,0.7576111776
-68.5000000000,68.5000000000,0.0204360704,0.1992138300,0.7803500995
-163.5000000000,67.5000000000,0.0392260945,0.3559343312,0.6048395743
-162.5000000000,67.5000000000,0.0399535489,0.3804323268,0.5796141243
-161.5000000000,67.5000000000,0.0471760629,0.4164252675,0.5363986696
-160.5000000000,67.5000000000,0.0496967585,0.4409057954,0.5093974462
-159.5000000000,67.5000000000,0.0511499280,0.4295155756,0.5193344965
-158.5000000000,67.5000000000,0.0560076473,0.4265831251,0.5174092276
-157.5000000000,67.5000000000,0.0640256633,0.4415467139,0.4944276228
-156.5000000000,67.5000000000,0.0813237654,0.4943968365,0.4242793981
-155.5000000000,67.5000000000,0.1018956353,0.5489316058,0.3491727589
-154.5000000000,67.5000000000,0.1311186190,0.5898969233,0.2789844577
-153.5000000000,67.5000000000,0.1461667791,0.5898960388,0.2639371821
-152.5000000000,67.5000000000,0.1593931796,0.5724673585,0.2681394618
-151.5000000000,67.5000000000,0.1587402848,0.5585176322,0.2827420829
-150.5000000000,67.5000000000,0.1455542159,0.5297985806,0.3246472035
-149.5000000000,67.5000000000,0.1404932399,0.5166880120,0.3428187481
-148.5000000000,67.5000000000,0.1473615561,0.5287929904,0.3238454534
-147.5000000000,67.5000000000,0.1791209727,0.5501486628,0.2707303645
-146.5000000000,67.5000000000,0.1898460041,0.5594417129,0.2507122830
-145.5000000000,67.5000000000,0.2134159860,0.5614189708,0.2251650432
-144.5000000000,67.5000000000,0.2311393414,0.5551749400,0.2136857185
-143.5000000000,67.5000000000,0.2378250161,0.5420667127,0.2201082712
-142.5000000000,67.5000000000,0.2167682397,0.5245667783,0.2586649820
-141.5000000000,67.5000000000,0.1761051003,0.4798401245,0.3440547752
-140.5000000000,67.5000000000,0.1326651966,0.4265406496,0.4407941537
-139.5000000000,67.5000000000,0.1132078955,0.4301170325,0.4566750720
-138.5000000000,67.5000000000,0.1163037204,0.4782655835,0.4054306961
-137.5000000000,67.5000000000,0.1313064791,0.5346361564,0.3340573645
-136.5000000000,67.5000000000,0.1570381793,0.5842780236,0.2586837970
-135.5000000000,67.5000000000,0.1604776298,0.6232154787,0.2163068915
-134.5000000000,67.5000000000,0.1683204154,0.6377582665,0.1939213181
-133.5000000000,67.5000000000,0.1902056735,0.6366902039,0.1731041226
-132.5000000000,67.5000000000,0.2142967728,0.6261319236,0.1595713036
-131.5000000000,67.5000000000,0.2141013723,0.6185247905,0.1673738372
-130.5000000000,67.5000000000,0.2216718878,0.6060246069,0.1723035053
-129.5000000000,67.5000000000,0.2267300276,0.5977357057,0.1755342666
-128.5000000000,67.5000000000,0.2388774899,0.5874474429,0.1736750672
-127.5000000000,67.5000000000,0.2559617421,0.5772225119,0.1668157461
-126.5000000000,67.5000000000,0.2744802167,0.5613977265,0.1641220568
-125.5000000000,67.5000000000,0.2791648079,0.5492362901,0.1715989021
-124.5000000000,67.5000000000,0.2796799618,0.5293524165,0.1909676217
-123.5000000000,67.5000000000,0.2845024738,0.5033186253,0.2121789009
-122.5000000000,67.5000000000,0.2849141931,0.4677723867,0.2473134201
-121.5000000000,67.5000000000,0.2930064487,0.4314200800,0.2755734713
-120.5000000000,67.5000000000,0.2944065784,0.4091467787,0.2964466430
-119.5000000000,67.5000000000,0.2949620761,0.3986583938,0.3063795301
-118.5000000000,67.5000000000,0.2951806462,0.3883722439,0.3164471099
-117.5000000000,67.5000000000,0.2911431756,0.3863034240,0.3225534003
-116.5000000000,67.5000000000,0.2872117304,0.3891522950,0.3236359746
-115.5000000000,67.5000000000,0.2807640556,0.3918092205,0.3274267238
-114.5000000000,67.5000000000,0.2769422365,0.3932348818,0.3298228817
-113.5000000000,67.5000000000,0.2625766588,0.4024068235,0.3350165177
-112.5000000000,67.5000000000,0.2512547604,0.4116885578,0.3370566818
-111.5000000000,67.5000000000,0.2331684190,0.4268203105,0.3400112705
-110.5000000000,67.5000000000,0.2170783836,0.4316268350,0.3512947814
-109.5000000000,67.5000000000,0.1941655470,0.4315255308,0.3743089222
-107.5000000000,67.5000000000,0.1525862290,0.4295581796,0.4178555914
-106.5000000000,67.5000000000,0.1346361119,0.4231033661,0.4422605220
-105.5000000000,67.5000000000,0.1188786885,0.4111354774,0.4699858341
-104.5000000000,67.5000000000,0.1045626979,0.3918501199,0.5035871822
-103.5000000000,67.5000000000,0.0931257451,0.3595964465,0.5472778084
-102.5000000000,67.5000000000,0.0878540170,0.3303973512,0.5817486318
-101.5000000000,67.5000000000,0.0829997139,0.3094586285,0.6075416577
-100.5000000000,67.5000000000,0.0801585362,0.2948701092,0.6249713547
-99.5000000000,67.5000000000,0.0779771345,0.2894783459,0.6325445196
-98.5000000000,67.5000000000,0.0795402369,0.3003533649,0.6201063982
-97.5000000000,67.5000000000,0.0790839437,0.3113283389,0.6095877174
-96.5000000000,67.5000000000,0.0777496473,0.3257198413,0.5965305114
-94.5000000000,67.5000000000,0.0867914371,0.3699609579,0.5432476050
-93.5000000000,67.5000000000,0.0911221472,0.3935229931,0.5153548597
-92.5000000000,67.5000000000,0.1017170756,0.4169042647,0.4813786596
-91.5000000000,67.5000000000,0.1046332183,0.4352498108,0.4601169709
-90.5000000000,67.5000000000,0.1155641099,0.4534831341,0.4309527560
-89.5000000000,67.5000000000,0.1169870557,0.4719972502,0.4110156940
-88.5000000000,67.5000000000,0.1220655310,0.4885967061,0.3893377629
-85.5000000000,67.5000000000,0.1117716776,0.5170762621,0.3711520603
-84.5000000000,67.5000000000,0.1041180039,0.5227921677,0.3730898284
-83.5000000000,67.5000000000,0.0956886046,0.5186547204,0.3856566750
-82.5000000000,67.5000000000,0.0890607745,0.5117821892,0.3991570362
-81.5000000000,67.5000000000,0.0793367774,0.5011390232,0.4195241993
-76.5000000000,67.5000000000,0.0484149932,0.3766638722,0.5749211345
-75.5000000000,67.5000000000,0.0434562236,0.3439872626,0.6125565138
-71.5000000000,67.5000000000,0.0288737016,0.2582131303,0.7129131681
-70.5000000000,67.5000000000,0.0267819699,0.2352086222,0.7380094080
-69.5000000000,67.5000000000,0.0264777931,0.2210552710,0.7524669359
-68.5000000000,67.5000000000,0.0258412074,0.2088366389,0.7653221537
-67.5000000000,67.5000000000,0.0274739808,0.2001986533,0.7723273659
-66.5000000000,67.5000000000,0.0323412507,0.2055766012,0.7620821481
-65.5000000000,67.5000000000,0.0351618638,0.2147245029,0.7501136332
-64.5000000000,67.5000000000,0.0349677632,0.2208991668,0.7441330700
-164.5000000000,66.5000000000,0.0375145628,0.3279329528,0.6345524845
-160.5000000000,66.5000000000,0.0487633026,0.4658505944,0.4853861030
-159.5000000000,66.5000000000,0.0537849119,0.4797604715,0.4664546167
-158.5000000000,66.5000000000,0.0608968051,0.4970513353,0.4420518596
-157.5000000000,66.5000000000,0.0779343631,0.5407617466,0.3813038903
-156.5000000000,66.5000000000,0.1074841579,0.6006444185,0.2918714236
-155.5000000000,66.5000000000,0.1254179829,0.6213429563,0.2532390608
-154.5000000000,66.5000000000,0.1551943377,0.6321821822,0.2126234801
-153.5000000000,66.5000000000,0.1824397701,0.6207583108,0.1968019191
-152.5000000000,66.5000000000,0.1998755686,0.5978954120,0.2022290193
-151.5000000000,66.5000000000,0.2147411113,0.5762431838,0.2090157048
-150.5000000000,66.5000000000,0.2174890295,0.5687468365,0.2137641339
-149.5000000000,66.5000000000,0.2082186010,0.5766463571,0.2151350419
-148.5000000000,66.5000000000,0.2001979233,0.5927184459,0.2070836307
-147.5000000000,66.5000000000,0.2132287682,0.6100078574,0.1767633744
-146.5000000000,66.5000000000,0.2123929879,0.6137629823,0.1738440298
-145.5000000000,66.5000000000,0.2232120704,0.6109370471,0.1658508825
-144.5000000000,66.5000000000,0.2503441129,0.5856310005,0.1640248866
-143.5000000000,66.5000000000,0.2678284415,0.5552870096,0.1768845489
-142.5000000000,66.5000000000,0.2453823424,0.5318299703,0.2227876873
-141.5000000000,66.5000000000,0.2129190991,0.4918384407,0.2952424602
-140.5000000000,66.5000000000,0.1729800813,0.4544968853,0.3725230334
-139.5000000000,66.5000000000,0.1504274458,0.4533046387,0.3962679155
-138.5000000000,66.5000000000,0.1435748838,0.4881898265,0.3682352898
-137.5000000000,66.5000000000,0.1544364459,0.5349433987,0.3106201554
-136.5000000000,66.5000000000,0.1783021261,0.5794449835,0.2422528904
-135.5000000000,66.5000000000,0.1982295639,0.6117417045,0.1900287315
-134.5000000000,66.5000000000,0.2171544004,0.6121611711,0.1706844285
-133.5000000000,66.5000000000,0.2246379826,0.6135612286,0.1618007889
-132.5000000000,66.5000000000,0.2439780021,0.6012521121,0.1547698859
-131.5000000000,66.5000000000,0.2505338985,0.5906871426,0.1587789590
-130.5000000000,66.5000000000,0.2518894334,0.5809206118,0.1671899548
-129.5000000000,66.5000000000,0.2551250981,0.5744022830,0.1704726189
-128.5000000000,66.5000000000,0.2648826321,0.5651676012,0.1699497667
-127.5000000000,66.5000000000,0.2874935701,0.5514860614,0.1610203685
-126.5000000000,66.5000000000,0.3162492949,0.5352220236,0.1485286815
-125.5000000000,66.5000000000,0.3282876848,0.5197771156,0.1519351997
-124.5000000000,66.5000000000,0.3279721163,0.5056722830,0.1663556006
-123.5000000000,66.5000000000,0.3279647801,0.4911267247,0.1809084952
-122.5000000000,66.5000000000,0.3237085978,0.4701065481,0.2061848541
-121.5000000000,66.5000000000,0.3283214845,0.4480981649,0.2235803506
-120.5000000000,66.5000000000,0.3355436912,0.4312367833,0.2332195255
-119.5000000000,66.5000000000,0.3462218095,0.4165722583,0.2372059321
-118.5000000000,66.5000000000,0.3519061840,0.4064369938,0.2416568222
-117.5000000000,66.5000000000,0.3501237443,0.4035862010,0.2462900547
-116.5000000000,66.5000000000,0.3610534097,0.4001641321,0.2387824582
-115.5000000000,66.5000000000,0.3635118716,0.3992647039,0.2372234246
-114.5000000000,66.5000000000,0.3506504602,0.4028355371,0.2465140026
-113.5000000000,66.5000000000,0.3341453124,0.4124271176,0.2534275700
-112.5000000000,66.5000000000,0.3211943584,0.4213465235,0.2574591181
-111.5000000000,66.5000000000,0.2975966105,0.4356812123,0.2667221772
-110.5000000000,66.5000000000,0.2738428879,0.4469530278,0.2792040843
-109.5000000000,66.5000000000,0.2392397971,0.4485322655,0.3122279373
-108.5000000000,66.5000000000,0.2158900519,0.4475466381,0.3365633099
-107.5000000000,66.5000000000,0.1738613041,0.4406974922,0.3854412037
-106.5000000000,66.5000000000,0.1570264761,0.4292153133,0.4137582106
-105.5000000000,66.5000000000,0.1362456962,0.4130479721,0.4507063317
-104.5000000000,66.5000000000,0.1174025215,0.3903320542,0.4922654242
-103.5000000000,66.5000000000,0.1058016184,0.3447920116,0.5494063700
-102.5000000000,66.5000000000,0.0982676685,0.3073706053,0.5943617263
-101.5000000000,66.5000000000,0.0942446512,0.2873808512,0.6183744976
-100.5000000000,66.5000000000,0.0935620496,0.2786052201,0.6278327304
-99.5000000000,66.5000000000,0.0927295897,0.2769231320,0.6303472783
-98.5000000000,66.5000000000,0.0965797684,0.2906964855,0.6127237461
-97.5000000000,66.5000000000,0.0992842974,0.3102941834,0.5904215192
-96.5000000000,66.5000000000,0.0992631715,0.3284398711,0.5722969574
-95.5000000000,66.5000000000,0.1042439254,0.3515705573,0.5441855174
-94.5000000000,66.5000000000,0.1130653607,0.3753132721,0.5116213672
-93.5000000000,66.5000000000,0.1149814723,0.3906548513,0.4943636764
-92.5000000000,66.5000000000,0.1209155924,0.4131276649,0.4659567427
-91.5000000000,66.5000000000,0.1239900470,0.4276101903,0.4483997627
-90.5000000000,66.5000000000,0.1373992019,0.4441860499,0.4184147481
-89.5000000000,66.5000000000,0.1387615156,0.4605752471,0.4006632373
-88.5000000000,66.5000000000,0.1448484997,0.4762161238,0.3789353765
-87.5000000000,66.5000000000,0.1373821419,0.4888123622,0.3738054959
-84.5000000000,66.5000000000,0.1155229080,0.4933625730,0.3911145190
-83.5000000000,66.5000000000,0.1060911660,0.4916107171,0.4022981169
-73.5000000000,66.5000000000,0.0388310455,0.2970605595,0.6641083950
-72.5000000000,66.5000000000,0.0351265092,0.2769585267,0.6879149641
-71.5000000000,66.5000000000,0.0320924157,0.2614456920,0.7064618923
-70.5000000000,66.5000000000,0.0292334209,0.2414454008,0.7293211783
-69.5000000000,66.5000000000,0.0273382857,0.2250684905,0.7475932237
-68.5000000000,66.5000000000,0.0270981198,0.2130285073,0.7598733729
-67.5000000000,66.5000000000,0.0260926061,0.2011768528,0.7727305411
-66.5000000000,66.5000000000,0.0291581167,0.1994528292,0.7713890541
-65.5000000000,66.5000000000,0.0309329045,0.2065162486,0.7625508468
-64.5000000000,66.5000000000,0.0445172742,0.2322263363,0.7232563895
-63.5000000000,66.5000000000,0.0518028517,0.2489312237,0.6992659246
-62.5000000000,66.5000000000,0.0614145485,0.2713728189,0.6672126326
-167.5000000000,65.5000000000,0.0333081183,0.2333071870,0.7333846948
-166.5000000000,65.5000000000,0.0351137694,0.2607514230,0.7041348077
-165.5000000000,65.5000000000,0.0379493674,0.2959902262,0.6660604064
-164.5000000000,65.5000000000,0.0391348953,0.3276033082,0.6332617965
-163.5000000000,65.5000000000,0.0412400714,0.3615107181,0.5972492105
-162.5000000000,65.5000000000,0.0429091486,0.3992921362,0.5577987153
-161.5000000000,65.5000000000,0.0484289489,0.4332831962,0.5182878549
-160.5000000000,65.5000000000,0.0531544198,0.4677964546,0.4790491256
-159.5000000000,65.5000000000,0.0596910402,0.4978563370,0.4424526228
-158.5000000000,65.5000000000,0.0703841214,0.5336191181,0.3959967605
-157.5000000000,65.5000000000,0.0863919759,0.5770281702,0.3365798539
-156.5000000000,65.5000000000,0.1132826067,0.6225553463,0.2641620469
-155.5000000000,65.5000000000,0.1477843243,0.6373677374,0.2148479383
-154.5000000000,65.5000000000,0.1897744400,0.6296869902,0.1805385697
-153.5000000000,65.5000000000,0.2338348787,0.6047757967,0.1613893246
-152.5000000000,65.5000000000,0.2732197487,0.5734124698,0.1533677815
-151.5000000000,65.5000000000,0.2925103132,0.5533286170,0.1541610698
-150.5000000000,65.5000000000,0.2742476912,0.5657415401,0.1600107687
-149.5000000000,65.5000000000,0.2626666771,0.5743684541,0.1629648687
-148.5000000000,65.5000000000,0.2426067051,0.5933116913,0.1640816036
-147.5000000000,65.5000000000,0.2388036290,0.6052619263,0.1559344447
-146.5000000000,65.5000000000,0.2529246455,0.6002756687,0.1467996858
-145.5000000000,65.5000000000,0.2720761701,0.5891163115,0.1388075184
-144.5000000000,65.5000000000,0.2680077624,0.5831299776,0.1488622600
-143.5000000000,65.5000000000,0.2997626034,0.5462276069,0.1540097897
-142.5000000000,65.5000000000,0.2865010527,0.5215132526,0.1919856947
-141.5000000000,65.5000000000,0.2568722663,0.4918551138,0.2512726199
-140.5000000000,65.5000000000,0.2303781875,0.4633917767,0.3062300358
-139.5000000000,65.5000000000,0.2097197487,0.4624649367,0.3278153146
-138.5000000000,65.5000000000,0.1912952301,0.4905969067,0.3181078632
-137.5000000000,65.5000000000,0.2086587711,0.5198400603,0.2715011685
-136.5000000000,65.5000000000,0.2170032432,0.5491738619,0.2338228949
-135.5000000000,65.5000000000,0.2295528056,0.5664606017,0.2039865927
-134.5000000000,65.5000000000,0.2683134175,0.5661904345,0.1654961481
-133.5000000000,65.5000000000,0.2744836433,0.5720111486,0.1535052080
-132.5000000000,65.5000000000,0.3122649413,0.5477919275,0.1399431312
-131.5000000000,65.5000000000,0.3108585956,0.5432719493,0.1458694551
-130.5000000000,65.5000000000,0.3003081270,0.5422445355,0.1574473375
-129.5000000000,65.5000000000,0.2840786661,0.5432201301,0.1727012038
-128.5000000000,65.5000000000,0.2795464849,0.5425809741,0.1778725410
-127.5000000000,65.5000000000,0.3057279071,0.5280960192,0.1661760737
-126.5000000000,65.5000000000,0.3569960263,0.5063000251,0.1367039486
-125.5000000000,65.5000000000,0.3647161896,0.4978262700,0.1374575404
-124.5000000000,65.5000000000,0.3578514269,0.4944847433,0.1476638298
-123.5000000000,65.5000000000,0.3592670206,0.4857141470,0.1550188324
-122.5000000000,65.5000000000,0.3603177786,0.4724876151,0.1671946062
-121.5000000000,65.5000000000,0.3713991757,0.4562903430,0.1723104812
-120.5000000000,65.5000000000,0.3912337459,0.4354926816,0.1732735726
-119.5000000000,65.5000000000,0.3878099401,0.4273562631,0.1848337968
-118.5000000000,65.5000000000,0.3943292531,0.4154949506,0.1901757964
-117.5000000000,65.5000000000,0.4048237754,0.4088067661,0.1863694585
-116.5000000000,65.5000000000,0.4210199612,0.4016809625,0.1772990762
-115.5000000000,65.5000000000,0.4258230964,0.3999401669,0.1742367367
-114.5000000000,65.5000000000,0.4165233286,0.4027997719,0.1806768994
-113.5000000000,65.5000000000,0.4012385154,0.4103967208,0.1883647638
-112.5000000000,65.5000000000,0.3774359628,0.4226253933,0.1999386438
-111.5000000000,65.5000000000,0.3528241526,0.4347355983,0.2124402491
-110.5000000000,65.5000000000,0.3212845447,0.4497842520,0.2289312033
-109.5000000000,65.5000000000,0.2863801274,0.4521643349,0.2614555376
-108.5000000000,65.5000000000,0.2473938539,0.4479939996,0.3046121465
-107.5000000000,65.5000000000,0.2088007446,0.4384253780,0.3527738775
-106.5000000000,65.5000000000,0.1806339389,0.4185686910,0.4007973701
-105.5000000000,65.5000000000,0.1585916748,0.3964999793,0.4449083459
-104.5000000000,65.5000000000,0.1355772740,0.3603262037,0.5040965222
-103.5000000000,65.5000000000,0.1188647964,0.3159168992,0.5652183044
-102.5000000000,65.5000000000,0.1105935810,0.2783504263,0.6110559927
-101.5000000000,65.5000000000,0.1078366680,0.2578098111,0.6343535209
-100.5000000000,65.5000000000,0.1082060715,0.2536314636,0.6381624648
-99.5000000000,65.5000000000,0.1143481498,0.2629914730,0.6226603772
-98.5000000000,65.5000000000,0.1214481058,0.2851807537,0.5933711405
-97.5000000000,65.5000000000,0.1302784649,0.3109086245,0.5588129106
-96.5000000000,65.5000000000,0.1338200296,0.3352385181,0.5309414523
-95.5000000000,65.5000000000,0.1366672085,0.3590452371,0.5042875544
-94.5000000000,65.5000000000,0.1417150778,0.3784143729,0.4798705493
-93.5000000000,65.5000000000,0.1408169924,0.3920501806,0.4671328270
-92.5000000000,65.5000000000,0.1484939434,0.4119690101,0.4395370466
-91.5000000000,65.5000000000,0.1568126246,0.4247672623,0.4184201131
-90.5000000000,65.5000000000,0.1595953018,0.4331603855,0.4072443127
-89.5000000000,65.5000000000,0.1638596226,0.4460172973,0.3901230801
-87.5000000000,65.5000000000,0.1563426570,0.4687956073,0.3748617357
-85.5000000000,65.5000000000,0.1399530051,0.4728406641,0.3872063308
-73.5000000000,65.5000000000,0.0428674316,0.3014335463,0.6556990222
-72.5000000000,65.5000000000,0.0399326108,0.2877187532,0.6723486360
-71.5000000000,65.5000000000,0.0366252047,0.2747567139,0.6886180814
-70.5000000000,65.5000000000,0.0350592478,0.2606553083,0.7042854439
