Lon,Lat,C_LonLatElev,B_LonLatElev,U_LonLatElev
-112.5000000000,78.5000000000,0.0441740865,0.1610158374,0.7948100761
-111.5000000000,78.5000000000,0.0481509159,0.1681482816,0.7837008025
-110.5000000000,78.5000000000,0.0518945370,0.1732476941,0.7748577689
-109.5000000000,78.5000000000,0.0535088728,0.1776429692,0.7688481581
-104.5000000000,78.5000000000,0.0641766134,0.2192451759,0.7165782106
-103.5000000000,78.5000000000,0.0652853641,0.2251355141,0.7095791219
-102.5000000000,78.5000000000,0.0665302530,0.2318381518,0.7016315952
-101.5000000000,78.5000000000,0.0703440489,0.2423839015,0.6872720496
-100.5000000000,78.5000000000,0.0725126011,0.2535927520,0.6738946469
-97.5000000000,78.5000000000,0.0816905277,0.3023001761,0.6160092962
-96.5000000000,78.5000000000,0.0830905159,0.3248361333,0.5920733508
-95.5000000000,78.5000000000,0.0856757908,0.3473575668,0.5669666424
-92.5000000000,78.5000000000,0.0859888314,0.4458787915,0.4681323771
-91.5000000000,78.5000000000,0.1029172710,0.4841294647,0.4129532643
-90.5000000000,78.5000000000,0.1054719624,0.5207423710,0.3737856665
-89.5000000000,78.5000000000,0.0926354442,0.5628073167,0.3445572391
-86.5000000000,78.5000000000,0.0681588091,0.6791852354,0.2526559555
-85.5000000000,78.5000000000,0.0630070630,0.7136964300,0.2232965070
-84.5000000000,78.5000000000,0.0565062648,0.7427868611,0.2007068741
-83.5000000000,78.5000000000,0.0529071467,0.7631607010,0.1839321523
-82.5000000000,78.5000000000,0.0436450988,0.7722169437,0.1841379575
-81.5000000000,78.5000000000,0.0470783335,0.7568774968,0.1960441697
-80.5000000000,78.5000000000,0.0560231803,0.7274454649,0.2165313548
-79.5000000000,78.5000000000,0.0676062598,0.6873815746,0.2450121657
-78.5000000000,78.5000000000,0.0541900029,0.6400444766,0.3057655205
-77.5000000000,78.5000000000,0.0484326337,0.5864539120,0.3651134543
-116.5000000000,77.5000000000,0.0340917957,0.1451477441,0.8207604601
-112.5000000000,77.5000000000,0.0448451361,0.1603821227,0.7947727411
-111.5000000000,77.5000000000,0.0487143706,0.1674153720,0.7838702574
-110.5000000000,77.5000000000,0.0515694039,0.1721470490,0.7762835471
-105.5000000000,77.5000000000,0.0643447835,0.2135225816,0.7221326348
-95.5000000000,77.5000000000,0.0851863123,0.3457217878,0.5690919000
-94.5000000000,77.5000000000,0.0869478023,0.3782922666,0.5347599311
-93.5000000000,77.5000000000,0.0871191274,0.4102144425,0.5026664301
-90.5000000000,77.5000000000,0.0825465026,0.5198060665,0.3976474309
-87.5000000000,77.5000000000,0.0692021214,0.6427276644,0.2880702142
-86.5000000000,77.5000000000,0.0680227096,0.6777691852,0.2542081052
-82.5000000000,77.5000000000,0.0457705720,0.7709427941,0.1832866339
-81.5000000000,77.5000000000,0.0415163970,0.7555204831,0.2029631199
-80.5000000000,77.5000000000,0.0523634900,0.7263409538,0.2212955562
-79.5000000000,77.5000000000,0.0502166935,0.6860508580,0.2637324485
-78.5000000000,77.5000000000,0.0463123143,0.6363932473,0.3172944384
-120.5000000000,76.5000000000,0.0417977726,0.2293451431,0.7288570843
-119.5000000000,76.5000000000,0.0378794098,0.1848478517,0.7772727385
-117.5000000000,76.5000000000,0.0357849111,0.1512771486,0.8129379403
-109.5000000000,76.5000000000,0.0544803906,0.1759903558,0.7695292536
-104.5000000000,76.5000000000,0.0648277678,0.2170991287,0.7180731035
-103.5000000000,76.5000000000,0.0659319594,0.2229395307,0.7111285099
-100.5000000000,76.5000000000,0.0751192278,0.2516568577,0.6732239144
-99.5000000000,76.5000000000,0.0786203199,0.2640919684,0.6572877116
-98.5000000000,76.5000000000,0.0818992708,0.2783765066,0.6397242226
-95.5000000000,76.5000000000,0.0891230582,0.3448059738,0.5660709680
-94.5000000000,76.5000000000,0.0943205825,0.3775995141,0.5280799034
-93.5000000000,76.5000000000,0.0881719432,0.4086931494,0.5031349074
-92.5000000000,76.5000000000,0.0911349636,0.4429762443,0.4658887921
-90.5000000000,76.5000000000,0.0821923472,0.5180985057,0.3997091471
-88.5000000000,76.5000000000,0.0755337051,0.5994084317,0.3250578632
-86.5000000000,76.5000000000,0.0659562084,0.6765130952,0.2575306965
-85.5000000000,76.5000000000,0.0657611899,0.7106256023,0.2236132078
-84.5000000000,76.5000000000,0.0545942620,0.7405277494,0.2048779886
-83.5000000000,76.5000000000,0.0518458697,0.7609662157,0.1871879145
-82.5000000000,76.5000000000,0.0551807545,0.7684348542,0.1763843913
-81.5000000000,76.5000000000,0.0458153180,0.7544398430,0.1997448390
-80.5000000000,76.5000000000,0.0456048453,0.7247497255,0.2296454292
-79.5000000000,76.5000000000,0.0550796735,0.6850281288,0.2598921977
-78.5000000000,76.5000000000,0.0483354218,0.6354354543,0.3162291240
-115.5000000000,75.5000000000,0.0383011790,0.1460239315,0.8156748895
-114.5000000000,75.5000000000,0.0442571174,0.1502652181,0.8054776645
-113.5000000000,75.5000000000,0.0492772730,0.1554330062,0.7952897208
-112.5000000000,75.5000000000,0.0509972848,0.1609507694,0.7880519457
-111.5000000000,75.5000000000,0.0502471612,0.1661007040,0.7836521347
-110.5000000000,75.5000000000,0.0532219210,0.1707974578,0.7759806211
-109.5000000000,75.5000000000,0.0549636022,0.1751647213,0.7698716765
-108.5000000000,75.5000000000,0.0578733236,0.1830210809,0.7591055956
-107.5000000000,75.5000000000,0.0636711335,0.1941725685,0.7421562980
-106.5000000000,75.5000000000,0.0650269581,0.2034391030,0.7315339389
-99.5000000000,75.5000000000,0.0777898344,0.2625728195,0.6596373461
-98.5000000000,75.5000000000,0.0805290307,0.2767152384,0.6427557309
-95.5000000000,75.5000000000,0.0868093232,0.3429011157,0.5702895612
-94.5000000000,75.5000000000,0.0921349220,0.3757627884,0.5321022897
-91.5000000000,75.5000000000,0.0892524853,0.4790863003,0.4316612144
-90.5000000000,75.5000000000,0.0907225422,0.5166168068,0.3926606510
-89.5000000000,75.5000000000,0.0873388930,0.5582631746,0.3543979324
-88.5000000000,75.5000000000,0.0804451520,0.5976475300,0.3219073180
-85.5000000000,75.5000000000,0.0646933326,0.7094585266,0.2258481408
-84.5000000000,75.5000000000,0.0588457107,0.7386991741,0.2024551152
-83.5000000000,75.5000000000,0.0637374705,0.7572761946,0.1789863349
-82.5000000000,75.5000000000,0.0633804382,0.7651965192,0.1714230426
-81.5000000000,75.5000000000,0.0515500398,0.7528900251,0.1955599351
-80.5000000000,75.5000000000,0.0497610742,0.7236685738,0.2265703520
-121.5000000000,74.5000000000,0.0543645374,0.3109591726,0.6346762900
-113.5000000000,74.5000000000,0.0466142935,0.1587695199,0.7946161866
-112.5000000000,74.5000000000,0.0502992000,0.1632849683,0.7864158317
-97.5000000000,74.5000000000,0.0833863495,0.2940455322,0.6225681183
-88.5000000000,74.5000000000,0.0776111251,0.5921952250,0.3301936499
-87.5000000000,74.5000000000,0.0804731890,0.6316106280,0.2879161831
-86.5000000000,74.5000000000,0.0700611139,0.6646750868,0.2652637993
-123.5000000000,73.5000000000,0.0824813690,0.5234835558,0.3940350753
-122.5000000000,73.5000000000,0.0749146789,0.4389835312,0.4861017899
-121.5000000000,73.5000000000,0.0620017312,0.3359961943,0.6020020745
-120.5000000000,73.5000000000,0.0503817234,0.2456462300,0.7039720466
-119.5000000000,73.5000000000,0.0446095417,0.2021154559,0.7532750023
-118.5000000000,73.5000000000,0.0435156457,0.1806415798,0.7758427746
-117.5000000000,73.5000000000,0.0428822457,0.1692246204,0.7878931339
-116.5000000000,73.5000000000,0.0426156882,0.1636882144,0.7936960974
-115.5000000000,73.5000000000,0.0431826576,0.1627879201,0.7940294223
-106.5000000000,73.5000000000,0.0682409953,0.2047957413,0.7269632634
-105.5000000000,73.5000000000,0.0697238533,0.2115576885,0.7187184582
-104.5000000000,73.5000000000,0.0675620201,0.2172492831,0.7151886968
-101.5000000000,73.5000000000,0.0720279181,0.2379223419,0.6900497401
-100.5000000000,73.5000000000,0.0787490911,0.2494179439,0.6718329650
-99.5000000000,73.5000000000,0.0807524391,0.2619588418,0.6572887192
-98.5000000000,73.5000000000,0.0846867861,0.2736638820,0.6416493319
-95.5000000000,73.5000000000,0.0928364528,0.3381686564,0.5689948908
-94.5000000000,73.5000000000,0.0967224756,0.3670170991,0.5362604253
-93.5000000000,73.5000000000,0.0981939443,0.3995123387,0.5022937171
-92.5000000000,73.5000000000,0.0983102045,0.4347101802,0.4669796153
-91.5000000000,73.5000000000,0.0965165126,0.4696130559,0.4338704314
-87.5000000000,73.5000000000,0.0812306818,0.6167807788,0.3019885394
-86.5000000000,73.5000000000,0.0777665526,0.6475181626,0.2747152848
-83.5000000000,73.5000000000,0.0606436171,0.7144672215,0.2248891614
-82.5000000000,73.5000000000,0.0575778253,0.7173758848,0.2250462899
-81.5000000000,73.5000000000,0.0529905398,0.7067416968,0.2402677633
-80.5000000000,73.5000000000,0.0602873454,0.6849086229,0.2548040317
-79.5000000000,73.5000000000,0.0611403565,0.6489596800,0.2898999634
-78.5000000000,73.5000000000,0.0524627975,0.6038362442,0.3437009583
-77.5000000000,73.5000000000,0.0538652102,0.5546350534,0.3914997364
-124.5000000000,72.5000000000,0.1048266501,0.6094248436,0.2857485063
-123.5000000000,72.5000000000,0.0951208186,0.5601467498,0.3447324316
-122.5000000000,72.5000000000,0.0862682053,0.4893042024,0.4244275923
-121.5000000000,72.5000000000,0.0731379378,0.3787522591,0.5481098031
-120.5000000000,72.5000000000,0.0603935303,0.2796067835,0.6599996862
-119.5000000000,72.5000000000,0.0531959486,0.2313717714,0.7154322800
-117.5000000000,72.5000000000,0.0480128450,0.1897605124,0.7622266426
-116.5000000000,72.5000000000,0.0489472373,0.1817585326,0.7692942301
-115.5000000000,72.5000000000,0.0489830584,0.1794220635,0.7715948781
-114.5000000000,72.5000000000,0.0497638447,0.1785300707,0.7717060846
-113.5000000000,72.5000000000,0.0549644180,0.1804367927,0.7645987894
-112.5000000000,72.5000000000,0.0591037608,0.1811591049,0.7597371343
-111.5000000000,72.5000000000,0.0597050864,0.1830809223,0.7572139913
-109.5000000000,72.5000000000,0.0724582604,0.1934880863,0.7340536533
-107.5000000000,72.5000000000,0.0709624667,0.2019935065,0.7270440268
-106.5000000000,72.5000000000,0.0719554680,0.2097712505,0.7182732815
-105.5000000000,72.5000000000,0.0709296839,0.2152509336,0.7138193825
-101.5000000000,72.5000000000,0.0754127882,0.2394423647,0.6851448471
-100.5000000000,72.5000000000,0.0778391418,0.2489495906,0.6732112676
-99.5000000000,72.5000000000,0.0818081205,0.2607260724,0.6574658070
-98.5000000000,72.5000000000,0.0843280973,0.2737939567,0.6418779459
-97.5000000000,72.5000000000,0.0855627829,0.2889879164,0.6254493007
-96.5000000000,72.5000000000,0.0896536241,0.3101031192,0.6002432567
-94.5000000000,72.5000000000,0.0979578694,0.3641631000,0.5378790306
-93.5000000000,72.5000000000,0.0926802585,0.3961279482,0.5111917933
-89.5000000000,72.5000000000,0.0932098159,0.5322487810,0.3745414031
-88.5000000000,72.5000000000,0.0901549559,0.5660467583,0.3437982858
-87.5000000000,72.5000000000,0.0886937974,0.5967394758,0.3145667268
-86.5000000000,72.5000000000,0.0814058929,0.6232181434,0.2953759638
-85.5000000000,72.5000000000,0.0745408443,0.6479233719,0.2775357838
-84.5000000000,72.5000000000,0.0741291607,0.6669447800,0.2589260593
-83.5000000000,72.5000000000,0.0694070222,0.6817197895,0.2488731883
-82.5000000000,72.5000000000,0.0701339521,0.6853762043,0.2444898436
-81.5000000000,72.5000000000,0.0641602362,0.6754456014,0.2603941624
-80.5000000000,72.5000000000,0.0558682461,0.6513646620,0.2927670918
-78.5000000000,72.5000000000,0.0525229653,0.5763176865,0.3711593482
-77.5000000000,72.5000000000,0.0578359653,0.5309447455,0.4112192892
-76.5000000000,72.5000000000,0.0583969989,0.4844785723,0.4571244288
-75.5000000000,72.5000000000,0.0479234261,0.4313776103,0.5206989636
-123.5000000000,71.5000000000,0.1174690366,0.5845485992,0.2979823643
-122.5000000000,71.5000000000,0.1078843765,0.5349269460,0.3571886774
-121.5000000000,71.5000000000,0.0875192595,0.4258336566,0.4866470839
-117.5000000000,71.5000000000,0.0574883467,0.2203580710,0.7221535823
-116.5000000000,71.5000000000,0.0576928678,0.2100557139,0.7322514183
-114.5000000000,71.5000000000,0.0606391909,0.1996642837,0.7396965254
-113.5000000000,71.5000000000,0.0680303156,0.1975734209,0.7343962634
-112.5000000000,71.5000000000,0.0683414771,0.1959247437,0.7357337792
-111.5000000000,71.5000000000,0.0729046815,0.1979169769,0.7291783416
-110.5000000000,71.5000000000,0.0777642916,0.2007022289,0.7215334795
-109.5000000000,71.5000000000,0.0777398307,0.2027598679,0.7195003014
-108.5000000000,71.5000000000,0.0740363484,0.2065502187,0.7194134329
-107.5000000000,71.5000000000,0.0745707757,0.2114312160,0.7139980083
-106.5000000000,71.5000000000,0.0753927315,0.2182585227,0.7063487458
-105.5000000000,71.5000000000,0.0759449759,0.2209496307,0.7031053934
-104.5000000000,71.5000000000,0.0737248373,0.2240886881,0.7021864745
-98.5000000000,71.5000000000,0.0852333563,0.2691627662,0.6456038774
-95.5000000000,71.5000000000,0.0954185304,0.3333641371,0.5712173324
-94.5000000000,71.5000000000,0.0989130710,0.3612345520,0.5398523770
-93.5000000000,71.5000000000,0.0970037675,0.3908307460,0.5121654866
-89.5000000000,71.5000000000,0.1019141544,0.5152973923,0.3827884533
-88.5000000000,71.5000000000,0.1002591564,0.5439962825,0.3557445612
-87.5000000000,71.5000000000,0.0941248168,0.5724969622,0.3333782210
-86.5000000000,71.5000000000,0.0906390271,0.5946706197,0.3146903531
-85.5000000000,71.5000000000,0.0814337106,0.6149366451,0.3036296443
-84.5000000000,71.5000000000,0.0767467046,0.6308171190,0.2924361765
-83.5000000000,71.5000000000,0.0739582926,0.6436079324,0.2824337750
-82.5000000000,71.5000000000,0.0728913439,0.6473491735,0.2797594826
-81.5000000000,71.5000000000,0.0699549456,0.6396147174,0.2904303369
-80.5000000000,71.5000000000,0.0685503578,0.6182212978,0.3132283444
-79.5000000000,71.5000000000,0.0710271416,0.5885391281,0.3404337304
-78.5000000000,71.5000000000,0.0677580168,0.5525017377,0.3797402455
-77.5000000000,71.5000000000,0.0673450000,0.5085418783,0.4241131217
-76.5000000000,71.5000000000,0.0623094709,0.4643572284,0.4733333007
-75.5000000000,71.5000000000,0.0540788362,0.4162706755,0.5296504883
-74.5000000000,71.5000000000,0.0569188627,0.3740993220,0.5689818152
-72.5000000000,71.5000000000,0.0386697813,0.2937271967,0.6676030220
-158.5000000000,70.5000000000,0.0405338681,0.2050210441,0.7544450877
-157.5000000000,70.5000000000,0.0417554409,0.2022850319,0.7559595272
-156.5000000000,70.5000000000,0.0467246897,0.2268186561,0.7264566542
-155.5000000000,70.5000000000,0.0546770837,0.2621303177,0.6831925986
-154.5000000000,70.5000000000,0.0619698116,0.2934739235,0.6445562649
-153.5000000000,70.5000000000,0.0656973824,0.3113577714,0.6229448462
-152.5000000000,70.5000000000,0.0659021387,0.3155514611,0.6185464002
-149.5000000000,70.5000000000,0.0608473594,0.2878977253,0.6512549153
-111.5000000000,70.5000000000,0.0811252267,0.2150750312,0.7037997421
-110.5000000000,70.5000000000,0.0864954133,0.2168157568,0.6966888299
-109.5000000000,70.5000000000,0.0853603067,0.2194113574,0.6952283359
-108.5000000000,70.5000000000,0.0852040064,0.2218572264,0.6929387672
-107.5000000000,70.5000000000,0.0840067377,0.2250192349,0.6909740274
-106.5000000000,70.5000000000,0.0844874114,0.2275248228,0.6879877659
-105.5000000000,70.5000000000,0.0811075689,0.2286891398,0.6902032913
-104.5000000000,70.5000000000,0.0782535081,0.2298472145,0.6918992774
-103.5000000000,70.5000000000,0.0772361907,0.2313523519,0.6914114574
-95.5000000000,70.5000000000,0.1005927121,0.3298763105,0.5695309774
-94.5000000000,70.5000000000,0.1088823049,0.3572780052,0.5338396899
-93.5000000000,70.5000000000,0.1171032840,0.3849135248,0.4979831912
-92.5000000000,70.5000000000,0.1098296990,0.4127403430,0.4774299580
-88.5000000000,70.5000000000,0.1070676392,0.5244012047,0.3685311561
-87.5000000000,70.5000000000,0.1035124205,0.5457359522,0.3507516272
-86.5000000000,70.5000000000,0.1013058198,0.5667246916,0.3319694886
-85.5000000000,70.5000000000,0.0979810337,0.5837539234,0.3182650429
-84.5000000000,70.5000000000,0.0893116876,0.5968307011,0.3138576112
-83.5000000000,70.5000000000,0.0846160406,0.6052583758,0.3101255836
-82.5000000000,70.5000000000,0.0807484159,0.6086332466,0.3106183375
-81.5000000000,70.5000000000,0.0751529372,0.5974257390,0.3274213238
-80.5000000000,70.5000000000,0.0723119125,0.5796358118,0.3480522757
-79.5000000000,70.5000000000,0.0662262888,0.5528489362,0.3809247750
-78.5000000000,70.5000000000,0.0674423662,0.5196415104,0.4129161234
-77.5000000000,70.5000000000,0.0668926460,0.4805816102,0.4525257438
-76.5000000000,70.5000000000,0.0643809374,0.4420319835,0.4935870791
-75.5000000000,70.5000000000,0.0602570799,0.3990103536,0.5407325665
-74.5000000000,70.5000000000,0.0568345310,0.3613898966,0.5817755724
-73.5000000000,70.5000000000,0.0500360183,0.3217120786,0.6282519031
-72.5000000000,70.5000000000,0.0468808074,0.2876290625,0.6654901302
-71.5000000000,70.5000000000,0.0518846643,0.2585431046,0.6895722311
-70.5000000000,70.5000000000,0.0333181544,0.2179322018,0.7487496439
-69.5000000000,70.5000000000,0.0295648913,0.1933164890,0.7771186197
-68.5000000000,70.5000000000,0.0268020649,0.1749049992,0.7982929359
-162.5000000000,69.5000000000,0.0474905693,0.2839779753,0.6685314554
-161.5000000000,69.5000000000,0.0496662931,0.2886304082,0.6617032986
-160.5000000000,69.5000000000,0.0516695517,0.2839587497,0.6643716986
-159.5000000000,69.5000000000,0.0499129243,0.2676600896,0.6824269861
-158.5000000000,69.5000000000,0.0502455845,0.2554134899,0.6943409256
-157.5000000000,69.5000000000,0.0533347408,0.2612980833,0.6853671759
-156.5000000000,69.5000000000,0.0610995881,0.2941270304,0.6447733815
-155.5000000000,69.5000000000,0.0731033696,0.3377849908,0.5891116396
-154.5000000000,69.5000000000,0.0832291483,0.3748320428,0.5419388089
-153.5000000000,69.5000000000,0.0897265956,0.3927903173,0.5174830872
-152.5000000000,69.5000000000,0.0902352576,0.3896858926,0.5200788498
-151.5000000000,69.5000000000,0.0840867854,0.3706065352,0.5453066794
-150.5000000000,69.5000000000,0.0775887410,0.3428202380,0.5795910210
-149.5000000000,69.5000000000,0.0766720662,0.3213158699,0.6020120639
-148.5000000000,69.5000000000,0.0828835744,0.3321833914,0.5849330343
-147.5000000000,69.5000000000,0.0985170028,0.3549226926,0.5465603045
-146.5000000000,69.5000000000,0.1187005859,0.3748748912,0.5064245229
-145.5000000000,69.5000000000,0.1591001451,0.3962094521,0.4446904028
-144.5000000000,69.5000000000,0.1498190092,0.4174240329,0.4327569579
-143.5000000000,69.5000000000,0.1470382973,0.4330890762,0.4198726265
-142.5000000000,69.5000000000,0.1489145479,0.4418321496,0.4092533025
-141.5000000000,69.5000000000,0.1294429396,0.4556879060,0.4148691544
-140.5000000000,69.5000000000,0.1202384171,0.4689948468,0.4107667361
-139.5000000000,69.5000000000,0.1043056887,0.4826973938,0.4129969175
-132.5000000000,69.5000000000,0.1616638923,0.6644657541,0.1738703535
-131.5000000000,69.5000000000,0.1654382206,0.6640338745,0.1705279049
-130.5000000000,69.5000000000,0.1713153768,0.6585459294,0.1701386938
-129.5000000000,69.5000000000,0.1756917472,0.6524703921,0.1718378608
-128.5000000000,69.5000000000,0.1770762013,0.6473360513,0.1755877474
-127.5000000000,69.5000000000,0.1838181803,0.6370223877,0.1791594321
-126.5000000000,69.5000000000,0.1895565774,0.6222715202,0.1881719024
-125.5000000000,69.5000000000,0.1721397408,0.6161666085,0.2116936507
-124.5000000000,69.5000000000,0.1632152186,0.5930052273,0.2437795541
-122.5000000000,69.5000000000,0.1554600510,0.5018450450,0.3426949040
-121.5000000000,69.5000000000,0.1414978570,0.4350344020,0.4234677410
-116.5000000000,69.5000000000,0.0839301092,0.2882629521,0.6278069387
-115.5000000000,69.5000000000,0.0857823225,0.2817638743,0.6324538032
-114.5000000000,69.5000000000,0.0900226349,0.2722563586,0.6377210065
-113.5000000000,69.5000000000,0.0950835229,0.2584458225,0.6464706546
-112.5000000000,69.5000000000,0.1014334208,0.2450085612,0.6535580181
-111.5000000000,69.5000000000,0.1010802097,0.2421540554,0.6567657348
-110.5000000000,69.5000000000,0.1007686935,0.2420848260,0.6571464804
-109.5000000000,69.5000000000,0.0982357347,0.2404485261,0.6613157392
-108.5000000000,69.5000000000,0.0952114455,0.2393478262,0.6654407283
-107.5000000000,69.5000000000,0.0924717443,0.2400217215,0.6675065342
-106.5000000000,69.5000000000,0.0876616326,0.2394194846,0.6729188828
-105.5000000000,69.5000000000,0.0858665941,0.2392110058,0.6749224001
-104.5000000000,69.5000000000,0.0823267322,0.2362621111,0.6814111567
-103.5000000000,69.5000000000,0.0811875468,0.2337599889,0.6850524644
-97.5000000000,69.5000000000,0.0959208697,0.2802232448,0.6238558855
-96.5000000000,69.5000000000,0.0986067991,0.3011423465,0.6002508545
-95.5000000000,69.5000000000,0.1010779448,0.3255012125,0.5734208427
-92.5000000000,69.5000000000,0.1222814915,0.4027968196,0.4749216889
-91.5000000000,69.5000000000,0.1214495024,0.4291633849,0.4493871128
-90.5000000000,69.5000000000,0.1232518550,0.4535433858,0.4232047593
-85.5000000000,69.5000000000,0.1026328963,0.5536999299,0.3436671738
-84.5000000000,69.5000000000,0.1061432584,0.5619582681,0.3318984735
-83.5000000000,69.5000000000,0.0956814781,0.5680937255,0.3362247964
-82.5000000000,69.5000000000,0.0863362244,0.5684321655,0.3452316102
-76.5000000000,69.5000000000,0.0607102876,0.4151103902,0.5241793222
-75.5000000000,69.5000000000,0.0568064761,0.3773011084,0.5658924155
-74.5000000000,69.5000000000,0.0565903335,0.3441593221,0.5992503444
-73.5000000000,69.5000000000,0.0515566392,0.3062883695,0.6421549913
-72.5000000000,69.5000000000,0.0461401652,0.2755634676,0.6782963672
-71.5000000000,69.5000000000,0.0421568098,0.2455500413,0.7122931489
-70.5000000000,69.5000000000,0.0342561715,0.2150174840,0.7507263446
-69.5000000000,69.5000000000,0.0373500614,0.1970192047,0.7656307339
-68.5000000000,69.5000000000,0.0363969014,0.1830188720,0.7805842266
-165.5000000000,68.5000000000,0.0467495439,0.2668100406,0.6864404155
-164.5000000000,68.5000000000,0.0480228232,0.2809541978,0.6710229789
-163.5000000000,68.5000000000,0.0562905471,0.2999397426,0.6437697104
-162.5000000000,68.5000000000,0.0631710383,0.3197269003,0.6171020614
-161.5000000000,68.5000000000,0.0635563762,0.3363479261,0.6000956977
-160.5000000000,68.5000000000,0.0712659097,0.3415027245,0.5872313658
-159.5000000000,68.5000000000,0.0690691289,0.3343644019,0.5965664692
-158.5000000000,68.5000000000,0.0744696011,0.3318860273,0.5936443717
-157.5000000000,68.5000000000,0.0817927087,0.3421295727,0.5760777186
-156.5000000000,68.5000000000,0.0863938507,0.3841134693,0.5294926800
-155.5000000000,68.5000000000,0.1069868331,0.4286514430,0.4643617239
-154.5000000000,68.5000000000,0.1265191338,0.4660934262,0.4073874400
-153.5000000000,68.5000000000,0.1365575658,0.4777483777,0.3856940566
-152.5000000000,68.5000000000,0.1384957574,0.4677340856,0.3937701570
-151.5000000000,68.5000000000,0.1353309647,0.4437899030,0.4208791323
-150.5000000000,68.5000000000,0.1265575454,0.4076995535,0.4657429011
-149.5000000000,68.5000000000,0.1151150366,0.3771475199,0.5077374435
-148.5000000000,68.5000000000,0.1499301392,0.3923213190,0.4577485418
-147.5000000000,68.5000000000,0.1841042226,0.4072072776,0.4086884998
-146.5000000000,68.5000000000,0.1826385642,0.4199731201,0.3973883156
-145.5000000000,68.5000000000,0.2014772461,0.4337318723,0.3647908816
-144.5000000000,68.5000000000,0.2140999659,0.4442863828,0.3416136512
-143.5000000000,68.5000000000,0.2146977825,0.4459980990,0.3393041185
-142.5000000000,68.5000000000,0.1829723551,0.4530414885,0.3639861564
-141.5000000000,68.5000000000,0.1646668324,0.4570191215,0.3783140461
-140.5000000000,68.5000000000,0.1436153521,0.4657454760,0.3906391719
-139.5000000000,68.5000000000,0.1319778485,0.4724297847,0.3955923668
-138.5000000000,68.5000000000,0.1317291483,0.4867104081,0.3815604436
-137.5000000000,68.5000000000,0.1373507275,0.5310338462,0.3316154263
-136.5000000000,68.5000000000,0.1460190498,0.5790586635,0.2749222867
-135.5000000000,68.5000000000,0.1561704815,0.6184593591,0.2253701595
-134.5000000000,68.5000000000,0.1733021643,0.6407889970,0.1859088386
-133.5000000000,68.5000000000,0.1900954953,0.6502646063,0.1596398984
-132.5000000000,68.5000000000,0.1958346932,0.6467391236,0.1574261832
-131.5000000000,68.5000000000,0.2017734397,0.6389420005,0.1592845598
-130.5000000000,68.5000000000,0.1987444107,0.6367551323,0.1645004569
-129.5000000000,68.5000000000,0.2033965100,0.6296931579,0.1669103321
-128.5000000000,68.5000000000,0.2079543795,0.6229208046,0.1691248159
-127.5000000000,68.5000000000,0.2156804341,0.6105875392,0.1737320267
-126.5000000000,68.5000000000,0.2146820537,0.6003108857,0.1850070606
-125.5000000000,68.5000000000,0.2139391697,0.5839162208,0.2021446095
-124.5000000000,68.5000000000,0.2080883580,0.5611327076,0.2307789345
-123.5000000000,68.5000000000,0.2018034431,0.5282438141,0.2699527428
-122.5000000000,68.5000000000,0.1862179100,0.4880498002,0.3257322898
-121.5000000000,68.5000000000,0.1829671170,0.4404407900,0.3765920930
-120.5000000000,68.5000000000,0.1654815178,0.4067818712,0.4277366109
-119.5000000000,68.5000000000,0.1506431902,0.3809722822,0.4683845275
-118.5000000000,68.5000000000,0.1304218924,0.3613418811,0.5082362265
-117.5000000000,68.5000000000,0.1188826176,0.3474895327,0.5336278497
-116.5000000000,68.5000000000,0.1109638300,0.3377787372,0.5512574328
-115.5000000000,68.5000000000,0.1054111079,0.3300186703,0.5645702218
-114.5000000000,68.5000000000,0.1091762518,0.3201902832,0.5706334650
-112.5000000000,68.5000000000,0.1172347314,0.2891524063,0.5936128623
-107.5000000000,68.5000000000,0.1010012910,0.2555378830,0.6434608259
-105.5000000000,68.5000000000,0.0905906230,0.2462727802,0.6631365968
-104.5000000000,68.5000000000,0.0864818144,0.2396000825,0.6739181031
-97.5000000000,68.5000000000,0.1062781352,0.2772057425,0.6165161223
-96.5000000000,68.5000000000,0.1112263790,0.2995040254,0.5892695956
-93.5000000000,68.5000000000,0.1274623708,0.3692770476,0.5032605817
-92.5000000000,68.5000000000,0.1362259441,0.3916147790,0.4721592768
-91.5000000000,68.5000000000,0.1440216595,0.4127947522,0.4431835882
-89.5000000000,68.5000000000,0.1401754402,0.4552343588,0.4045902010
-88.5000000000,68.5000000000,0.1397729557,0.4755840037,0.3846430406
-85.5000000000,68.5000000000,0.1254808408,0.5224610165,0.3520581427
-84.5000000000,68.5000000000,0.1204764033,0.5289455487,0.3505780480
-83.5000000000,68.5000000000,0.1121253935,0.5338786035,0.3539960030
-73.5000000000,68.5000000000,0.0507907427,0.2990366740,0.6501725833
-72.5000000000,68.5000000000,0.0483877372,0.2721207054,0.6794915574
-71.5000000000,68.5000000000,0.0443189822,0.2436319118,0.7120491059
-70.5000000000,68.5000000000,0.0413105120,0.2181494515,0.7405400365
-69.5000000000,68.5000000000,0.0391909660,0.1986261530,0.7621828811
-68.5000000000,68.5000000000,0.0327694455,0.1820665740,0.7851639805
-163.5000000000,67.5000000000,0.0510868309,0.3159143229,0.6329988462
-162.5000000000,67.5000000000,0.0522068902,0.3397977137,0.6079953961
-161.5000000000,67.5000000000,0.0647804604,0.3684741924,0.5667453472
-160.5000000000,67.5000000000,0.0670635160,0.3884380759,0.5444984081
-159.5000000000,67.5000000000,0.0738868656,0.3978836543,0.5282294801
-158.5000000000,67.5000000000,0.0850399513,0.4149316748,0.5000283739
-157.5000000000,67.5000000000,0.1015394990,0.4429682498,0.4554922512
-156.5000000000,67.5000000000,0.1279333629,0.4790838337,0.3929828034
-155.5000000000,67.5000000000,0.1602036420,0.5057346780,0.3340616800
-154.5000000000,67.5000000000,0.1915768740,0.5272514030,0.2811717230
-153.5000000000,67.5000000000,0.1845648851,0.5402288774,0.2752062374
-152.5000000000,67.5000000000,0.1962085213,0.5244690271,0.2793224516
-151.5000000000,67.5000000000,0.1840715533,0.5086721835,0.3072562632
-150.5000000000,67.5000000000,0.1705826577,0.4842778429,0.3451394995
-149.5000000000,67.5000000000,0.1694371256,0.4666982831,0.3638645914
-148.5000000000,67.5000000000,0.1727905665,0.4770494234,0.3501600102
-147.5000000000,67.5000000000,0.2025826884,0.4837995279,0.3136177837
-146.5000000000,67.5000000000,0.2040745164,0.4956988918,0.3002265917
-145.5000000000,67.5000000000,0.2189429955,0.4958196668,0.2852373377
-144.5000000000,67.5000000000,0.2202944719,0.4905585521,0.2891469760
-143.5000000000,67.5000000000,0.2168755980,0.4776793224,0.3054450796
-142.5000000000,67.5000000000,0.1999704678,0.4657489929,0.3342805393
-141.5000000000,67.5000000000,0.1767900187,0.4563791593,0.3668308220
-140.5000000000,67.5000000000,0.1556736661,0.4503162428,0.3940100911
-139.5000000000,67.5000000000,0.1372053037,0.4590613829,0.4037333134
-138.5000000000,67.5000000000,0.1370357832,0.4828541529,0.3801100639
-137.5000000000,67.5000000000,0.1593123548,0.5223482332,0.3183394120
-136.5000000000,67.5000000000,0.1977501469,0.5552625020,0.2469873511
-135.5000000000,67.5000000000,0.1941309084,0.5986346758,0.2072344159
-134.5000000000,67.5000000000,0.1960038943,0.6242553998,0.1797407059
-133.5000000000,67.5000000000,0.2129591854,0.6266708081,0.1603700066
-132.5000000000,67.5000000000,0.2259396210,0.6170293052,0.1570310738
-131.5000000000,67.5000000000,0.2184532535,0.6168993655,0.1646473810
-130.5000000000,67.5000000000,0.2251922283,0.6085304586,0.1662773131
-129.5000000000,67.5000000000,0.2275963329,0.6016489857,0.1707546815
-128.5000000000,67.5000000000,0.2396612822,0.5887614682,0.1715772496
-127.5000000000,67.5000000000,0.2481062131,0.5791643737,0.1727294133
-126.5000000000,67.5000000000,0.2523309206,0.5669013288,0.1807677506
-125.5000000000,67.5000000000,0.2475705273,0.5535524878,0.1988769849
-124.5000000000,67.5000000000,0.2402946369,0.5334557757,0.2262495874
-123.5000000000,67.5000000000,0.2286737112,0.5065177800,0.2648085088
-122.5000000000,67.5000000000,0.2139670995,0.4742060410,0.3118268595
-121.5000000000,67.5000000000,0.2067616461,0.4438698254,0.3493685285
-120.5000000000,67.5000000000,0.1918473130,0.4235130323,0.3846396547
-119.5000000000,67.5000000000,0.1806544167,0.4056890905,0.4136564928
-118.5000000000,67.5000000000,0.1719221966,0.3931440706,0.4349337328
-117.5000000000,67.5000000000,0.1557807856,0.3881035796,0.4561156348
-116.5000000000,67.5000000000,0.1469129266,0.3841704644,0.4689166089
-115.5000000000,67.5000000000,0.1389327756,0.3802003594,0.4808668650
-114.5000000000,67.5000000000,0.1520935411,0.3679225100,0.4799839489
-113.5000000000,67.5000000000,0.1613271737,0.3556028158,0.4830700105
-112.5000000000,67.5000000000,0.1627062276,0.3375909684,0.4997028040
-111.5000000000,67.5000000000,0.1561643970,0.3234471332,0.5203884699
-110.5000000000,67.5000000000,0.1486015239,0.3125308500,0.5388676262
-109.5000000000,67.5000000000,0.1375096727,0.2977939149,0.5646964125
-107.5000000000,67.5000000000,0.1145889950,0.2731559709,0.6122550340
-106.5000000000,67.5000000000,0.1067751297,0.2625145203,0.6307103500
-105.5000000000,67.5000000000,0.0991833242,0.2538500354,0.6469666405
-104.5000000000,67.5000000000,0.0928265414,0.2426721781,0.6645012805
-103.5000000000,67.5000000000,0.0896088979,0.2300612983,0.6803298037
-102.5000000000,67.5000000000,0.0887831480,0.2216469765,0.6895698754
-101.5000000000,67.5000000000,0.0913752219,0.2189375949,0.6896871832
-100.5000000000,67.5000000000,0.0965142008,0.2221786910,0.6813071081
-99.5000000000,67.5000000000,0.1027619516,0.2328834077,0.6643546407
-98.5000000000,67.5000000000,0.1106743970,0.2502701072,0.6390554958
-97.5000000000,67.5000000000,0.1190796817,0.2701442273,0.6107760910
-96.5000000000,67.5000000000,0.1251799188,0.2940016111,0.5808184701
-94.5000000000,67.5000000000,0.1468609255,0.3371490135,0.5159900610
-93.5000000000,67.5000000000,0.1531946038,0.3603440562,0.4864613400
-92.5000000000,67.5000000000,0.1667324762,0.3813125745,0.4519549493
-91.5000000000,67.5000000000,0.1636726472,0.3983874046,0.4379399482
-90.5000000000,67.5000000000,0.1724262313,0.4139364137,0.4136373549
-89.5000000000,67.5000000000,0.1674530661,0.4320014097,0.4005455241
-88.5000000000,67.5000000000,0.1679118134,0.4467976527,0.3852905339
-85.5000000000,67.5000000000,0.1476419319,0.4857176848,0.3666403833
-84.5000000000,67.5000000000,0.1381791992,0.4898824062,0.3719383946
-83.5000000000,67.5000000000,0.1281234269,0.4960914195,0.3757851536
-82.5000000000,67.5000000000,0.1187425704,0.4918396451,0.3894177845
-81.5000000000,67.5000000000,0.1074376987,0.4826429362,0.4099193651
-76.5000000000,67.5000000000,0.0743768029,0.3724984224,0.5531247747
-75.5000000000,67.5000000000,0.0685734372,0.3499196928,0.5815068700
-71.5000000000,67.5000000000,0.0469651204,0.2440718763,0.7089630033
-70.5000000000,67.5000000000,0.0439451332,0.2210702302,0.7349846366
-69.5000000000,67.5000000000,0.0439878212,0.2038050853,0.7522070935
-68.5000000000,67.5000000000,0.0452408316,0.1928900825,0.7618690859
-67.5000000000,67.5000000000,0.0497252360,0.1849232228,0.7653515412
-66.5000000000,67.5000000000,0.0597418373,0.1821202429,0.7581379198
-65.5000000000,67.5000000000,0.0584149820,0.1783802602,0.7632047578
-64.5000000000,67.5000000000,0.0518989582,0.1771646611,0.7709363807
-164.5000000000,66.5000000000,0.0468206815,0.2993956847,0.6537836338
-160.5000000000,66.5000000000,0.0640502989,0.4177039878,0.5182457133
-159.5000000000,66.5000000000,0.0730387876,0.4437859220,0.4831752904
-158.5000000000,66.5000000000,0.0853973102,0.4786251704,0.4359775194
-157.5000000000,66.5000000000,0.1083480248,0.5193469639,0.3723050114
-156.5000000000,66.5000000000,0.1360830728,0.5486759646,0.3152409627
-155.5000000000,66.5000000000,0.1482861486,0.5666938027,0.2850200487
-154.5000000000,66.5000000000,0.1782083042,0.5763638648,0.2454278310
-153.5000000000,66.5000000000,0.1922855866,0.5752546382,0.2324597752
-152.5000000000,66.5000000000,0.2026073277,0.5625264381,0.2348662342
-151.5000000000,66.5000000000,0.2101880307,0.5463838813,0.2434280880
-150.5000000000,66.5000000000,0.2277313905,0.5273501825,0.2449184270
-149.5000000000,66.5000000000,0.2254520642,0.5264288037,0.2481191321
-148.5000000000,66.5000000000,0.2156355216,0.5408202821,0.2435441964
-147.5000000000,66.5000000000,0.2255270183,0.5486132065,0.2258597751
-146.5000000000,66.5000000000,0.2247329339,0.5490851355,0.2261819306
-145.5000000000,66.5000000000,0.2313151620,0.5432981792,0.2253866588
-144.5000000000,66.5000000000,0.2353494511,0.5206410185,0.2440095305
-143.5000000000,66.5000000000,0.2394470220,0.4942543047,0.2662986733
-142.5000000000,66.5000000000,0.2229594079,0.4737236412,0.3033169509
-141.5000000000,66.5000000000,0.2101953109,0.4540794898,0.3357251993
-140.5000000000,66.5000000000,0.1909942645,0.4469060344,0.3620997011
-139.5000000000,66.5000000000,0.1706531637,0.4523491256,0.3769977107
-138.5000000000,66.5000000000,0.1592961075,0.4754423672,0.3652615253
-137.5000000000,66.5000000000,0.1770061428,0.5118435892,0.3111502680
-136.5000000000,66.5000000000,0.2104104888,0.5432817111,0.2463078000
-135.5000000000,66.5000000000,0.2309791872,0.5717299196,0.1972908932
-134.5000000000,66.5000000000,0.2402534189,0.5853846044,0.1743619767
-133.5000000000,66.5000000000,0.2345233339,0.5986260912,0.1668505749
-132.5000000000,66.5000000000,0.2412107933,0.5907128186,0.1680763881
-131.5000000000,66.5000000000,0.2425704209,0.5838194147,0.1736101643
-130.5000000000,66.5000000000,0.2390093107,0.5784139711,0.1825767183
-129.5000000000,66.5000000000,0.2444148216,0.5669155838,0.1886695947
-128.5000000000,66.5000000000,0.2575967182,0.5552681008,0.1871351810
-127.5000000000,66.5000000000,0.2691855834,0.5471414499,0.1836729666
-126.5000000000,66.5000000000,0.2781845358,0.5368898745,0.1849255897
-125.5000000000,66.5000000000,0.2840341628,0.5171736226,0.1987922146
-124.5000000000,66.5000000000,0.2717346569,0.4974300904,0.2308352527
-123.5000000000,66.5000000000,0.2579145459,0.4785129901,0.2635724640
-122.5000000000,66.5000000000,0.2361041806,0.4635158331,0.3003799863
-121.5000000000,66.5000000000,0.2242713048,0.4427148819,0.3330138132
-120.5000000000,66.5000000000,0.2154875645,0.4289927789,0.3555196566
-119.5000000000,66.5000000000,0.2189539925,0.4174818392,0.3635641683
-118.5000000000,66.5000000000,0.2156861157,0.4150655310,0.3692483533
-117.5000000000,66.5000000000,0.2008055974,0.4166425490,0.3825518536
-116.5000000000,66.5000000000,0.2063338195,0.4149188608,0.3787473197
-115.5000000000,66.5000000000,0.2104159157,0.4137252303,0.3758588541
-114.5000000000,66.5000000000,0.2141666354,0.4073441590,0.3784892055
-113.5000000000,66.5000000000,0.2148863669,0.3952160303,0.3898976028
-112.5000000000,66.5000000000,0.2122123654,0.3761169942,0.4116706404
-111.5000000000,66.5000000000,0.2041807918,0.3587380558,0.4370811524
-110.5000000000,66.5000000000,0.1867018460,0.3439399191,0.4693582349
-109.5000000000,66.5000000000,0.1667119823,0.3263360916,0.5069519261
-108.5000000000,66.5000000000,0.1569666448,0.3054393982,0.5375939571
-107.5000000000,66.5000000000,0.1268826904,0.2894558022,0.5836615074
-106.5000000000,66.5000000000,0.1215059979,0.2739324354,0.6045615668
-105.5000000000,66.5000000000,0.1129340787,0.2604712614,0.6265946600
-104.5000000000,66.5000000000,0.1046459743,0.2464444984,0.6489095273
-103.5000000000,66.5000000000,0.0998726802,0.2286422090,0.6714851108
-102.5000000000,66.5000000000,0.0981489042,0.2145768749,0.6872742209
-101.5000000000,66.5000000000,0.1005440479,0.2081972183,0.6912587338
-100.5000000000,66.5000000000,0.1078311816,0.2116109061,0.6805579123
-99.5000000000,66.5000000000,0.1170252887,0.2243267672,0.6586479441
-98.5000000000,66.5000000000,0.1287911936,0.2434251978,0.6277836086
-97.5000000000,66.5000000000,0.1397433072,0.2634647617,0.5967919311
-96.5000000000,66.5000000000,0.1506525384,0.2871735608,0.5621739009
-95.5000000000,66.5000000000,0.1618956390,0.3113645116,0.5267398495
-94.5000000000,66.5000000000,0.1814015303,0.3306980992,0.4879003706
-93.5000000000,66.5000000000,0.1875966649,0.3482739145,0.4641294205
-92.5000000000,66.5000000000,0.1936588910,0.3658646326,0.4404764763
-91.5000000000,66.5000000000,0.1924629271,0.3809215579,0.4266155150
-90.5000000000,66.5000000000,0.2037929429,0.3925403736,0.4036666834
-89.5000000000,66.5000000000,0.1935026854,0.4101224421,0.3963748725
-88.5000000000,66.5000000000,0.1924001144,0.4247713610,0.3828285246
-87.5000000000,66.5000000000,0.1776170272,0.4402745781,0.3821083947
-84.5000000000,66.5000000000,0.1510822703,0.4600353231,0.3888824066
-83.5000000000,66.5000000000,0.1398376488,0.4629312233,0.3972311279
-73.5000000000,66.5000000000,0.0650263466,0.2950878211,0.6398858323
-72.5000000000,66.5000000000,0.0594230382,0.2712463495,0.6693306123
-71.5000000000,66.5000000000,0.0542568018,0.2482004017,0.6975427965
-70.5000000000,66.5000000000,0.0500789876,0.2290785066,0.7208425058
-69.5000000000,66.5000000000,0.0467731508,0.2107468321,0.7424800171
-68.5000000000,66.5000000000,0.0466991574,0.1971379785,0.7561628641
-67.5000000000,66.5000000000,0.0460385056,0.1878392128,0.7661222816
-66.5000000000,66.5000000000,0.0517394043,0.1837180790,0.7645425167
-65.5000000000,66.5000000000,0.0493877630,0.1781987844,0.7724134526
-64.5000000000,66.5000000000,0.0718749913,0.1855615897,0.7425634190
-63.5000000000,66.5000000000,0.0783050779,0.1916905149,0.7300044072
-62.5000000000,66.5000000000,0.0866647132,0.1993392331,0.7139960538
-167.5000000000,65.5000000000,0.0427049611,0.2322693275,0.7250257113
-166.5000000000,65.5000000000,0.0439434899,0.2533687942,0.7026877159
-165.5000000000,65.5000000000,0.0491926161,0.2795552229,0.6712521611
-164.5000000000,65.5000000000,0.0506584990,0.3029009389,0.6464405622
-163.5000000000,65.5000000000,0.0545959130,0.3322453950,0.6131586919
-162.5000000000,65.5000000000,0.0560193544,0.3598732002,0.5841074453
-161.5000000000,65.5000000000,0.0671063656,0.3988669646,0.5340266698
-160.5000000000,65.5000000000,0.0743376390,0.4363781952,0.4892841658
-159.5000000000,65.5000000000,0.0838218744,0.4717564277,0.4444216979
-158.5000000000,65.5000000000,0.1001885942,0.5100878094,0.3897235963
-157.5000000000,65.5000000000,0.1140421521,0.5473580574,0.3385997905
-156.5000000000,65.5000000000,0.1376393205,0.5736393042,0.2887213754
-155.5000000000,65.5000000000,0.1699618057,0.5827649991,0.2472731953
-154.5000000000,65.5000000000,0.2070429420,0.5794309397,0.2135261184
-153.5000000000,65.5000000000,0.2401300142,0.5676132445,0.1922567412
-152.5000000000,65.5000000000,0.2670981085,0.5514178421,0.1814840494
-151.5000000000,65.5000000000,0.2726549807,0.5446233539,0.1827216655
-150.5000000000,65.5000000000,0.2605814391,0.5510083685,0.1884101924
-149.5000000000,65.5000000000,0.2689584205,0.5503026623,0.1807389172
